Route #1: 110 71 243 10 114 201 287 82 185 267 29 183 146 62 126 225
Route #2: 26 99 208 60 3 270 222 66 171 42 210
Route #3: 155 283 227 15 280 261 219 51 296 295 167 113 131 40 236 182 196 259 216
Route #4: 92 278 226 273 205 150 213 139 57 156 181 118 50 262 282 165 133 238 135 7 175 138
Route #5: 6 72 97 281 112 180 260 264 128 166 275 38 144 16 9 117 197 248 203 258 186 140 268 69
Route #6: 200 64 209 240 96 2 141 4 87 55 256 188 241 159 63 14 81 217 136 286 70 39
Route #7: 288 251 65 25 23 108 58 89 151 83 179 49 158 246 85 249 11 77 124 242
Route #8: 75 265 153 257 12 59 106 235 250 8 239 202 189 231 78 152 88 120 95 271 272 198
Route #9: 145 169 161 48 1 212 190 134 94 255 274 19 244 285 293 24 56 214 43
Route #10: 184 292 176 154 123 168 115 178 20 192 187 90 206 130 21
Route #11: 157 269 233 195 211 234 45 18 218 129 137 230 102 34 160 245 28 54 125 289 252 204
Route #12: 237 84 73 121 119 67 223 30 132 104 142 199 291 147 103 277 266 143 46 91 35 193 37
Route #13: 232 105 107 80 53 279 79 207 149 194 163 172 101 44 109 27 284 127 177 228
Route #14: 31 74 164 224 263 290 162 47 173 68 220 52 174 215 247 33 98 76 148 93 116
Route #15: 61 17 229 111 22 170 254 5 122 294 32 191 86 100 13 221 253 276 41 36
Cost 162990
Time 161.357
