Route #1: 95 319 76 71 75 141 158 121 142 124 1 110 147 11 87 18 259 73 74 276 278 285 283
Route #2: 174 247 275 321 300 310 266 249 14 162 156 155 183 184 205 235 338 342 378 341 348 28
Route #3: 252 2 144 472 394 381 423 442 401 403 363 198 272 287 191 237 397 340 211 120 256 261 248 312 329 333
Route #4: 225 459 206 455 251 267 190 295 330 167 298 293 151 317 139 359 379 22 504 395 463 402 383 273
Route #5: 149 405 169 421 424 450 457 173 200 475 477 456 447 216 195 197 122 117 92 78 33 32
Route #6: 471 476 466 438 428 107 98 91 68 69 72 63 465 467 48 470 38 505 15 507 410 419 412 396 418 432
Route #7: 458 483 493 19 97 498 93 77 114 128 54 39 134 487 494 489 388 414 101 407
Route #8: 506 503 17 16 430 434 480 479 468 446 448 439 437 431 429 194 391 260 168 70 389 108 187 29
Route #9: 171 365 133 393 420 49 236 104 209 35 150 294 460 416 56 27 154 496 204 100 253
Route #10: 452 220 308 364 406 404 413 411 132 119 25 62 125 433 58 384 131 372
Route #11: 81 274 127 148 86 46 31 454 13 257 328 375 228 326 223 10 339 382 20 82 88 12 9 23 268 254
Route #12: 427 186 334 368 373 130 399 34 213 182 323 118 318 322 102 222 172 481 113 21
Route #13: 175 203 353 66 59 153 422 231 263 90 212 497 229 170 207 199 230 85 232 219
Route #14: 500 189 440 185 47 43 360 217 234 425 201 250 233 115 126 136 57 55 50 221 163 161 36
Route #15: 361 415 474 408 138 106 441 135 51 218 176 478 196 370 210 444 488 309 313 337 284 165 181 461
Route #16: 347 314 103 178 65 469 443 64 140 473 279 8 270 316 244 37 286 30 374 180 392 380 369
Route #17: 502 484 344 7 297 214 356 111 302 451 303 112 366 499 485 109 371 255 336 331 482 188 215 145 390 495 166
Route #18: 226 282 387 377 409 398 301 289 84 292 271 246 367 376 352 290 288 277 258
Route #19: 40 490 345 53 453 445 486 240 238 264 123 179 464 325 5 349 192 462
Route #20: 417 304 335 83 224 327 491 241 89 346 80 320 79 60 311 354 324 343 307 44 99 4 355 492 52 436 306
Route #21: 350 193 269 42 159 129 426 357 305 157 239 202 449 281 291 146 242 3 262 501
Route #22: 105 164 152 177 143 24 332 362 315 243 358 245 351 26 41 400 299 280 296
Route #23: 435 67 386 385 45 6 116 265 227 61 96 94 160 208 137
Cost 234038
Time 1354.83
