Route #1: 17 78 9 34 36 305 302 7 6 292 288
Route #2: 311 289 297 21 35 25 310 13 15 24 269 264 285 283 276
Route #3: 278 260 252 282 304 296 268 312 10 8 11 5 14 234 19 183 244 251
Route #4: 309 238 233 237 242 235 204 214 265 256 195 199 154 209 223 197 50
Route #5: 218 12 18 161 167 175 213 232 226 240 303 228 177 198 192 274 227 236 306 243
Route #6: 291 281 263 172 194 215 206 203 180 221 169 130 145 118 148 147 84
Route #7: 4 37 248 23 212 97 16 126 298 98 90 290 59 258 266 267 152 187 188 189 185
Route #8: 131 155 160 166 157 207 136 144 224 229 150 225 170 171 176 184 220 205 253
Route #9: 174 178 222 259 120 121 239 91 249 116 110 275 279 128 101 139 313 165 217
Route #10: 32 51 62 93 151 96 100 193 210 140 156 168 159 133 179 191 182 129 141 127
Route #11: 186 245 69 270 293 196 200 181 30 250 122 43 113 111 58 42 45 41 53 81 83 73
Route #12: 89 273 287 26 88 106 86 76 67 94 115 117 95 108 92 61 68 75 56 22
Route #13: 40 72 202 103 211 254 294 301 277 149 262 230 55 299 219 284
Route #14: 272 124 104 52 307 64 66 1 27 39 308 163 190 173 246
Route #15: 71 247 99 105 28 146 44 31 63 119 54 143 57 125 49 280 208 255 112 123
Route #16: 79 153 300 261 138 137 162 29 241 271 47 102 257 74 70 201 3
Route #17: 231 134 135 295 60 80 109 142 216 2 33 38 164 158 48 85 82 77 46
Route #18: 107 114 20 132 65 87 286
Cost 140594
Time 424.006
