Route #1: 151 138 122 96 93 77 62 102 123 125 110 142 170 124 154 45
Route #2: 243 145 155 136 265 6 235 192 187 204 178 179 188 217 168 144 161 183 182 134 232 132 164
Route #3: 94 90 254 242 184 88 147 163 219 209 227 95 222 221 113 116 115 231 238 99 104 189
Route #4: 229 36 21 20 18 85 66 12 16 44 67 27 23 82 223 70 60 49 196 195
Route #5: 174 199 205 202 260 47 215 43 216 210 208 206 212 198 244 249 218 220 214 211 197 181 177
Route #6: 7 236 228 230 207 252 250 255 259 256 257 5 2 246 240 33 38 37 266 14 10 4 264
Route #7: 172 200 25 258 261 9 22 52 56 247 245 40 117 213 224 166 15 13 48 71
Route #8: 171 237 109 194 169 137 176 152 131 128 135 173 103 26 41 58 111 101 148 86 153 1
Route #9: 253 251 54 46 35 32 100 157 55 61 28 3 11 139 31 78 191 79 225 234 39
Route #10: 19 186 89 133 180 126 50 130 119 175 91 8 51 146 129 83 68 42 114 80 239 108
Route #11: 34 150 87 185 76 24 160 120 149 17 141 162 190 74
Route #12: 140 29 127 107 167 143 159 156 203 226 262 73 201 165 193
Route #13: 263 65 233 241 59 248 118 57 106 121 158 53 69 63 64 92 30 112 72 75 84 105 98 97 81
Cost 127437
Time 314.628
