Route #1: 209 171 123 120 214 189 191 175 166 158 159 119 204 216 211 199 178 179 220 132 103 168 170 182 92
Route #2: 271 183 48 201 202 197 181 109 81 84 85 66 77 82 86 69 49 160 157 135
Route #3: 83 111 116 172 200 208 131 95 118 313 106 97 177 184 186 195 145 125 295 12 18 112 19
Route #4: 251 62 51 286 266 146 144 136 133 280 126 284 273 121 257 240 221 227 244 246 242
Route #5: 237 229 225 241 297 276 277 258 259 264 263 98 243 233 238 239 224 291 219 303 173 190 176
Route #6: 6 5 254 281 287 301 302 294 30 268 3 260 247 236 232 253 13 255 245 311 312 230
Route #7: 272 304 22 31 50 46 24 29 73 309 52 292 26 279 285 283 267 249 231 226 213 215
Route #8: 288 265 207 307 60 63 108 90 78 71 80 70 4 261 223 228 250 161 310 308 99 193 7
Route #9: 32 148 130 137 45 34 33 39 296 274 256 218 169 28 8 9 269 43 57 293 55 289 290 42 17
Route #10: 140 1 41 270 139 61 150 117 165 107 74 298 212 101 113 299 72 187 217 164 100
Route #11: 59 2 96 235 206 40 16 188 282 25 153 156 275 11 180 210 102 167 248 44 64 278 300
Route #12: 38 23 76 37 203 192 124 93 67 89 234 27 53 185 56 205 15 87 75
Route #13: 54 151 155 152 163 162 306 88 10 14 79 47 58 36 196 91 115 122 21 154 149 129 127
Route #14: 141 143 174 35 110 65 68 94 105 114 194 198 142 138 20 134 104 147 305 262 252 128 222
Cost 139055
Time 456.593
