Route #1: 66 136 40 149 11 190 210 211 243 185 165 159 297 298 107 83 127 302 150
Route #2: 117 216 46 269 114 29 26 262 4 206 304 212 30 49 76 97 34 74 2
Route #3: 134 261 52 64 32 278 254 260 281 35 20 321 316 80 16 115 85 48 27
Route #4: 42 108 77 24 94 253 218 101 102 143 207 124 82 161 205 237 47 301 25 28 105 67 43
Route #5: 51 111 264 153 156 146 160 44 277 268 259 195 283 174 37 38 123 39 122 53 56 57 62
Route #6: 50 55 54 72 71 78 88 87 100 167 130 140 138 129 106 112 113 86 103 93 95 79 70 73 68
Route #7: 92 148 152 137 170 171 169 91 99 180 182 168 131 132 155 135 142 141 145 81
Route #8: 312 232 204 282 176 1 307 309 65 294 292 308 286 276 45 217 329
Route #9: 192 203 151 157 164 158 166 175 177 194 220 183 179 228 144 224 162 163 133 128 75
Route #10: 197 223 139 226 244 90 89 229 258 116 287 285 109 279 266 104 236
Route #11: 126 202 257 110 118 119 58 121 147 284 181 186 242 178 241 189 231 234
Route #12: 230 252 173 209 196 184 198 221 201 265 222 200 188 191 199 219 270
Route #13: 213 193 172 154 120 17 98 96 125 255 256 60 63 59 325 240 208 215 13 8 331 332
Route #14: 271 296 291 238 247 322 328 246 235 248 293 288 233 239 249 311 306
Route #15: 274 330 3 5 225 12 6 9 245 18 214 7 14 227 250 326 319 263 280
Route #16: 10 267 21 22 187 84 61 272 275 23 19 15 33 31 69 41 295 315 289 273
Route #17: 327 323 320 314 310 290 303 251 36 318 305 317 313 299 300 324
Cost 122598
Time 453.46
