Route #1: 91 70 191 245 198 111 190 263 299 252 226 248
Route #2: 17 64 159 54 283 18 23 266 251 131 14 223 68 10 216
Route #3: 108 217 232 96 2 213 257 71 188 205 178 171 277 25
Route #4: 193 98 207 262 274 116 287 130 203 28 135 200 204 36 106 269 29 224 256 82 264
Route #5: 268 19 78 288 219 235 90 35 4 253 133 86 102 6 151 298 124 177 58 146 228 265 182 240
Route #6: 110 275 230 209 267 1 145 211 115 297 293 51 79 8 199 49 254 294 77 76 239 285 238
Route #7: 279 60 164 220 138 142 136 214 152 97 39 15 42 57 249 272 153 101 89 144 32 84 31
Route #8: 241 16 95 127 280 41 80 281 117 258 147 167 290 197 59 225 105 192 189 119 247
Route #9: 112 121 210 244 88 69 122 218 125 208 103 81 129
Route #10: 289 201 231 85 292 196 271 296 137 166 195 61 38 44 46 273 126 9 33 123 206 221 154
Route #11: 276 11 63 20 53 65 47 284 21 12 118 148 161 92 48 141 140 160 52 104 30
Route #12: 291 50 7 27 26 139 278 157 45 74 87 73 120 67 75 66 62 34 43 185 184 181
Route #13: 168 255 149 170 132 37 99 3 22 187 114 107 94 270 113 93 40 128 56 162 173
Route #14: 260 143 242 259 250 5 169 186 202 229 13 236 109 24 295 282 83 155 286 100 55 234 150
Route #15: 163 179 180 183 261 176 134 158 172 165 227 174 212 246 243 215 175 233 222 237 194 72 156
Cost 113671
Time 1002.68
