Route #1: 74 84 254 286 283 279 303 17 43 32 59 38 33 34 288 271 14 7 294
Route #2: 272 304 278 257 262 12 18 24 29 273 232 23 218 183 128 19 109 213 220 13 11 199
Route #3: 295 289 185 184 216 234 231 269 270 285 306 219 245 243 299 224 302 212 291
Route #4: 188 161 267 268 266 148 132 123 129 9 171 20 241 133 36 35 230 37 221 229 67 44 97 39
Route #5: 290 305 293 287 242 26 31 15 198 200 251 248 249 252 250 253 307 160 274 181 105 203 211 228 284
Route #6: 167 176 142 189 191 190 187 204 196 195 153 192 201 156 155 169 186 238 258 297
Route #7: 239 168 202 197 177 111 164 143 145 144 154 166 170 157 102 151 146 130 115 83 117
Route #8: 209 172 259 240 260 264 263 60 88 126 124 125 136 255 137 174 214 210 208 173 165
Route #9: 63 95 42 101 87 108 99 158 159 163 182 222 235 236 292 207 206 127 175 152 131 104
Route #10: 5 57 100 265 8 55 180 226 46 246 217 114 247 244 227 49 280 139 140 65 66
Route #11: 276 275 261 73 89 93 92 103 76 91 80 41 51 1 300 45 25 225
Route #12: 30 70 96 141 69 52 58 62 120 61 64 77 79 86 112 68 106 237
Route #13: 223 85 6 107 98 178 3 134 135 162 179 301 113 54 72 122 10 50 147 28 233 116
Route #14: 78 110 16 27 281 256 81 21 4 298 296 47 205 194 56 71 2
Route #15: 118 150 282 277 40 75 94 82 53 149 215 193 138 121 119 22 90 48
Cost 110327
Time 724.431
