Route #1: 137 140 110 98 122 141 60 4 24 112 111 130 249 17 15 80 52 26 95
Route #2: 68 229 99 223 149 133 152 49 165 85 58 138 84 117 94 71 66 48 51 45
Route #3: 62 50 23 72 69 97 79 205 127 70 254 61 136 128 118 166 160 91 44 76 228
Route #4: 47 55 46 201 126 224 6 161 121 54 78 159 32 219 5 1 2 34 21 150 30 147 206
Route #5: 164 134 211 239 244 153 42 158 168 81 123 31 92 56 35 235 41 253 86 43
Route #6: 38 139 257 33 40 173 108 246 252 250 240 25 16 29 37 263 259 247 261 255 8 103
Route #7: 3 114 59 113 186 179 191 182 189 202 213 200 212 181 197 177 180 172 187
Route #8: 167 226 243 225 178 198 199 218 214 251 207 193 196 260 195 169 204 234 242 258 241 236 231 245 12 209 188 184
Route #9: 176 208 190 203 248 237 233 18 10 13 9 194 262 145 215 124 129 144 216 28 125
Route #10: 192 146 88 142 174 89 217 73 74 75 27 22 20 19 53 256 39 232 11
Route #11: 185 7 238 57 87 230 104 100 96 221 106 171 154 64 67 131 132 135 163 93 222 227 102 90 210 220
Route #12: 155 36 175 116 120 162 183 148 151 105 143 107 14 170 109 83 101 115 82 63 65 77 119 157 156
Cost 131608
Time 619.256
