Route #1: 417 141 124 422 101 325 314 260 7 254 149 312 60 201 8 418 400 114
Route #2: 379 386 31 107 137 194 227 375 387 295 142 14 179 181 77
Route #3: 376 347 215 352 143 75 284 259 43 73 85 238 128 173 13 16 317 209 191
Route #4: 23 190 105 58 256 116 64 163 154 28 175 69 174 426 395 51 63 290 319 405
Route #5: 53 90 370 278 289 292 349 96 410 381 268 171 68
Route #6: 204 11 348 274 266 222 103 88 271 15 402 307 309 298 34 258 41
Route #7: 341 33 324 200 270 408 264 389 24 398 156 251 221 148 322 234 416
Route #8: 403 374 19 305 93 394 150 118 187 339 47 414 424 186 25 241 404 123
Route #9: 296 136 147 406 361 102 263 273 262 366 218 146 362 208 83 217 188 308 240 356 76 65
Route #10: 212 39 326 226 46 122 81 44 346 245 233 48 280 177 195 207 30 38 385 382 183 250
Route #11: 350 225 287 111 211 353 246 140 94 230 135 113 338
Route #12: 160 363 237 131 35 159 52 205 265 168 72 213 412 269 415 12 185 42 407
Route #13: 331 70 203 320 126 121 74 397 423 202 172 26 193 343 261
Route #14: 162 27 411 210 56 288 86 29 393 125 369 197 2 1 165 10 224 6 232 303 276 71 332
Route #15: 219 419 368 57 45 36 391 9 132 388 329 337 323 59 302 297 189 327 178 396 61
Route #16: 104 318 176 334 235 367 5 299 294 95 92 310 335 157 129 306 115 255 267 106 243 321 40 413
Route #17: 282 253 49 192 151 304 333 315 401 300 138 4 110 169 50 228
Route #18: 32 144 301 66 249 97 161 196 167 342 340 390 119 55 62 37 99 383 91 199 248
Route #19: 275 372 364 392 82 206 293 378 285 283 198 180 313 100 79 336 120 127 170 359 21
Route #20: 18 380 291 78 354 257 316 216 399 17 277 421 355 357 360 239 358 87 153 166
Route #21: 133 54 229 22 231 98 345 108 420 286
Route #22: 365 384 242 152 67 109 223 373 84 425 155 252 272 20 130 117 377 89 409 214 351
Route #23: 184 134 244 330 182 3 279 328 164 220 145 158 311 344 112 281 371 247 236 139 80
Cost 172394
Time 491.872
