Route #1: 19 65 80 460 214 472 477 245 288 382 471 405 37 423 278 5 449 177 448 221 107 136 50
Route #2: 116 242 170 163 211 248 198 217 162 128 46 251 250 259 315 310 193 233 188 145 154 331
Route #3: 121 82 256 57 102 34 291 238 22 27 91 131 101 69 111 257 389 258 191 323 168 390
Route #4: 7 247 218 280 348 374 62 117 152 166 210 158 207 223 209 178 206 204 190 194 249 175
Route #5: 359 130 340 373 306 297 332 345 393 292 132 42 197 215 230 95 246 271 138 8
Route #6: 227 299 269 54 77 12 14 23 155 135 73 120 157 74 47 268 450 15 4 3
Route #7: 466 442 475 21 56 143 304 243 200 305 129 156 192 270 328 11 119 453 105 99 430
Route #8: 263 414 106 252 237 88 322 282 219 127 51 239 164 302 254 420 262 26 30 64 161 179
Route #9: 361 406 383 411 424 418 395 402 350 344 342 363 354 351 110 43 462 415 261 295 343 341 134
Route #10: 76 72 58 52 59 148 79 213 61 93 96 97 98 437 467 463 35 39 41 438 38 40 49 28 355
Route #11: 1 434 358 20 451 435 436 417 419 397 416 396 391 385 400 399 413 421 425 426 381 176
Route #12: 473 10 17 388 398 312 432 32 31 439 36 428 48 429 441 444 443 66 71 9 33 122 60 90 53
Route #13: 347 357 349 378 377 356 364 366 407 379 469 375 16 384 18 392 474 409 365 362 360 353 433
Route #14: 370 367 459 455 461 447 446 457 456 196 465 172 171 13 24 125 408 394 86 89 25 458 445 316
Route #15: 133 45 427 371 330 440 470 352 94 368 165 334 141 153 181 195 205 454 452 226 410 225 220 236
Route #16: 83 126 137 144 146 169 202 412 231 403 235 244 314 216 44 224 228 326 339 222 232 346
Route #17: 321 300 296 294 337 277 182 311 313 318 468 118 376 380 335 333 401 301 329 266 260 189 183 201
Route #18: 464 369 476 478 372 386 29 431 422 75 404 63 199 68 267 55 92 100 103 85 87 81 78 67
Route #19: 272 338 84 123 149 147 286 281 284 174 208 142 139 140 114 112 2 160 173 212 253 285 287 327
Route #20: 387 229 317 320 308 293 186 255 109 104 6 115 124 185 113 108 150 279 298 309
Route #21: 290 274 276 273 240 265 241 151 187 325 159 289 336 324 319 307 275 70 234 203 167 184 283 264 180 303
Cost 201191
Time 744.689
