Route #1: 129 152 60 102 148 28 330 315 121 92 216 61 122 168 233 202 189 64 187
Route #2: 314 80 35 33 76 185 280 286 265 113 161 305 73 75 153 156 222 67 325
Route #3: 237 200 225 201 285 243 68 306 157 180 223 195 12 226 256 209 215 279 252 85 343
Route #4: 142 103 62 104 319 5 10 295 174 111 84 66 98 116 283
Route #5: 15 70 299 261 271 259 123 128 289 150 218 254 139 43 229 217 4 175 333
Route #6: 284 335 204 338 105 7 97 268 155 327 14 42 83 37 312 251
Route #7: 282 255 176 126 149 242 154 331 3 2 46 332 275 300 23 246 342 214 262 71 250
Route #8: 313 8 311 81 162 337 38 133 109 115 179 90 213 29 106 193 253
Route #9: 167 281 309 322 74 13 247 263 78 34 39 11 58 101 298 55
Route #10: 334 260 270 188 297 25 19 208 18 110 303 170 125
Route #11: 341 304 51 318 137 138 36 65 199 50 291 49 131 147 323 276
Route #12: 17 114 124 293 172 171 141 320 272 127 31 59
Route #13: 245 249 231 119 40 54 159 151 47 329 203 296 21 6 339 227
Route #14: 205 264 266 16 258 27 143 194 69 93 198 316 326 77 190 32 165 308 79
Route #15: 290 307 86 91 278 177 136 257 173 57 44 206 239 274 197 324 95 310 220 144 118
Route #16: 63 26 120 241 240 135 234 317 30 248 232 1 244 186 41 321 107 183 340
Route #17: 219 288 230 24 48 210 145 112 178 212 96 228 344 273
Route #18: 130 45 182 181 72 238 236 94 301 267 89 221
Route #19: 9 166 108 158 328 52 207 100 99 184 191 292 132 87 287 294 160 192 302 163
Route #20: 20 164 235 336 146 117 56 277 140 269 196 82 53 88 211 22 224 169 134
Cost 257456
Time 238.273
