Route #1: 96 454 310 315 392 393 58 197 390 203 12 105 281 480 407 178 487 183 192
Route #2: 67 107 271 285 26 252 99 11 54 260 70 65 182 62 120 131 92 126 179
Route #3: 184 117 199 218 78 473 74 429 270 73 123 100 10 8 456 18 185 477 424 430
Route #4: 357 462 366 286 283 348 97 101 306 278 402 282 431 380 61 104 93 344 464 6
Route #5: 459 365 385 294 242 86 463 29 41 450 391 470 25 38 64 428 468 453 239 443
Route #6: 458 449 143 91 484 44 488 13 309 302 350 467 363 414 220 339 254 256
Route #7: 88 153 158 155 163 164 34 432 85 397 138 72 125 144 2 324 434
Route #8: 208 81 266 59 318 28 27 180 303 305 320 20 139 219 273 329 35 421 225 475 289 264
Route #9: 405 224 3 235 71 36 4 196 206 259 79 76 122 418 241 410 275 250 248 228 149 384
Route #10: 389 359 354 375 396 413 441 333 265 401 409 404 400 408 483 381
Route #11: 84 98 166 214 352 141 48 112 21 186 121 110 57 200 177 446 491 300 485 299 247 489 22
Route #12: 15 268 261 162 321 246 215 234 417 190 174 387 169 145 193 209 377 212 263 210 33 291
Route #13: 127 1 361 244 106 128 427 113 280 476 47 168 154 124 452 425 77 176 14 116 39
Route #14: 238 42 301 111 370 150 160 351 312 9 295 287 23 262 253 233 231 213 198 187 360 322 140
Route #15: 330 317 395 437 364 376 7 406 337 367 374 32 52 82 68 457 451 314 403 80 195
Route #16: 89 373 172 394 304 95 108 159 227 223 40 161 311 466 447 216 157 19 31 189 171 229 115
Route #17: 355 307 230 296 362 356 240 274 217 211 173 201 481 479 267 460 290 326 383 465 232 433 378
Route #18: 103 251 461 474 368 369 293 346 349 276 292 334 336 335 313 243 222 255 245 416 129 56 249 130
Route #19: 167 439 388 279 134 55 331 152 94 353 137 207 191 272 135 43 472
Route #20: 478 338 132 165 202 204 411 181 288 399 50 277 323 319 372 343 308 5 382 142 146
Route #21: 340 205 423 444 412 170 419 415 226 236 448 347 87 53
Route #22: 147 436 114 237 49 136 102 63 257 188 469 435 90 422 221
Route #23: 133 386 37 438 297 455 258 175 83 316 66 327 358 16 345 420 24 298 379
Route #24: 426 118 442 60 398 440 269 471 325 332 328 371 148 284
Route #25: 151 46 75 45 342 119 109 194 490 445 30 51 17 482 69 486 341 156
Cost 243107
Time 433.398
