Route #1: 310 166 241 292 109 145 302 245 13
Route #2: 131 48 248 272 35 210 76 320 146 117 115 184 185 116 150 252 270 19 113 342 271 160
Route #3: 234 62 313 88 308 26 24 265 175 268 330 28 141 148 325 345 123 93
Route #4: 69 324 346 193 10 337 276 54 32 263 212 162 53 15
Route #5: 317 264 151 282 165 133 176 244 322 224 316 339 132 128 41 196 288
Route #6: 198 80 3 181 182 280 38 7 147 254 94 5 84 18 149 152 97
Route #7: 211 277 77 309 49 206 334 314 290 209 154 340 83 112 92 208 159
Route #8: 40 85 178 8 2 315 299 203 65 279 68 6 29 281 296 189 140 225 36 171 195 192 161 101
Route #9: 89 103 273 217 122 45 155 22 249 190 306 219 304 118 237 130 17 218
Route #10: 114 293 197 170 23 191 11 87 1 295 60 167 143 136 250 177 120 275 347 202 144
Route #11: 105 90 333 336 222 236 37 312 335 194 239 9 227 82 214 321 67 200 163 251 174 78
Route #12: 96 30 232 164 173 188 215 283 205 169 257 327 235 221 341 261 73 46 127 39 61 307 220 57
Route #13: 186 111 75 98 267 66 291 278 168 158 207 228 27 56 135 179 55
Route #14: 106 86 44 81 305 260 104 25 266 230 201 70 139 74 223 332 187 262 253 142
Route #15: 238 79 51 285 156 298 247 287 21 100 134 326 16 157 216 213 323 138
Route #16: 303 255 63 343 50 52 12 331 91 300 95 124 14 274 102 242 311
Route #17: 284 180 125 319 20 204 121 294 71 297 226 43 59
Route #18: 42 258 344 31 137 129 126 107 72 99 172 259 286 318 289 338 329 328 243
Route #19: 64 4 246 233 34 231 301 108 229 240 199 110 33 47 58 153 256 183 269 119
Cost 252398
Time 207.16
