Route #1: 58 27 205 189 173 221 192 49 156 86 13 55
Route #2: 85 66 206 64 35 157 124 216 54 118 45 30 63 9 21 123 155 179 134 107
Route #3: 164 23 98 212 130 71 101 8 128 92 148 72 91 73 26 180
Route #4: 171 78 186 207 3 174 151 90 104 19 50 33 146 15
Route #5: 82 32 198 65 129 126 158 25 37 145 150 131 57 88 133 40 181 139 184 165 74 103 29
Route #6: 12 4 5 34 193 97 137 136 16 161 1 102 7 213 112 195 199 211
Route #7: 194 202 67 153 196 208 140 217 149 121 43 223 17 105 52 176 141 10
Route #8: 138 147 108 96 81 44 69 79 36 68 166 41 172 80 51 201 162 168
Route #9: 22 142 169 215 167 197 191 224 214 220 62 143 77 38 117 200 31 218 154 42
Route #10: 182 70 178 47 2 11 6 60 204 14 53 115 99 109 89 59 170 144
Route #11: 160 122 76 127 152 203 120 163 135 18 113 183 187 100 219 48 61 188 94 75 46 56
Route #12: 125 116 39 119 84 93 114 132 83 159 177 222 209 185 106 210 20 87 95 24 111 190 110 28 175
Cost 152230
Time 184.752
