Route #1: 41 313 80 9 2 16 117 112 72 101 43 274 110 182 205 276 294 305 108
Route #2: 346 255 224 198 92 102 141 194 417 448 8 13 215 278 28 88 137 439
Route #3: 98 138 202 273 210 209 53 167 169 270 290 418 168 145 111 185 128 129 126 142 436 249 286
Route #4: 15 394 59 49 183 225 219 216 115 105 34 229 226 207 186 214 262 345 257 77 160 109
Route #5: 351 347 434 240 196 454 450 218 32 398 228 208 267 165 277 307 244
Route #6: 252 251 258 131 178 125 161 146 147 254 143 176 190 204 188 217 304 195 181 164 175 184 154 155 197 212 232 268 287 52
Route #7: 47 44 177 58 66 211 76 378 91 96 151 135 133 134 3 4 83 75 230
Route #8: 106 297 121 223 95 93 84 238 264 279 283 153 261 236 221 189 97 156 132 220 265
Route #9: 316 308 163 272 149 157 158 150 148 166 275 193 199 206 271 282 285 174 170 343 140 377 122 119 116
Route #10: 260 431 291 452 303 21 357 388 440 179 421 375 213 203 367 406 200 162 397 180 171 379
Route #11: 231 234 235 237 295 263 266 281 1 333 323 339 340 358 369 372 363 348 368 365 318 159
Route #12: 104 124 315 349 356 355 321 325 420 342 352 12 11 354 344 451 337 338 6 324 430 413 253 247 302
Route #13: 288 310 296 423 407 319 330 328 360 361 391 426 429 362 437 353 447 322 327 389 331
Route #14: 317 373 399 364 395 396 393 374 400 403 332 329 334 385 383 314 312 298 309 301 100 311 191 245
Route #15: 54 390 30 31 409 33 424 444 427 45 410 55 73 336 335 387 408 405 46 65 419 64 67 412 60
Route #16: 306 384 443 453 359 136 25 370 26 392 29 416 414 22 411 442 422 425 441 382 432 415 404 320 371 350
Route #17: 71 103 17 81 61 40 35 48 57 7 449 82 433 446 19 10 5 23 63 107 20 79 85 89 74
Route #18: 36 38 68 50 243 280 299 70 300 227 380 239 293 246 192 56 173 37 51 381 24 18 14
Route #19: 201 233 123 39 248 241 187 401 402 139 250 99 152 326 172 259 366 438 27 284 292 118 256 127 113
Route #20: 455 222 341 435 445 86 87 90 94 428 376 289 42 130 78 62 269 242 386 120 69 144 114
Cost 192651
Time 624.68
