Route #1: 221 208 192 48 43 227 13 72 74 237 41 150 239 95 92 14 176 169 147 15 52 112
Route #2: 215 219 170 105 54 58 36 193 199 167 194 202 198 132 64 28 71 25 34 174 183
Route #3: 214 145 42 77 201 78 220 8 12 182 22 23 188 9 189 47 186 110 218 79 175 83 153 108 46
Route #4: 187 101 31 17 63 245 244 138 27 57 106 3 66 139 168 133 241 21 109 35
Route #5: 195 164 216 226 116 136 149 11 20 6 184 165 161 73 235 158
Route #6: 177 10 29 173 178 180 179 140 163 210 185 171 156 97 129 130 154 162 123 238
Route #7: 225 236 190 159 243 85 115 111 152 143 113 224 75 217 248 212
Route #8: 137 122 91 88 197 200 5 87 222 107 51 207 211 142 209 45 37 53 89 223 65 127 60
Route #9: 4 228 19 135 69 39 84 100 55 82 93 128 230 246 247 232 231 234 233 240
Route #10: 242 96 141 50 229 203 148 68 196 172 166 213 38 44 30 40 124 191 81 126 157 16
Route #11: 206 24 76 146 104 99 98 1 2 61 59 151 160 134 118 114 117 119 204 205 102 90 94 80 7
Route #12: 181 56 32 120 18 67 155 144 125 121 62 70 49 33 26 103 86 131
Cost 137215
Time 176.276
