Route #1: 224 211 204 176 186 195 322 197 174 171 47 49 102 20 55 61 67 283 62 107 1 77 84 181 179
Route #2: 222 168 148 145 142 227 165 154 219 216 206 226 129 175 170 112 106 104 103 110 189 190 248 246
Route #3: 73 82 131 157 184 98 200 105 159 111 87 115 173 183 60 220 54 275 279 324 271 266
Route #4: 16 255 272 96 286 269 245 132 134 299 139 153 152 136 205 141 178 172 239 133 135 308 118 215 209 236 254
Route #5: 57 56 164 198 208 99 223 92 225 81 230 253 109 293 301 122 119 95 100 327 314 10 298 53
Route #6: 235 247 257 259 268 274 11 7 9 21 304 26 288 276 320 270 260 267 280 284 250 290 90 264 251
Route #7: 265 277 285 287 30 303 68 24 64 52 125 127 41 46 319 76 316 317 302 297 296 295 167 59 19 17 70
Route #8: 138 71 80 318 312 185 294 261 244 249 151 32 89 5 45 256 258 252 263 238 221 123
Route #9: 326 315 273 313 281 307 14 188 39 13 191 93 289 291 292 15 25 43 65 2 3 97 74 69 38 321 12
Route #10: 28 130 241 143 144 217 201 311 149 199 305 23 310 278 8 233 262 325 33 282 6
Route #11: 203 37 128 147 48 51 231 29 50 31 243 232 120 78 40 214 155 177 158 156 240
Route #12: 242 124 79 202 166 75 228 108 182 218 193 213 34 18 85 88 83 237 58 4
Route #13: 137 180 63 72 101 113 117 210 146 196 44 66 207 121 234 169 309 150
Route #14: 328 323 91 161 163 229 162 192 160 140 212 94 114 86 35 27 126 116 42 36 306 187 22 194 300
Cost 148462
Time 279.137
