Route #1: 149 94 203 202 133 233 187 200 232 243 225
Route #2: 160 138 194 147 79 228 100 95 176
Route #3: 55 2 73 33 143 146 152 44 104 78 224 16 220 37 245 84
Route #4: 101 72 57 115 114 247 102 93 91 59 127 66 180 99 156
Route #5: 157 107 30 85 42 61 105
Route #6: 148 151 177 144 214 172 193 88 191 210 145 169 13 190 43 60
Route #7: 75 128 14 242 196 168 67 92 125 5 218 186 206 207 197 121 97 24 89
Route #8: 204 222 69 96 68 137 34 122 227 195 179 223 103 65 35 111
Route #9: 21 142 251 10 106 248 27 22 25 9 230 219 174 188 240 231 166 32 182 183
Route #10: 20 159 112 129 109 71 118 113 155 136 150 158 161 184 171 162 215 189 175 173
Route #11: 181 249 11 17 246 235 52 237 239 124 19 1 90 4 12 141 123 163 131 134 70
Route #12: 15 26 36 54 108 7 120 117 29 28 126 217 212 64 153 39 82 81 74 229 221
Route #13: 23 47 139 185 164 165 63 62 110 130 58 53 38 46 244 241 3
Route #14: 238 216 192 236 211 205 234 252 253 50 56 119 8 51 226 132 167
Route #15: 170 178 201 213 135 140 199 208 41 45 254
Route #16: 209 87 98 154 198 77 48 49 40 86 31 83 80 6 76 18 116 250
Cost 162012
Time 697.258
