Route #1: 2 191 202 63 68 38 86 147 118 69 94 71 97 44 70 193 141 126 150 170
Route #2: 76 135 155 176 119 3 105 198 107 139 114
Route #3: 197 195 50 59 36 140 89 123 51 132 67 17 174 83 179 161 103 100 46
Route #4: 35 98 41 201 26 203 113 137 128 80 117 102 72 15
Route #5: 160 53 187 48 90 16 14 18 27 125
Route #6: 182 12 49 122 109 47 106 108 52 199 62
Route #7: 169 166 32 167 181 57 189 186 92 34 24 42 171 175 164 159 138 154 6 4
Route #8: 133 152 200 148 188 77 20 11 61 143 116 60 168 5 134 43 156
Route #9: 120 75 190 121 88 129 73 29 111 55 54 178 56 149 93 31 158 8 66
Route #10: 151 21 82 145 28 22 74 194 33 19 81 91 87 192 23 142 184 58
Route #11: 163 112 173 165 144 10 183 7 99 177 153 78 40 37 96 64 110
Route #12: 65 45 157 124 127 180 146 172 85 84 9 25 185 95
Route #13: 1 30 162 39 196 13 136 79 131 130 115 101 104
Cost 97802
Time 332.197
