Route #1: 321 211 30 150 7 303 23 20 322 160 393 151 119 153 144 57 231 241 93 161
Route #2: 316 40 97 16 186 91 51 367 217 312 50 123 199 37 358 359 224 284
Route #3: 70 148 77 175 61 201 216 94 176 33 100 101 105 81 103 78 14
Route #4: 347 350 116 345 353 268 243 52 32 399 298 276 373 311 349 361 377 60 63 237 226 137
Route #5: 390 155 257 230 283 275 282 290 249 315 346 331 236 214 239 147 38 26 213 73
Route #6: 75 343 299 212 235 394 238 305 234 310 335 340 269 188 228 210 253 157 120 260
Route #7: 344 376 177 83 388 64 380 378 366 102 300 96 95 371 334
Route #8: 288 339 354 374 168 117 82
Route #9: 285 221 209 389 227 3 196 202 206 297 368 314 398 248 159 379 232 369 281 12
Route #10: 68 5 39 129 139 262 136 386 271 342 115 318 34 287 44 107 53 295 278
Route #11: 308 357 294 279 29 187 162 190 170 31 325 332 203 302 306 48 304 286
Route #12: 56 181 319 326 329 320 327 328 330 246 296
Route #13: 109 256 193 387 10 27 124 21 17 364 182 143 173 174 355 280 15 145 43 142 74 6 169
Route #14: 118 113 265 218 158 194 152 208 252 36 1 128 72 215 140 59 183 245 323 180 251 98
Route #15: 223 87 11 24 133 131 135 79 67 132 45 220 333 247 179 195 165 365 372 205 149
Route #16: 264 19 90 112 184 191 8 233 200 384 178 163 22 2 385 171 250 86 292 35
Route #17: 336 341 270 219 47 267 58 222 110 80 13 42 55 189 272 360 375 154 66 309
Route #18: 156 204 49 382 225 106 114 301 18 138 41 9 240 166 4 381 397 244 383 362 266 254
Route #19: 289 71 167 84 172 198 263 88 28 89 197 273 62 69
Route #20: 134 391 356 127 146 338 125 121 207 111 337 307 229 277 108 25
Route #21: 185 363 85 370 192 255 261 274 164 104 396 54 351 92
Route #22: 348 242 99 126 130 122 352 293 259 291 76 46 65 258 395 392 313 141 317 324
Cost 217637
Time 265.138
