Route #1: 250 156 118 95 73 79 54 151 2 138 67 225 111 139 90 77 253 193 243
Route #2: 232 212 4 104 114 143 22 164 180 181 48 30 86 247 115 172 173 83 191 188 126 29
Route #3: 169 167 159 244 53 50 261 70 140 158 246 125 100 60 16 129 38 106 105 81 12 76
Route #4: 197 171 185 75 211 187 62 170 177 153 121 206 166 91 15 209 49
Route #5: 42 45 120 214 124 61 195 66 63 179 96 119 55 94 150 147 136 6 87 74 102 189 176
Route #6: 258 254 260 146 233 218 97 78 64 39 128 204 186 127 13 58 194 192 200 183
Route #7: 37 1 10 3 14 88 93 213 107 208 43 152 98 27 228 160 255 112 251 56 198 72
Route #8: 203 226 57 26 145 144 21 236 205 161 130 99 199 201 135 157 256 7
Route #9: 19 210 238 110 234 202 165 196 182 20 35 248 239 242 235 59 241 245 122 109 222
Route #10: 69 80 33 123 133 131 44 46 163 65 51 230 257 41 148 34 36 219 220 5
Route #11: 168 174 31 11 137 71 113 92 141 142 149 89 68 47 40 116 23 217
Route #12: 215 85 82
Route #13: 227 184 178 190 52 134 154 207 18 28 229 155 9 8 252 101
Route #14: 216 249 224 84 240 32 24 259 175 17 25 223 231 221 162 103 108 237 117 132
Cost 145084
Time 406.403
