Route #1: 136 212 203 200 198 84 88 77 93 112 83 69 70 146 124 118 102 100 123 143 163 19 17
Route #2: 6 158 154 157 133 129 128 160 145 119 167 184 135 138 226 144 134 12 194 195 193 186 183 175 179 73 161 153
Route #3: 86 196 192 209 187 236 4 74 217 215 221 40 56 57 81 20 23 90 39 41 35 22 224 21
Route #4: 58 64 25 36 98 99 24 29 16 3 228 223 216 229 232 227 211 210 206 204 190 180 191 68 189 42 181
Route #5: 15 231 225 48 49 47 34 218 137 10 219 174 45 104 110 43 208 188 78 76 75 82 152 168
Route #6: 201 213 92 164 151 44 96 31 149 150 148 156 27 51 8 11 9 166 50 234 5 220 235
Route #7: 65 202 18 165 176 33 103 115 182 87 147 13 139 170 171 32 60 59 207 52 101 222
Route #8: 53 26 62 122 109 66 30 199 38 37 205 106 80 214 131 111 126 125 105 116 71
Route #9: 177 1 233 61 114 159 108 2 91 197 172 185 142 7 14 169 132 85 72 230
Route #10: 120 121 95 28 89 162 130 141 107 113 94 117 140 127 178 173 97 63 46 79 54 55 155 67
Cost 109099
Time 281.722
