Route #1: 135 230 208 172 173 249 107 239 242 238 241 147 166 149 148 102 111 235 145 138 139 137
Route #2: 180 246 31 103 220 25 89 240 259 10 232 92 247 251 248 174 217 244 182 178 176 177 237 26 58
Route #3: 119 52 224 200 62 4 243 236 42 43 123 175 285 282 64 183 171 225 85
Route #4: 161 283 12 101 78 65 67 82 266 83 84 87 97 115 113 160 272 261 270 192 120
Route #5: 157 40 109 155 165 197 196 168 156 211 191 38 195 7 6 281 5 33 98 36 91
Route #6: 258 128 184 57 66 279 76 278 179 28 205 268 209 86 190 49 158 21 204 269 79 11 27
Route #7: 9 8 35 34 136 124 59 60 75 274 142 30 150 151 47 125 61 112 51 77 88 53 39
Route #8: 117 122 194 146 198 16 74 73 56 46 63 80 18 72 22 93 118 245 96
Route #9: 170 29 70 71 68 218 216 13 24 264 222 255 23 219 99 32 81 253 14 41 159 104 154 105 127 106
Route #10: 144 108 129 152 132 193 201 223 187 163 140 141 114 213 207 229 233 19 226 100 210 94 162 15
Route #11: 202 227 250 257 252 267 212 262 110 164 185 206 228 188 44 263 54 95 271 134 69
Route #12: 231 280 116 265 143 167 186 169 48 55 153 276 199 203 90 45 37 277 234 256
Route #13: 133 3 2 284 273 260 181 221 20 126 189 1 121 131 130 50 275 215 214 254 17
Cost 94370
Time 490.899
