Route #1: 382 455 485 716 656 624 641 634 622 694 553 771 484 629 24 64 398 308 384 779 651 617 181 314 232 847
Route #2: 6 94 311 426 586 289 554 687 458 575 589 625 491 284 420 472 225 535 208 76 596
Route #3: 249 733 436 435 258 193 528 522 607 649 513 870 43 116 315 257 4 730 102 568 120 650 172 677 180 287
Route #4: 132 154 222 460 344 438 537 735 8 456 286 619 499 417 567 840 240 652 11 10 599 598 241 21
Route #5: 59 271 318 664 600 260 137 133 772 610 81 197 372 61 763 119 648 736 764 757 415
Route #6: 82 663 66 558 746 68 804 662 780 84 123 430 122 381 597 533 759 603 578 706 5 584 642 655 519
Route #7: 340 534 778 419 423 465 233 146 476 452 496 516 520 518 486 515 360 395 440 434 505 259 538 531 532
Route #8: 150 126 128 795 291 721 45 428 686 285 595 42 370 431 361 609 845 144
Route #9: 74 142 44 295 536 557 179 639 93 500 255 202 7 514 207 1 839 459 136 588 121 844
Route #10: 147 784 783 666 464 507 702 104 429 230 510 646 846 90 446 489 585 734 131 851 606 383 445 347 371
Route #11: 278 357 401 443 482 385 501 770 549 563 521 9 72 73 379 12 13 468 209 195 234
Route #12: 155 75 143 71 214 310 339 457 292 151 112 782 23 19 827 793 594 695 836 14 802 253
Route #13: 267 269 794 307 336 348 670 416 490 502 462 78 475 480 477 157 162 69 857 439 89 88
Route #14: 100 170 280 152 268 138 87 86 91 191 865 874 875 709 301 352 665 332 331
Route #15: 781 433 843 367 368 647 613 654 481 552 569 325 394 159 171 229 228 196 194 276 838 129
Route #16: 246 645 614 813 105 167 15 796 206 681 682 683 574 797 618 345 565 317 556 408 422 566
Route #17: 555 277 264 450 334 412 479 497 835 628 615 509 483 354 350 411 407 356 266 327 335 366 413 470 390 387 580 99
Route #18: 678 106 141 756 161 188 199 227 351 254 211 299 200 192 198 183 169 182 168 153 389 328 54 96
Route #19: 495 526 525 281 242 541 543 148 185 176 16 739 18 279 298 283 237 349 451 449 282 551
Route #20: 604 583 524 637 488 487 548 591 547 590 676 364 252 592 309 406 627 466 506 747 544 27 492 828 700
Route #21: 667 719 725 817 672 160 761 703 701 601 577 265 517 512 562 386 377 319 363 297 542 272
Route #22: 727 787 788 337 403 392 378 668 326 320 296 711 632 263 710 231 689 690 753 713 714 745
Route #23: 140 50 205 220 221 244 70 247 275 293 330 333 860 855 374 754 402 807 831 375 373 799 790 294 755
Route #24: 824 848 826 825 696 675 673 679 861 705 871 873 704 698 712 26 33 41 316 715 720 750 145 741 40 46 58 35 32
Route #25: 636 409 47 579 581 573 29 570 638 643 752 621 635 722 659 726 708 671 640 620 661 684 660
Route #26: 427 322 245 273 644 692 693 760 688 699 685 762 691 742 786 669 3
Route #27: 785 749 769 792 806 775 833 805 823 808 820 810 819 818 767 53 85 801 800 809 125 2 118 822 821
Route #28: 878 30 729 728 49 748 56 108 814 816 25 28 109 63 67 57 164 210 226 243 274 359 341 877
Route #29: 448 149 127 212 530 218 437 658 777 723 738 765 803 834 773 768 751 744 724 737 235 493 868
Route #30: 862 832 864 829 852 842 732 166 866 173 841 178 879 174 186 184 177 776 158 31 880 789 849 811 774 718
Route #31: 707 540 545 611 358 631 83 175 201 633 731 248 425 204 680 856 410 117 52 854 424 812 504 653 324
Route #32: 79 107 103 130 113 503 261 571 791 60 290 124 22 38 39 189 478 469 163 758 858 630
Route #33: 396 474 623 766 872 876 250 97 323 605 376 414 559 165 187 236 223 110 111 321 95 602 17
Route #34: 190 343 511 393 397 523 539 473 740 388 560 550 48 593 859 674 441 546 576 616 612 608 582 447
Route #35: 421 139 498 239 444 101 270 329 215 251 98 77 572 238 203 80 92 114 346 626 461 380 217
Route #36: 219 338 399 391 355 561 454 313 697 288 256 717 362 471 405 404 529 262 353 213
Route #37: 36 587 508 463 303 305 365 55 869 564 494 369 442 20 867 34 65 51 224 743 853 863 850
Route #38: 134 830 62 453 467 312 432 156 527 37 418 400 342 306 300 837 657 302 135 815 304 798 216 115
Cost 372545
Time 5293.09
