Route #1: 152 77 130 90 93 70 85 79 78 76 136 117 120 140 153 124 161 155 151 9 62 97 204
Route #2: 137 35 187 188 172 178 180 208 173 169 164 144 133 139 138 87 102 143 168 109 158
Route #3: 162 211 225 99 92 94 185 10 7 19 199 193 232 8 191 192 184 181 203 176 165
Route #4: 189 17 25 34 37 51 53 65 32 88 20 26 68 18 44 233 212 27 215 213 22 24
Route #5: 197 177 186 227 205 217 214 219 16 220 216 210 223 226 206 196 171 222 156 36 229 135
Route #6: 72 4 47 221 43 49 48 228 57 12 202 89 60 170 15 134 182 119 1 111
Route #7: 98 167 104 31 231 41 175 160 190 42 157 142 234 235 30 149 23 224 69 132 118
Route #8: 122 127 201 207 6 14 126 146 82 95 96 58 129 200 218 125 64 11 141 145 46 80 39 74 73
Route #9: 3 163 154 106 54 101 63 148 128 159 61 183 52 179 174 112 71 131 194 29
Route #10: 5 55 67 33 28 38 198 105 83 86 75 66 59 50 40 45 84 81 108 236
Route #11: 150 56 121 115 100 116 110 113 107 103 114 91 2 123 209 147 166 13 195 21 230
Cost 106050
Time 585.833
