Route #1: 295 313 8 308 12 13 311 309 25 290 131 70 320 34 256 289 285 312 327
Route #2: 304 314 1 5 155 123 117 139 195 262 276 20 272 19 23 322 24 9 6 4 282 288
Route #3: 253 250 21 99 230 200 197 10 215 217 219 220 218 173 326 325 7 11 14 251 245 32
Route #4: 182 190 170 229 266 273 271 307 226 227 211 212 187 209 207 167 127 111 154 77
Route #5: 164 121 165 177 214 208 183 281 291 174 193 199 287 265 319 233 310 244 252 255 205 236 76
Route #6: 93 283 37 46 292 65 106 148 296 114 161 171 240 232 185 184 223 176 141 104
Route #7: 98 126 134 125 122 144 151 149 175 179 180 238 107 242 132 128 235 147 210 145 143
Route #8: 108 102 153 191 221 225 243 248 246 16 228 198 115 186 116 109 110 90 91 105 79
Route #9: 85 129 301 124 82 38 163 22 160 33 213 231 275 294 299 298 157 150 278 206 254 257 324
Route #10: 103 96 277 92 43 42 35 78 94 55 54 137 136 39 286 69 52 44 66 67 36 17
Route #11: 258 188 178 120 159 279 316 158 75 268 15 222 18 196 89 237 249 247 264 192 306 73 172 68
Route #12: 45 112 119 26 140 305 270 293 323 321 59 47 260 162 297 224 118 2 72 302 216 29 30
Route #13: 71 269 317 113 83 31 50 62 61 274 259 204 280 201 303 189 27 267 318 300 51 49 53 138
Route #14: 57 84 60 48 41 40 133 142 181 234 203 28 202 168 194 3 261 241 169 284 135 87 95 263
Route #15: 64 166 315 146 239 56 74 81 58 152 97 88 86 100 101 63 130 80 156
Cost 112195
Time 403.819
