Route #1: 275 44 118 10 24 38 72 71 206 291 252 314 317 31 50 273
Route #2: 280 113 98 70 232 247 243 220 213 59 268 265 246 188 49 37 125
Route #3: 231 184 172 167 176 137 218 60 63 211 187 245 180 73 168 306 282 269
Route #4: 240 9 214 228 32 241 225 250 256 242 43 285 284 300 215 224
Route #5: 266 279 186 299 141 151 108 312 212 208 210 47 316 175 191 192 198 221 263 259
Route #6: 92 103 20 301 87 116 203 195 81 89 95 94 201 255 271 287
Route #7: 6 315 181 21 28 169 101 58 128 140 183 14 194 251 134 174
Route #8: 22 88 159 157 173 158 51 166 56 202 147 308 185 189 156 292 90 100 143 229 135 1
Route #9: 136 139 16 222 253 257 182 29 39 8 178 230 7 233 238
Route #10: 130 122 97 262 162 84 171 249 311 57 3 4 12 163 129 85 179 15 160 154 121 105
Route #11: 258 19 152 200 223 261 148 127 99 18 110 109 78 126 219 79 260 91 96 119 236 217 244
Route #12: 205 204 144 146 155 138 164 86 153 302 145 142 131 117 104 254 33 75 77 309 27 2 277 197 80
Route #13: 132 270 272 102 264 310 313 296 293 305 83 106 235 226 82 165 303 120 133 107 239
Route #14: 26 177 93 35 17 111 149 54 55 61 227 267 286 307 294 297 298 295 281 115 196 42 288
Route #15: 62 34 53 248 170 123 112 114 234 68 278 11 237 199 5
Route #16: 193 276 289 290 304 30 207 76 74 283 124 150 69 190 13 274
Route #17: 216 45 41 36 209 48 40 46 65 67 23 64 25 66 161 52
Cost 170449
Time 874.952
