Route #1: 25 26 5 260 50 60 51 237 73 209 104 14 153 131 145 8 54 257 96 119 161 231
Route #2: 176 256 87 246 11 120 129 252 34 157 264 199 198 223 76 182 111 126 181 53 204 134
Route #3: 86 165 107 93 52 150 84 102 56 72 66 71 70 267 266 265 227 65 91 108 123 67
Route #4: 142 114 6 9 45 97 200 106 89 88 247 49 35 118 62 232 58 42 255 258 259 249
Route #5: 59 180 139 140 151 99 183 103 250 127 98 69 13 172 241 253 33 101 177 178 85 31 205 61
Route #6: 109 68 238 38 37 39 208 83 63 75 117 254 113 12 29 206 110 136 130 156 137 141 64
Route #7: 21 4 57 186 219 211 95 164 160 149 125 159 16 115 112 261 18 40 192 81 132 148 170 189
Route #8: 167 179 203 22 47 154 36 245 162 194 173 191 23 220 222 2 48 263 251 197 28 268 195 10
Route #9: 15 24 105 124 1 133 43 155 41 187 46 248 20 216
Route #10: 236 184 185 90 3 210 214 78 188 152 207 138 122 30 55 121 244 239 94 242 92 174 74
Route #11: 171 169 175 240 225 168 166 215 212 226 229 128 143 146 190 224 217 221 228 234 213 196
Route #12: 80 19 116 7 32 147 193 230 202 201 17 218 233 158 163 235 27 82 44 135 262 100 144 79 243 77
Cost 105522
Time 638.742
