Route #1: 193 158 127 123 192 223 279
Route #2: 112 314 69 194 240 239 64 234 33 70 307 198 264 244 180 181 173 139
Route #3: 224 135 107 261 169 252 302 178 105 316 281 83 136 82 167 128 90 81 129 61 18 195
Route #4: 282 9 19 300 54 170 202 119 163 162 53 259 289 290 271 56 311 306 189 183 280 312 295 277
Route #5: 45 106 297 130 14 185 204 171 161 256 150 151 146 22 34 94 254 215 237 67 309 268 108 4 283
Route #6: 222 211 101 292 304 72 124 25 100 23 44 227 294 296 291 117 131 125
Route #7: 154 245 55 87 1 199 201 196 62 233 236 299 48 188 152 148 284 116 126 92 98
Route #8: 121 174 219 230 159 228 79 16 241 113 310 74 73 77 160 8 225 109 93 68 242 276 303
Route #9: 35 78 186 164 157 209 208 210 206 182 137 132 144 85 89 246 134 270 80 221 47 120 84 76 248 253
Route #10: 172 293 3 75 42 46 7 114 102 238 142 141 235 140 86 257 24 52 97 5
Route #11: 187 147 285 95 110 220 133 111 66 184 40 30 217 255 247 26 176 232 226 231
Route #12: 27 71 88 29 49 50 96 10 2 153 138 177 43 262 6 20 175 305 17 63 122
Route #13: 214 91 298 155 308 156 190 197 13 200 191 212
Route #14: 12 251 286 260 203 229 149 99 166 115 216 258 145 65 11 315 313 266 250 249 218 287 263
Route #15: 269 267 272 273 274 165 278 38 37 36 31 104 28 288 243 118 207 205 301 213 41 275
Route #16: 179 51 58 59 21 39 57 265 15 168 143 60 32 103
Cost 163714
Time 452.379
