Route #1: 35 68 322 308 325 162 251 269 59 142 153 128 270 201 91 339 257 230 347
Route #2: 172 183 212 163 218 63 42 232 124 11 177 233 266
Route #3: 213 34 127 223 108 326 57 215 214 340 25 346 80 38 293 113 53 300 106 245 73
Route #4: 301 129 165 281 181 195 199 198 320 194 93 115 167 130 122 359 209
Route #5: 184 323 299 85 267 303 69 256 217 313 272 13 140 295 171 50 229 210 344 179
Route #6: 216 170 114 41 324 56 126 279 263 156 51 309 83 222 159 144 276 26
Route #7: 105 271 354 343 290 254 285 280 262 44 336 328 351 240 147 120 72 116 248 102 143
Route #8: 246 250 268 297 224 321 94 137 123 98 155 28 164 49 133 334 363 100
Route #9: 12 86 135 241 274 294 132 119 247 117 75
Route #10: 239 265 84 104 192 8 186 353 4 27 109 355 96 31
Route #11: 9 112 30 231 330 37 148 273 54 174 182 255 361 169 337 286
Route #12: 6 82 39 168 358 191 204 131 277 208 349 89 22 207 138 64 111 16 258 221
Route #13: 249 333 345 319 220 329 76 203 160 200 206 205 3 298 331 118 46 173 151 180
Route #14: 97 158 95 58 107 242 236 32 71 87 150 154 79 110 70 145 348 310 237 43 193
Route #15: 78 253 234 362 275 77 296 202 243 306 228 287 261 311 219 134 196 304 157
Route #16: 24 14 315 283 238 260 152 360 284 185 341 252 332 74 178 244
Route #17: 235 45 60 121 55 149 10 88 19 92 103 7 61 227 189 125 21 65 335 352 302 288 316 317
Route #18: 187 166 81 15 190 264 291 292 342 188 338 312 197 62 36 29 350 357 2 67 40 48 327 101
Route #19: 307 90 5 141 146 47 282 66 52 259 289 1 161 314 18 23 33 211 318 176
Route #20: 356 20 136 99 305 175 225 278 139 17 226
Cost 154231
Time 421.742
