Route #1: 214 80 137 85 103 198 149 34 45 159 43 69 56 168 117 104 134 204 98 91 100
Route #2: 197 74 203 177 166 113 239 257 11 81 22 182 108 70 52 79 200 185 173 120 38 167
Route #3: 50 2 190 75 179 19 131 23 30 124 102 82 133 83 143 118 199 145 140 123 10 68 47 260
Route #4: 154 95 119 89 67 87 62 66 49 132 144 122 115 148 147 151 174 164 176 160 5
Route #5: 129 130 228 135 136 138 209 114 240 107 105 219 193 92 1 181 186 213 163 20
Route #6: 227 220 232 101 183 178 78 169 170 171 175 157 165 127 125 121 244 116 109 28 128 57
Route #7: 184 201 208 216 6 8 24 64 65 243 55 53 44 146 152 86 88 96 94 93 99 262 187
Route #8: 218 9 3 245 77 25 26 27 106 71 72 63 13 251 256 247 112 254 253 217 229 212 249
Route #9: 210 221 234 241 248 259 250 237 238 226 224 233 231 207 205 73 33 211 188
Route #10: 32 35 206 141 258 39 40 41 54 14 12 246 242 111 223 16 15 97 192 61 195 126
Route #11: 139 142 60 42 76 29 155 153 215 230 59 261 58 51 46 7 252 48 31 21 236 235
Route #12: 110 150 225 156 84 158 255 37 180 90 222 191 17 196 36 172 4 18 194 162 202 189 161
Cost 123065
Time 278.74
