Route #1: 254 233 219 197 210 227 238 230 267 274 283 284 275 277 273 246
Route #2: 259 17 5 278 271 26 23 239 217 88 215 27 204 221 28 214 25 13 11 14 16 15 9 285
Route #3: 231 198 7 184 186 175 264 212 207 206 241 232 272 255 258 281
Route #4: 235 176 252 248 134 142 136 265 155 195 12 20 22 30 146 38 276 256
Route #5: 10 263 260 257 250 237 180 172 208 205 166 168 170 174 200 173 158 153 143 133
Route #6: 167 181 131 135 203 245 106 211 35 154 98 253 251 178 249 192 244
Route #7: 51 65 80 91 94 109 128 132 163 149 147 169 188 182 171 177 120 183 185 225 234
Route #8: 87 150 159 164 148 151 141 130 110 108 113 127 95 103 93 100 92 71 78 42
Route #9: 216 218 59 43 124 73 189 222 247 236 46 54 61 270 41 52 102 101 126 140
Route #10: 40 68 115 55 157 56 53 268 48 213 187 179 199 269 266 114 209 99
Route #11: 66 81 79 36 74 60 57 89 39 123 125 118 47 119 70 107 75 72 64 69 62 1 261
Route #12: 224 137 3 8 63 161 160 162 138 34 279 228 243 145 4 156 31 191 104 24 226 202 193 2
Route #13: 33 50 242 45 194 85 84 76 18 44 19 262 280
Route #14: 105 165 190 220 201 116 117 121 282 29 58 112 139 196 240 21 152 77 129
Route #15: 82 83 96 97 86 144 122 111 90 32 223 49 229 6 37 67
Cost 106900
Time 590.794
