Route #1: 257 321 15 27 50 6 61 188 71 49 100 220 215 19 44 274 58 52 21 3 286 281 269 252
Route #2: 140 219 109 42 208 156 237 205 135 40 134 126 106 116 148 117 114 62 69 262 189
Route #3: 13 93 309 138 81 66 68 99 132 150 139 91 308 97 282 72 94 48 92 70 78 60 20 67 149 227 163 170 323
Route #4: 47 185 175 141 209 186 299 200 322 39 64 319 320 230 37 233 241 213 146 168 88
Route #5: 246 182 152 224 202 194 255 164 306 17 294 5 245 293 313 217 161
Route #6: 127 171 179 317 180 259 260 234 193 190 184 159 238 296 101
Route #7: 290 325 53 29 43 57 165 181 12 145 155 158 183 147 174 80 232 129 130 136 160 218
Route #8: 51 244 73 108 316 75 266 18 195 267 2 314 225 268 176 300 151 166
Route #9: 212 118 169 211 307 197 26 312 157 198 298 256 153 24 142 65 83 105 288 289 74 46
Route #10: 214 196 177 172 167 143 162 231 249 199 204 203 210 221 10 25 243 318 310 301 111 133 115 173 222 324
Route #11: 178 31 38 28 36 187 45 41 54 55 59 85 89 207 216 276 251 271 258 254 253 56 34 33 30
Route #12: 229 304 242 235 226 223 96 95 1 86 76 87 98 154 191 192 206 131 125 247 280 291
Route #13: 16 302 120 119 124 128 144 137 275 284 103 104 107 297 112 122 110 4 14 84 102 121 22 32 305 35
Route #14: 82 79 283 261 311 263 270 327 326 7 9 23 303 315 287 292 285 278 63 113 11 201
Route #15: 228 8 295 90 123 273 277 77 264 272 279 250 248 240 265 239 236
Cost 166253
Time 420.408
