Route #1: 400 185 173 172 337 335 192 298 349 316
Route #2: 355 4 318 123 149 324 48 130 394 289 233 388 107 309 323 268 202 12 280 242 180 155 215
Route #3: 47 249 80 317 346 314 368 153 360 375 377 356 37 71 17 379 251 254 340 354 73 77 195
Route #4: 235 347 2 357 264 365 68 214 102 156 277 230 310 189 297 70 105 260 169 127
Route #5: 352 51 200 302 147 207 248 46 103 334 285 274 41 216 392 225 7 307 16 284 64 182
Route #6: 282 385 144 131 165 338 35 49 62 315 9
Route #7: 5 50 290 25 371 391 296 209 313 237 6 136 86 403 44 87 241 293 258 67 238
Route #8: 270 135 57 109 273 358 265 304 232 184 250 286 137 372 234 370 132 27 95 222 390 396 303 116 291
Route #9: 140 393 159 191 90 83 124 213 163 52 76 122 21 28
Route #10: 174 288 253 374 151 231 353 257 363 308 197 269 170 66 177 397 330 266 224 389 305 201 190
Route #11: 96 104 362 283 325 271 45 134 263 359 22 367 166 193 272 381 276 320
Route #12: 91 171 342 208 384 141 150 312 227 23 114 18 40 160 246 120 196
Route #13: 175 36 82 115 221 223 100 93 373 226 164 108 255 92 29 24 181 321 99 287 65 106
Route #14: 88 345 380 295 188 89 331 212 167 348 300 138 301 339 117 60 382 267
Route #15: 15 42 39 244 112 204 154 129 239 245 152 53 292 31 205 145 319 217 387
Route #16: 179 20 78 194 206 252 311 55 74 10 133 118 54 101 111 322 336 8 228
Route #17: 275 299 61 85 261 211 58 146 344 326 220 43 328 183 256 143 210 14 128 126 383
Route #18: 63 306 121 378 351 366 84 162 199 350 97 19
Route #19: 30 187 125 333 178 376 81 329 34 11 364 203 327
Route #20: 139 281 361 259 176 240 26 3 278 1 158 72 13 148 332 398 157 395 75 33
Route #21: 401 79 218 38 119 369 236 69 32 402 247 94 161 142 98 386
Route #22: 341 262 198 110 399 294 343 186 113 229 168 279 219 243 59 56
Cost 247759
Time 525.754
