Route #1: 327 131 213 31 104 343 287 72 275 147 130
Route #2: 239 210 218 193 155 301 219 232 207 206 209 229 336 270 269 317 267 166 205 235 208 212 245 160
Route #3: 268 240 234 233 334 307 306 323 290 78 150 241 325 156 308 305 295 330 6 272 265 321
Route #4: 365 28 163 349 13 119 375 103 38 320 204 161 303 289 297 148 224 310 230
Route #5: 184 216 128 86 82 333 277 346 369 367 26 363 360 355 23 85 49 64 12
Route #6: 200 107 211 192 177 165 380 178 176 366 125 183 129 113 55 146 347 127 377 111 70 33 52 100
Route #7: 217 351 21 266 24 143 47 35 364 368 101 322 121 201 48 71 66 59 87 22 353 58 102
Route #8: 227 342 112 352 109 16 25 36 157 228 300 258 167 149 332 356 361 359 281 242 373 186 106 89 37
Route #9: 81 285 256 249 231 99 62 151 61 42 294 350 195 175 169 264 299 95 203 378 20 164 179 214 189 76 379 68
Route #10: 142 75 159 222 43 136 331 172 255 226 180 202 83 138 158 56 137 191 260 279 278 329 97 34 173 39
Route #11: 9 94 122 108 337 358 152 298 250 251 5 302 96 341 174 170 273 198 50 284
Route #12: 372 105 315 282 271 154 280 340 115 293 98 188 120 40 339 194 335 259 182 51 4 30
Route #13: 11 319 114 244 145 257 14 381 185 133 10 292 283 221 345 126 296 92 67 141 3 18 118
Route #14: 263 312 196 17 237 88 80 15 261 57
Route #15: 46 328 215 181 116 132 117 140 311 2 53 190 8 32 238 54 338
Route #16: 247 225 171 309 63 45 90 65 243 253 276 19 262 246 291 370 162 371 324 168 220 286 44
Route #17: 60 223 74 304 41 69 73 197 91 123 153 313 354 252 79
Route #18: 135 314 1 318 254 288 357 7 93 199 144 124 139 84
Route #19: 326 29 274 110 77 236 248 134 374 376 348 344 27 187 316 362
Cost 129507
Time 405.423
