Route #1: 185 24 98 33 141 9 188 7 257 13 228 124 103 241 3 51 140 246 253 120 232 15 243
Route #2: 17 47 164 93 18 139 11 125 113 108 65 100 106 133 109 1 74 23 142 111 61 167
Route #3: 233 81 117 46 42 43 16 189 136 45 90 122 245 119 39 78 114 56 138 179 151 171 30
Route #4: 5 58 254 200 191 85 172 37 176 225 49 48 247 69 70 194 54 20 229 237 53
Route #5: 177 226 222 84 75 214 187 123 255 110 62 96 19 170 115 55 31 2
Route #6: 154 72 236 207 248 59 231 175 131 79 215 38 216 68 4 77 252 166 112 239 26 118 64 63
Route #7: 174 67 104 66 6 36 186 95 137 168 41 21 192 34 71 258 87 92 52 27 144
Route #8: 155 163 94 165 132 89 173 126 182 82 44 116 234 40 127 235 204 203 218
Route #9: 10 99 227 190 22 80 32 198 238 240 88 143 76 199 91
Route #10: 73 83 230 156 244 25 28 29 178 12 197 105 212 242 183 97 169 251 14
Route #11: 134 256 129 135 57 60 195 8 184 146 128 147 152 181 193 86 208 205 206 219 220 211 102 201 180
Route #12: 50 35 223 213 221 210 209 202 196 161 160 217 157 130 101 249 250 107 153 158 224 148 149 150 121 145 159 162
Cost 113308
Time 250.434
