Route #1: 251 20 33 36 22 24 52 9 34 25 229 230 237 10 16 7 29
Route #2: 228 14 249 255 250 247 221 220 209 225 178 185 212 158 156 222 215 153 155 145
Route #3: 240 241 201 197 210 166 224 174 175 173 208 188 190 254 199 227 238 72
Route #4: 160 159 161 146 214 128 252 253 202 191 189 23 187 32 193 194 80 26 149 115 11 90
Route #5: 89 135 112 186 179 121 117 235 242 110 3 6 8 5 177 4 19 204 205 206
Route #6: 45 87 98 57 56 236 203 207 40 226 74 211 141 213 181 150 167 164 169 172 198 196
Route #7: 133 127 147 144 132 126 111 165 131 154 151 122 163 136 125 88 68 42 232 218
Route #8: 95 113 79 120 93 82 76 85 81 91 108 86 114 140 139 107 97 106
Route #9: 183 129 246 217 30 41 61 239 162 39 47 49 102 43 53 77 48 27
Route #10: 38 28 63 64 35 31 17 109
Route #11: 69 67 66 51 234 176 219 70 195 200 119 168 152 134 96 148 138 94 137 130 244 157
Route #12: 248 180 65 118 101 123 216 44 37 73 1 2 18 55 243 46 12
Route #13: 223 233 116 124 92 184 21 54 100 103 192 170 171 182 143 105 60 99 84
Route #14: 71 62 75 59 58 50 83 231 78 13 104 15 142 245
Cost 101879
Time 435.76
