Route #1: 11 280 119 302 300 10 276 16 297 287 283 36 49 298 41 33 286 44 8
Route #2: 258 295 292 244 238 290 289 245 284 253 275 259 249 262 265 256 255
Route #3: 240 6 21 31 239 77 248 261 263 29 32 194 154 122 184 211 118
Route #4: 237 37 30 164 25 7 14 126 301 3 235 9 223 15 209 303 293 294 272 304 274
Route #5: 186 208 224 222 215 216 207 220 195 196 227 226 212 203 185 157 158 97 86
Route #6: 254 46 270 246 130 125 153 145 269 167 179 190 187 199 273 285 206 204 197 201 267 250 241
Route #7: 48 146 152 214 228 210 149 221 229 236 232 230 101 279 278 100 257 155 288
Route #8: 147 161 165 166 168 200 176 181 183 17 225 202 120 117 102 60 59 73 58 90 268
Route #9: 233 56 271 148 63 69 103 109 177 124 114 144 150 198 170 180 192 188 219 189 53
Route #10: 88 96 299 38 71 78 68 136 123 134 169 171 128 105 110 112 116 98 94 95
Route #11: 5 19 22 40 89 72 66 65 62 47 54 43 266 24 260 231 247 106 70 57
Route #12: 218 2 4 281 18 84 20 91 296 45 13 12 23 34 35 178 217 282 67 143 55 142
Route #13: 264 243 82 104 137 127 64 83 108 61 79 133 52 162 42 76 121 277 80 74
Route #14: 175 135 85 111 99 50 81 113 115 129 93 26 213 27 251 252 159 242 160
Route #15: 51 173 172 131 234 205 193 182 191 163 174 151 87 139 141 156
Route #16: 107 291 1 28 138 92 132 75 140 39
Cost 137386
Time 417.362
