Route #1: 83 263 122 297 39 87 279 109 246 107 166 274 38 171 187 196 74 213 337
Route #2: 137 158 243 4 350 351 286 324 317 264 319 197 344 349 151 106 94 91 268 117
Route #3: 133 25 116 93 353 361 227 112 358 326 248 327 262 194 35 245 237 110 145 82 148
Route #4: 183 173 34 131 219 320 40 168 198 318 81 136 119 142 174 188 18
Route #5: 98 92 130 141 113 62 345 21 72 128 306 129 228 191 185 175 80 108 47 362 100
Route #6: 247 135 295 178 159 280 161 313 88 256 37 67 172 311 17 68 73 356 304 265
Route #7: 157 200 223 201 207 229 71 314 226 233 284 259 276 277 193 167 333 293 180 206
Route #8: 56 1 89 231 336 357 164 156 189 184 204 222 205 217 218 138 266 250 294 299
Route #9: 240 290 255 69 99 16 300 214 90 202 51 77 75 312 220 97 2 54 190 182 114 102
Route #10: 281 328 132 177 60 58 36 55 63 84 221 64 57 241 46 216 236 258 252 234 253 210
Route #11: 105 244 287 23 272 181 251 254 235 150 267 208 33 101 143 224 186 154 126 118
Route #12: 29 48 26 359 215 124 209 203 146 127 120 121 103 104 144 85 86 111 225 123 249 230 153 140
Route #13: 239 115 242 257 195 162 163 278 160 176 179 321 322 170 169 340 342 165 339 155 149 134 139 332 323
Route #14: 232 212 199 147 125 152 305 347 283 291 307 292 288 76 352 22 270 96 363 211
Route #15: 9 301 3 8 70 28 6 10 30 31 43 53 52 49 346 341 343 5 308 325 338 285
Route #16: 32 192 19 261 275 20 282 309 315 329 331 335 355 302 298 310 7 11 303 316 14 334 50 330 289
Route #17: 238 273 296 348 364 45 66 79 354 44 27 24 360 95 13 59 61 65 41 42 78 12 271 15 260 269
Cost 174719
Time 694.297
