Route #1: 306 289 318 99 305 159 142 100 90 103 104 21 139 136 114 186 145 162 166 157 18 161
Route #2: 38 188 86 93 217 131 54 2 15 212 207 195 53 107 284 51 16 252 249 233 171 113 151 198 224
Route #3: 26 97 259 175 158 84 317 320 7 8 1 31 206 24 88 94 34 83 220 276 312 285
Route #4: 112 52 4 191 3 156 201 42 169 222 205 223 251 163 12 45 204 20 196 274
Route #5: 101 96 98 115 81 40 30 37 43 181 150 325 296 62 87 82 174 290 268 95 19 255
Route #6: 41 55 58 294 61 68 6 74 323 69 322 314 35 319 13 125 118 126 138 134 128
Route #7: 291 17 27 32 59 269 144 102 187 183 172 47 261 72 315 64 65 73 301 14 292
Route #8: 260 321 71 5 111 300 316 10 310 307 297 304 273 267 283 240 235 239 234 227
Route #9: 287 135 266 28 79 265 288 308 281 236 231 277 230 232 228 242 221 302 293 218 219
Route #10: 60 324 246 258 270 256 257 11 23 57 48 295 298 279 263 311 286 309 248 254 271 241
Route #11: 148 155 89 185 33 63 225 216 213 9 199 226 29 146 152 168 173 180 211 214
Route #12: 56 140 147 272 237 229 238 313 141 130 122 123 25 39 36 49 127 250 264 253 244
Route #13: 170 124 46 50 164 178 44 208 85 77 193 197 108 119 120 282 121 278 153 154 303
Route #14: 80 245 194 177 167 275 137 129 110 116 133 149 160 165 176 210 215 190 299 189 184 182 179 262 22
Route #15: 280 247 109 203 106 105 117 132 92 91 76 78 243 67 70 75 66 326 192 209 200 202 143
Cost 148291
Time 902.227
