Route #1: 376 359 18 179 255 247 289 154 133 210 222 163 373 274 400 120 132 11 360 197 207 381 224 313 82
Route #2: 375 229 293 3 251 413 318 374 15 240 285 321 368 408 104 311 380 324 112 21 16
Route #3: 149 348 388 61 115 218 83 303 67 308 204 46 259 327 194 164 345 338 68 8 131 97
Route #4: 287 349 310 69 301 135 190 230 389 20 14 369 84 273 17 90 57 265 283
Route #5: 361 72 364 350 170 330 85 176 371 358 40 315 45 66 217 151 122 302 63 269 43
Route #6: 341 288 331 326 24 309 250 116 117 49 260 262 5 25 362 246 355 282 100 261 42 139 416 329
Route #7: 147 96 111 94 102 226 234 50 208 209 91 74 73 352 182 78 200 320 267 56 314 316
Route #8: 253 178 231 213 266 244 140 145 48 181 173 183 171 155 81 306 296 118 138 13 71 105 70 65 172 351
Route #9: 159 158 347 119 405 109 93 52 31 395 396 403 233 60 356 156 212 304 409 35 235
Route #10: 325 377 292 270 39 354 53 54 128 148 55 76 89 121 401 387 146 113 47
Route #11: 245 221 38 257 300 124 36 203 153 365 248 249 107 33 101 168 414 232 175 277 169 337 399 193
Route #12: 32 404 392 41 87 184 167 134 80 12 88 64 397 386 391 384 312 378 398 382 402 34 92 415 95
Route #13: 280 305 180 258 276 37 252 201 195 216 284 370 166 160 186 214 215 205 4 256 123 291 58 271 243 86 383
Route #14: 126 157 22 141 27 225 385 7 6 162 1 9 298 236 286 219 2 110 98 297
Route #15: 410 150 334 333 357 79 336 323 239 272 367 363 242 241 238 279 332 307 353 281 275 196 188 191 185 328 237
Route #16: 192 317 106 411 319 187 29 254 161 127 294 322 339 199 189 136 174
Route #17: 295 206 108 220 99 299 342 406 211 346 394 28
Route #18: 407 165 393 335 290 144 379 125 264 44 344 142 130 59 177 143 223 412 30 268
Route #19: 390 137 202 26 340 198 114 10 343 51 263 366 228 227 75 278 77 62 103 152 19 129 23 372
Cost 125350
Time 604.193
