Route #1: 77 273 228 147 44 308 271 137 4 57 291 296 95 220 231
Route #2: 358 98 285 157 159 194 307 196 103 185 175 28 359 237 148 278 202 192 116 321 363 126 270 3
Route #3: 115 178 247 339 87 128 325 284 215 127 304 149 161 166 51 297 236
Route #4: 209 277 78 238 110 302 85 313 200 1 213 172 344 330 21 218 239 343 323 83 76
Route #5: 311 75 336 286 288 125 24 47 80 258 121 353 267 70 197 244 292 69
Route #6: 257 64 14 89 205 283 186 184 19 138 212 280 199 65 94 50 335 234 356 84
Route #7: 354 54 49 36 109 214 329 16 58 332 223 158 15 108 92 298 142 113
Route #8: 96 101 355 310 68 314 30
Route #9: 245 342 290 139 79 241 195 350 72 5 361 264 301 120 242 201 227 2 181
Route #10: 183 173 40 129 262 154 136 349 309 164 305 169 32 268 203 256 219 104 217 287 9
Route #11: 230 39 150 362 53 208 204 266 351 119 341 141 189 224 295 174 255 226 111 48 243 37 156 210 198 41 331 56 35
Route #12: 303 233 261 17 328 99 8 131 294 259 306 86 13 251
Route #13: 82 319 253 106 117 216 190 326 299 145 74 333 81 105 118 252 102
Route #14: 293 187 240 168 348 42 352 146 62 274 67 133 27 34
Route #15: 162 123 275 66 122 134 327 61 153 91 100 346 114 170 211 254 180 152 93 33 22 279 140
Route #16: 222 60 97 43 324 135 46 55 250 45 20 282 23 18 207 25 11
Route #17: 144 167 38 90 107 263 132 334 316 357 347 88 177 221 165 322
Route #18: 249 155 124 276 143 31 312 26 338 246 360 171 232 315 260 281 179 337 12 176 71 300
Route #19: 289 229 340 130 52 225 112 272 345 320 73
Route #20: 6 7 10 318 317 59 63 163 182 188 29 248 235 193 269 191 206 151 265 160
Cost 210411
Time 160.789
