Route #1: 203 8 10 16 15 252 249 243 196 194 180 190 191 197 93 188 185 187 172 171 18
Route #2: 193 176 219 201 214 215 210 224 238 242 17 209 9 213 206 19 216 202 208 222 223 186
Route #3: 111 136 138 135 46 156 74 76 67 79 29 25 35 78 62 237 28 27 232 26
Route #4: 71 166 207 228 233 231 230 32 235 6 31 246 22 240 30 44 225 56 199 5 132
Route #5: 109 174 152 204 73 129 117 45 118 177 165 33 181 157 179 39 36 236 3 250 159
Route #6: 7 59 63 60 251 66 112 48 50 4 229 113 217 227 245 13 80 116 142 126 218
Route #7: 160 88 41 61 99 101 23 85 147 87 164 119 58 55 239 234 248 52 38 226 69
Route #8: 94 133 65 141 149 150 221 24 37 241 125
Route #9: 173 178 198 124 200 211 146 139 195 108 102 114 106 120 110 86 89 20 192 90
Route #10: 21 49 130 161 183 12 140 82 75 121 105 70 68 134 247 104 98 81 14
Route #11: 34 151 115 244 122 153 144 154 168 205 220 212 100
Route #12: 77 57 53 91 84 92 51 72 1 83 95 64 11 2 47 42 40 54 148
Route #13: 155 162 96 43 123 128 145 167 163 170 189 182 184 158 143 131 137 169 107 97 103 127 175
Cost 125109
Time 435.872
