Route #1: 278 137 190 232 288 203 110 210 186 117 212 67 17 101 127 58 277 79 195 22
Route #2: 56 308 80 130 313 209 263 240 269 185 105 113 65 145 49
Route #3: 13 99 15 57 319 96 254 270 259 54 312 168 118 121 108 227 10 83 223
Route #4: 102 260 23 55 196 68 42 112 26 125 60 163 128 301 245 85 280 104 138 69 63 183 264 276
Route #5: 237 62 179 230 11 197 220 298 247 171 51 271 267 205 133 28 44
Route #6: 53 294 147 169 231 87 296 52 170 293 309 61 141 249 234 164 218 233 92 35
Route #7: 50 166 274 253 41 4 161 295 5 175 174 139 103 136
Route #8: 217 47 266 289 192 159 281 155 107 114 31 34 148 12 228 106 236 59 116 178
Route #9: 143 181 77 78 221 157 165 3 25 200 48 251 272 98 64 126 32 305 18 19 20 290 150 93
Route #10: 100 188 292 66 316 151 167 273 14 283 307 115 204 284 199 94 206 70 187 238 176 180 72
Route #11: 156 84 213 173 149 214 74 7 265 299 97 135 300 95 248 317 6 222 304 235 282 286 279 123 177
Route #12: 258 1 226 246 215 144 86 38 287 314 261 152 46 262 27 172 229 43 134
Route #13: 239 162 24 310 241 160 119 216 252 131 30
Route #14: 45 82 193 29 219 256 303 88 33 36 257 90 275 191 207 91 302 129 255
Route #15: 318 189 2 71 21 122 37 285 311 154 124 16 8 146 153 202 111 243
Route #16: 297 208 142 184 250 81 315 198 132 291 89 201 158
Route #17: 40 182 225 194 268 75 140 73 242 109 39 120 211 224 9 306 76 244
Cost 205750
Time 359.057
