Route #1: 146 145 120 41 105 78 191 86 99 170 163 160 153 20 119 118 121 126 138 157 77 48
Route #2: 172 40 112 79 127 139 74 164 161 84 88 87 193 200 199 107 181 101 166 131 103 165 154
Route #3: 192 208 202 212 190 178 150 151 207 210 177 52 179 65 49 43 137 66 142 62 42 185 184
Route #4: 189 91 93 94 204 215 224 90 221 216 225 27 17 16 73 89 64 61 11 33 183
Route #5: 1 136 133 19 188 130 217 59 201 214 223 5 206 57 175 205 171 67 35 222 162 95 12
Route #6: 180 34 26 29 60 45 44 7 125 122 195 4 9 10 81 174 58 56 53 15 3 213 197 186 194 96
Route #7: 187 54 167 158 13 140 76 220 115 25 168 70 80 155 156 144 128 104 124 209
Route #8: 196 8 21 24 55 36 117 85 135 69 72 82 182 147 110 132 143 50 23 37 75 102 176 100 46
Route #9: 14 211 71 68 83 108 111 47 116 38 18 39 106 218 219 63 169 31 32 149 148
Route #10: 141 51 28 129 152 113 114 22 97 92 6 173 109 98 30 203 159 2 198 134 123
Cost 112642
Time 249.703
