Route #1: 327 212 13 229 36 39 68 102 111 328 325 179 222 205 217 218 16 19 223 232 261
Route #2: 293 210 292 195 9 14 12 23 21 263 339 267 300
Route #3: 290 318 25 257 48 192 191 41 134 142 137 299 283
Route #4: 262 284 109 165 189 252 107 250 258 245 227 181 213 153 157 154 228 203 185 280
Route #5: 270 294 80 184 331 334 226 169 162 251 289 240 234 312 296
Route #6: 219 66 67 182 282 247 152 255 161 304 324 59 60 6 32 62 73
Route #7: 91 81 194 271 110 42 96 26 193 85 236 55 89
Route #8: 125 8 11 265 176 233 333 63 329 316 295 320 314 126 319 136 106 118 117 148 163 264 307
Route #9: 332 338 56 216 259 20 51 57 145 97 33 337 330 209 301 288 225
Route #10: 44 302 30 123 95 112 143 140 124 133 53 171 160 155 43 61 52 308 167 172 1 135 94 7 315
Route #11: 275 38 49 173 100 168 186 187 238 220 24 4 274 323 108 115 128 35 244 201 298
Route #12: 246 77 71 132 170 127 92 131 141 69 279 75 174 198 28 197 183 285
Route #13: 84 175 98 146 147 158 18 211 138 200 86 231 93 83 65 305 313 159 2 321 281 78 208
Route #14: 326 190 119 129 269 29 82 34 17 303 87 104 113 114 50 72 10 254 249 239 64 70
Route #15: 196 99 221 151 188 58 180 3 15 204 202 79 266 253 256 235 149 116 156 272 243
Route #16: 101 224 230 260 287 5 103 309 120 88 248 27 47 45 150 166 90 237 335 336
Route #17: 268 130 22 46 199 215 37 297 74 322 76 31 40 242 276 273 277 278 311 241
Route #18: 291 139 306 206 207 310 317 164 177 121 54 144 286 178 122 214 105
Cost 191418
Time 476.906
