Route #1: 38 11 108 87 7 46 41 33 28 50 115 207 73 29 118 45 97 98 20 31 23 124 10
Route #2: 106 60 114 90 95 39 47 37 40 22 210 3 206 198 101 197 104 194 92 17 49 44 21 61
Route #3: 62 154 143 144 100 134 88 105 86 175 170 34 211 56 209 1 129 75 94 149 117 84
Route #4: 72 16 2 12 18 25 52 172 77 70 76 155 187 161 4 122 185 169 24 30 43 42 48 112
Route #5: 74 6 68 8 145 35 163 125 14 152 83 109 13 147 54 213 153 162 55 19 203 160 67 178
Route #6: 9 199 58 57 196 65 157 110 204 158 146 212 127 128 59 96 121 186 205 53 133 208 202 81 79 200
Route #7: 135 183 66 182 201 180 69 78 142 184 191 171 82 150 36 80 164 167 113 64 63 89 177 32
Route #8: 119 111 123 99 132 156 141 130 131 137 51 192 174 195 188 190 189 176 159 136 126 168 166 140 139 103 181 107
Route #9: 179 193 173 27 71 116 165 26 148 85 138 93 15 120 5 91 151 102
Cost 77964
Time 485.555
