Route #1: 19 204 211 140 152 246 139 59 253 149 274 84 283 251 309 40 73 209 200
Route #2: 131 10 270 304 66 88 134 185 3 95 174 163 166 229 44
Route #3: 294 223 217 237 202 176 104 190 241 130 105 277 112 75 37 108 199 164
Route #4: 97 9 292 74 286 299 167 35 188 31 80 298 307 265 153 5 171 38 305 303
Route #5: 52 289 208 101 85 60 72 119 133 13 49 103 156 205 26 71
Route #6: 56 136 252 141 184 2 178 267 281 57 297 301 250 78 264 121
Route #7: 120 186 198 70 242 94 197 98 77 169 276 48 62 154 161
Route #8: 109 278 93 113 306 64 46 247 256 58 8 187 155 20 79 115 232 214 262
Route #9: 47 132 179 168 230 128 36 268 226 114 228 86 34 142 25 137 182 227 290 145 43
Route #10: 173 17 269 210 245 18 239 24 193 27 99 106 41 159 65 261 147 183 308 244
Route #11: 218 69 263 254 207 124 118 291 81 234 296 23 240 189 206
Route #12: 12 258 255 310 257 117 236 272 45 100 275 21 216 219 122 220 195 284 76 259
Route #13: 260 157 15 175 87 146 28
Route #14: 158 222 273 55 249 203 266 30 225 201 180 135 91 96 235 224 162 6 300
Route #15: 170 92 243 293 288 82 181 126 68 129 233 4 285 280 138 61 172 302 213 16 42 116 22
Route #16: 11 39 1 102 151 148 33 271 63 54 83 110 123 221 287
Route #17: 191 89 279 144 90 192 67 215 29 32 127 282
Route #18: 177 143 107 231 14 295 248 212 160 125 165 7 51 196 111 150 194 238 53 50
Cost 235536
Time 263.557
