Route #1: 266 227 207 267 181 145 209 201 218 159 176 191 221 234 238 251 405 241 230 200 180 292 275 247 239 271 314
Route #2: 259 240 228 272 64 281 101 279 242 211 84 100 414 103 147 163 114 117 185 128 161 106 86 246 420 66
Route #3: 75 79 96 415 91 162 1 165 126 127 212 129 154 153 152 187 148 151 260 171 158 155 149 287 97
Route #4: 306 277 11 198 192 202 379 383 210 367 204 203 215 206 355 270 293 178 160 362 363 382 122
Route #5: 305 320 318 340 6 343 16 321 322 310 302 300 331 299 319 289 295 217 304 12 290 83 82 74 3 312 21
Route #6: 365 2 426 49 55 396 71 88 375 67 62 61 65 78 334 76 57
Route #7: 346 368 361 113 15 125 397 374 183 377 424 175 174 34 118 17 70
Route #8: 69 391 85 60 59 389 33 399 8 13 26 45 400 393 388 283 42 43 47 385 386 403 370 344 311
Route #9: 417 137 323 350 373 380 398 395 404 418 421 407 412 401 387 19 353 349 23 347 345 14 429 402 410
Route #10: 297 369 256 381 77 37 316 352 324 301 315 328 327 325 338 354 366 337 360 329 406 409 348 342 341 427
Route #11: 102 133 229 31 423 48 282 261 56 52 63 87 411 408 93 376 422 20 222 357 308 44 40 428
Route #12: 135 28 332 112 5 276 269 25 248 333 150 166 257 313 231 371 197 190 252 141
Route #13: 296 94 7 430 99 108 130 235 280 233 284 143 196 184 173 330 10 24 53 38 298 268 273
Route #14: 188 255 288 41 29 425 80 72 58 46 107 232 243 30 223 224 416 336 225 119
Route #15: 35 138 390 50 9 54 172 278 274 168 115 121 89 81 378 104 105 51 392 254
Route #16: 182 22 286 109 177 140 285 116 146 134 186 213 195 194 351 208 95 214 219 193 170 120 132
Route #17: 394 335 236 205 169 4 249 179 265 216 92 253 32 264 144 142 90 111 98 36 326
Route #18: 73 164 189 317 262 237 263 136 167 68 250 303 157 226 131 39 220 356 124 309 339 18
Route #19: 364 384 294 359 244 27 358 372 291 110 156 123 139 245 413 307 258 419 199
Cost 187776
Time 780.752
