Route #1: 253 421 453 444 452 38 325 122 8 300 454 202 278 35 448 240 43 286 446 424 27 239 4
Route #2: 320 393 305 298 264 414 221 196 419 417 439 232 418 231 225 371 405 299 293
Route #3: 408 190 192 213 143 238 39 16 276 10 11 5 307 313 343 341 427 368
Route #4: 401 433 347 348 310 25 314 33 36 331 336 339 354 351 413 440 450 412 218
Route #5: 416 437 409 346 332 386 422 376 411 392 370 349 344 101 147 63
Route #6: 46 74 207 86 247 244 291 402 285 436 375 357 330 274 389 356 241 230 441 59
Route #7: 235 116 398 394 262 283 263 180 83 144 340 280 388 442 3 12 142 438 380 426
Route #8: 125 124 105 14 242 205 220 266 243 102 54 296 211 80
Route #9: 113 429 50 45 135 112 174 96 90 361 282 435 153 92 403
Route #10: 187 177 324 131 176 415 99 64 95 121 58 167 162 130 185 184 245 114 115 367
Route #11: 384 327 334 306 407 88 15 406 378 338 295 420 428 53 28 277 400
Route #12: 69 256 301 70 158 396 335 410 78 138 186 123 248 251 390
Route #13: 195 270 164 73 181 379 445 275 91 104 193 399 163 7 29
Route #14: 55 26 57 366 139 155 111 168 178 223 100 81 179
Route #15: 281 13 309 62 87 397 271 42 22 382 353 32 236 237 219 126 67 328 165 110 98 355
Route #16: 383 385 206 303 6 294 308 65 118 97 146 173 77 246 117 443 272 431 304 451 148 199
Route #17: 61 82 31 214 217 215 222 260 362 51 269 157 94 302 268 322 317 321 40 119
Route #18: 265 423 425 183 449 391 172 108 72 404 342 9 323 290 279 85 79 84 333 188 166
Route #19: 257 140 212 319 345 432 204 201 103 107 34 312 258 259 18 289 249 75 255 175
Route #20: 273 261 44 145 154 226 151 194 171 252 364 227 191 228 233 234 24 21 292 288 41 129 136 159
Route #21: 209 93 208 160 141 284 76 23 56 2 49 71 68 19 20 1 287 198 17 170
Route #22: 127 337 318 210 133 381 137 352 152 197 377 30 216 106 359 447 161 60 52
Route #23: 128 149 109 363 150 311 156 66 134 254 360 374 350 189 316 169 329 358 434 395 120 229
Route #24: 315 37 47 182 326 89 132 250 203 369 373 372 267 297 48 224 387 365 430 200
Cost 263475
Time 468.858
