Route #1: 160 138 140 145 113 106 112 109 73 100 101 107 111 128 118 123 158 153 223 98
Route #2: 172 147 141 89 66 85 234 60 186 64 55 99 91 86 130 79 78 61 97 59 62 65 56 72 88 1 76
Route #3: 131 119 120 132 124 126 134 45 50 47 44 144 38 148 151 149 135 102 142 105 43
Route #4: 32 104 103 114 110 191 108 208 96 87 170 193 202 194 198 205 229 224 84
Route #5: 155 146 139 127 133 13 154 167 169 187 200 204 163 178 176 165 166 179 164 212 228 122 117
Route #6: 232 3 181 152 24 214 40 52 75 63 209 22 143 20 195 31 39 48 34 183 184 173 177 174 171
Route #7: 162 197 190 180 201 199 206 213 14 2 188 182 185 175 168 4 233 129 137 159 161 150
Route #8: 83 74 15 68 41 54 36 94 30 92 93 16 21 28 29 70 77 5 227 80 221
Route #9: 25 17 19 49 231 218 215 211 210 225 219 222 220
Route #10: 42 82 125 116 115 58 207 226 69 37 10 217 57 51 46 196 230 216 192 12 189
Route #11: 33 53 71 95 121 26 11 67 81 136 157 18 27 9 6 90 203 156 35 23 7 8
Cost 114632
Time 889.254
