Route #1: 257 255 240 237 234 179 158 229 300 249 200 245 242 243 221 24 189 214 154 120 267 157 209 215 236 210 217 227
Route #2: 383 80 141 136 108 191 169 122 90 233 254 47 54 62 48 49 57 70 211 130 182 226 1
Route #3: 188 81 187 220 261 115 138 232 153 341 159 347 168 164 165 248 251 107 92 123 135 133 143 88
Route #4: 67 75 344 60 151 180 193 194 360 359 349 337 172 170 357 174 152 29 111 33 11 98 21 63 58 396
Route #5: 252 27 378 372 374 362 363 366 375 364 365 361 68 327 308 306 110 276 241 250 262 246
Route #6: 271 291 292 307 281 286 299 387 321 319 320 313 19 392 393 309 336 356 339 345 328 325 295
Route #7: 277 395 147 121 30 42 26 20 94 95 66 41 25 17 113 118 192 348 167 149 350 340 351 148 280
Route #8: 358 305 369 314 335 342 343 324 326 323 303 287 284 274 126 244 296 317 316 294 293 127 318
Route #9: 298 397 310 315 18 73 69 368 61 55 13 38 40 10 389 46 390 74 282 270 205 391
Route #10: 265 218 322 228 346 380 86 45 388 352 381 384 379 311 312 394 373 285 297 288 266 247 273 260
Route #11: 44 385 2 183 354 32 131 382 216 22 264 137 370 101
Route #12: 28 31 85 116 36 7 256 34 155 173 353 59 139 224 50 301 23 82 79 156 377
Route #13: 334 83 177 258 330 142 259 263 275 283 89 93 268 279 76 39 56 290 104
Route #14: 386 195 105 103 64 253 8 3 6 9 51 278 65 52 166 178 106 37 35 114
Route #15: 176 304 219 4 367 84 99 125 185 269 96 186 14 162 163 212 181 109 161 329 190 175
Route #16: 272 197 87 78 77 198 184 201 208 203 199 333 134 119 53 117 91 100 231 238 230 331 225 102 12 171
Route #17: 332 222 43 376 144 235 97 145 206 128 213 150 5 223 71 129 302 132
Route #18: 15 289 338 239 207 160 112 355 371 16 146 124 196 140 72 204 202
Cost 181868
Time 664.191
