Route #1: 112 46 64 100 159 139 40 116 177 68 33 123 24 18 83
Route #2: 82 202 184 32 134 142 96 110 171 132 185 73 167 203 12 13 27 80
Route #3: 130 128 39 26 186 166 197 176 22 28 124 37 2 98
Route #4: 9 52 189 157 60 47 125 90 93 141 140 63 153 88 17 51 206 89 81 163 94 127 126 169
Route #5: 44 196 86 85 104 23 56 199 76 75 79 201 193 48 160 187 25
Route #6: 91 36 105 172 164 29 135 15 8 205 21 99 131 1 102 155 11 101 117 42 66
Route #7: 31 53 149 113 148 92 165 3 59 147 57 16 156 65 35 190 61 6 137 198
Route #8: 144 87 84 182 204 118 45 119 55 129 161 20 162 183 43 181 175 158 143 133 145
Route #9: 74 30 54 49 108 191 173 188 95 115 72 168 62 180 179 138 136 106 19 122 114
Route #10: 38 174 97 78 111 194 151 195 103 4 109 5 50 58 154 14 152 170 41 178
Route #11: 146 67 150 192 71 10 77 120 121 107 70 69 34 200 7
Cost 114152
Time 281.899
