Route #1: 220 71 102 100 86 84 55 62 73 16 91 105 107 108 36 212 76 190 50
Route #2: 191 93 211 208 23 106 218 90 41 8 101 118 127 78 161 66 47 57 52 46 114
Route #3: 1 219 74 28 143 112 77 81 104 30 38 72 92 145 56 59 20 123 15 25
Route #4: 63 95 54 129 134 82 65 35 80 125 2 70 29 183 192 14 34 12
Route #5: 45 32 111 177 115 126 132 128 131 166 216 136 96 68 49 141 58 109
Route #6: 119 171 103 130 19 140 189 51 138 168 4 43 21 155 122 133 121 60
Route #7: 165 182 7 214 40 39 42 6 193 69 44 206 213 210 205 195 184 150 142
Route #8: 157 33 37 9 22 24 26 27 31 10 75 67 48 53 201 18 203 209 204 202 185 154 158 200
Route #9: 199 188 197 196 17 3 162 5 222 147 198 179 148 187 207 215 221
Route #10: 124 97 175 174 79 173 88 194 85 89 94 83 180 181 176 178 151 153 163 167 156 164 13 11
Route #11: 160 149 146 144 139 170 137 152 135 159 116 87 64 99 98 110 120 113 172 61 217 117 169 186
Cost 110823
Time 458.991
