Route #1: 186 173 69 144 228 21 73 90 4 211 11 68 107 264 194 22 184 161 164 272 134 190 123
Route #2: 155 84 23 10 88 83 195 106 150 5 185 240 14 101 193 2 52 183 141
Route #3: 51 135 146 16 27 116 127 93 48 103 92 34 176 182 177 180 197 171 32 181 109 137 80 17
Route #4: 159 47 97 124 37 49 79 248 95 99 122 91 200 119 43 39 8
Route #5: 175 9 25 86 209 169 54 67 3 98 89 13 78
Route #6: 104 126 189 138 142 136 133 112 132 118 85 152 157 165 15 265 192 217 100 50 41 65
Route #7: 210 219 221 7 241 128 167 156 222 236 82 250 148 269 273 117 234 178 151 235 36
Route #8: 198 60 57 33 19 31 145 120 58 53 71 215 154 205 121
Route #9: 130 266 147 26 113 271 263 260 208 259 207 227 172 102 45 258 257 125
Route #10: 245 246 238 226 232 108 87 218 239 153 20
Route #11: 96 166 191 163 162 62 212 35 18 30 204 255 46 187 160
Route #12: 229 81 252 105 196 243 12 111 66 75 28 223
Route #13: 262 230 231 249 270 64 40 115 140 139 38 74 131 42 44 55 56 110
Route #14: 213 76 77 70 149 268 1 242 244 170 174 143 61 129 168 158 225 59
Route #15: 202 29 24 247 251 256 254 233 63 72 203 267 237 253 114
Route #16: 199 261 220 214 6 94 188 179 224 201 206 216
Cost 161630
Time 213.81
