Route #1: 286 46 451 6 462 243 43 83 436 534 196 230 318 249 413 457 303 422 39 123 516 409 402
Route #2: 168 433 36 268 452 102 527 28 426 50 107 399 555 149 479 261 448 104 141 468 62 25 94 84 59
Route #3: 75 333 504 257 182 125 8 69 529 29 464 389 533 523 295 282 508 444 396 412 250 33 80 370 497
Route #4: 364 351 441 218 371 195 510 153 281 388 128 165 454 379 438 186 482 35 32 190 52 242 126 56 72 21
Route #5: 532 161 390 528 342 14 167 96 97 293 472 476 17 549 206 188 419 401 265 407 471 372 145
Route #6: 91 157 7 446 192 431 374 1 30 276 203 445 507 172 74 287 391 10 325 480 327 458 477 248
Route #7: 365 176 216 352 488 375 376 53 260 221 16 356 181 308 410 500 430 466 22 484
Route #8: 175 152 210 49 73 199 142 301 264 202 184 174 66 421 224 134 470 272 223
Route #9: 552 461 116 415 95 241 189 284 442 217 117 339 11 393 387 353 156 526 147 178 67 244 57 539
Route #10: 93 377 459 395 306 209 341 408 3 311 267 71 557 100 302 177 187 200 179 323 18
Route #11: 246 385 108 68 79 63 109 321 337 309
Route #12: 511 406 89 256 495 520 317 514 41 40 47 193 78 258 550 545 305 328 146 320 449 392 394
Route #13: 148 120 275 515 143 111 23 541 538 61 269 197 363 505 37 469
Route #14: 424 522 384 547 556 434 115 130 501 212 397 456 358 551 283 366 300 180 45
Route #15: 222 138 512 386 381 291 162 160 124 518 15 113 349 234 329 316 24 380 543 340 198 121 439
Route #16: 183 13 137 558 548 101 169 503 417 369 274 154 159 348 132 492 360 27 288 465 428 463 194 227 252 346
Route #17: 279 347 483 81 60 330 205 334 263 429 554 336 297 26 378 400 140 122 251
Route #18: 171 155 98 416 453 373 519 544 64 294 166 450 467 76 478 245 232 19 207 77 345 313 164 235
Route #19: 432 486 229 163 338 435 253 191 151 5 314 517 240 307 106 112 90 404 535 87 99
Route #20: 58 277 213 331 546 326 44 455 231 85 173 357 170 2 344 322 304 65 361 237 335
Route #21: 247 531 273 398 491 255 225 129 236 185 502 119 82 319 86 443 133 55 219 233 215 420 521 367 485
Route #22: 553 530 51 150 540 460 201 48 525 481 238 271 411 350 499 211 135 494 54
Route #23: 136 382 278 262 474 487 414 103 383 498 144 139 405 208 204 368 513 427 214 536
Route #24: 403 343 259 270 42 542 312 324 20 310 440 418 228 226 355 447 489 362 332 359 506 70
Route #25: 292 299 239 38 31 354 92 496 127 9 490 537 254 34 4 437 493 105 423 290 298 280 475
Route #26: 296 131 524 118 509 220 285 88 473 114 425 12 110 266 158 289 315
Cost 292488
Time 443.864
