Route #1: 166 232 22 131 132 184 222 153 135 113 109 90 6 99 101 123 108 103 97 21 245 40 162 59
Route #2: 229 158 140 133 118 102 91 86 85 142 243 146 147 120 2 170 181 145 136 167
Route #3: 37 129 31 32 15 14 71 3 65 157 89 164 152 112 88 83 61 58 43 44 34 39 161
Route #4: 193 168 84 151 67 50 1 134 82 80 165 201 194 202 185 183 171 172 159 156
Route #5: 150 148 178 188 128 126 213 121 219 189 115 160 119 224 110 104 73 240 207 53 41 33 38 35 29
Route #6: 190 198 221 242 236 199 197 205 200 209 246 210 13 12 9 244 241 5 247 226 187 87
Route #7: 27 62 196 195 212 216 238 16 17 68 25 26 75 93 96 8 227 231 220 218 20 18 47
Route #8: 114 76 137 176 235 51 55 63 23 36 206 182 144 204 154 228 24 4 239 237 203
Route #9: 81 106 214 143 225 179 192 215 217 211 180 49 64 42 111 30 173 107 130 175 163 19 78 77
Route #10: 69 138 45 94 74 105 57 70 92 54 7 11 60 230 98 174 125 117 28 122
Route #11: 177 46 149 169 95 139 186 141 66 52 56 116 223 124 48 127 100 72 233 10 155 191 79 208 234
Cost 123187
Time 325.567
