Route #1: 156 71 215 182 247 3 453 310 166 211 333 455 2 111 397 326 285 167 163 252 209 290 40
Route #2: 47 447 8 450 383 296 157 223 449 240 154 425 412 155 108 34 273 185 191 254 363 100 116
Route #3: 330 61 97 122 357 315 390 277 218 244 287 231 242 146 118 1 123 294 380 93 334 359 66 236 174
Route #4: 313 384 343 301 18 293 205 192 91 159 204 147 168
Route #5: 125 428 266 179 45 115 127 131 6 364 134 220 324 189 4 7 349 289 186 197 13 327 344 213 375 196
Route #6: 387 374 433 311 35 72 393 142 434 200 337 413 408 360 284 88 314 407 442 12 403 427 160 278 279
Route #7: 30 245 456 178 342 378 435 44 253 21 124 292 369 141 137 69 22 356 417 36 42 81 11 260
Route #8: 9 268 99 49 401 224 348 441 323 421 181 5 267 184 249 420 355 251 153 262 64
Route #9: 20 225 195 68 151 103 322 283 129 346 436 317
Route #10: 78 203 446 202 89 126 172 235 431 399 432 51 452 389 373 396 438 448 440 46
Route #11: 219 161 152 92 65 398 23 365 135 303 113 367 109 304 388 424 409 241 87 263 229 358 208
Route #12: 429 233 385 312 149 271 74 237 199 238 102 217 38 445 422 95 80 338 106 416 169 105 366 250 222 58 328
Route #13: 395 101 183 201 415 227 77 309 269 404 27 83 180 221 439 410 86 133 299 308 63 75 173 255 259 29
Route #14: 70 368 162 329 350 302 331 406 190 418 318 386 187 256 414 94 98 298 457 226 321 117 60
Route #15: 362 96 430 426 90 230 188 232 56 145 419 295 10 246 243 54 143 130 264 26 50 286 53 332 144 361 354 353 423
Route #16: 28 176 112 165 261 257 372 411 341 335 59 382 57 33 82 132 39 402 454 41 31 379 140
Route #17: 234 171 175 170 258 14 280 281 391 139 325 339 104 216 316 340 136 248 73 370 405
Route #18: 351 114 16 15 85 377 272 128 37 119 300 228 207 55 79 352 274 212 52 198 347 381 76
Route #19: 371 62 270 336 206 306 345 107 214 150 307 437 444 194 297 148
Route #20: 451 319 158 305 193 84 265 276 177 164 376 443 138 32 392
Route #21: 67 275 19 25 110 282 121 291 394 43 48 400 120 210 239 24 17 320 288
Cost 222949
Time 488.958
