Route #1: 92 36 198 286 208 175 29 19 20 88 263 110 173 83 294 279 199 326 285 64 216 302 276 270
Route #2: 167 174 291 149 265 190 189 202 229 109 273 182 253 320 288 158 155 139 113
Route #3: 71 165 61 308 298 77 196 128 306 186 169 32 247 134 96 142 73 59 221 150 51 272
Route #4: 94 89 318 28 3 328 283 101 91 108 57 69 124 90 210 227 207 248 75 257 157
Route #5: 135 45 132 233 178 40 252 145 99 293 65 44 258 262 187 300 148 325 12
Route #6: 194 81 259 303 151 107 162 152 62 282 67 102 97 220 131 98
Route #7: 177 236 241 249 130 240 314 153 123 126 125 72 217 8 267 144 289
Route #8: 192 147 232 181 284 278 301 78 251 264 319 116 160 21 211 9 204 34 164 26 218 60 234 85
Route #9: 100 172 121 48 203 82 95 33 222 37 323 205 327 237
Route #10: 93 311 296 74 304 104 201 324 312 226 275 52 41 143 287 5 224 22 43 10 25 137 238
Route #11: 53 239 269 188 7 244 58 136 138 140 299 146 274 295 105 54 47 307 171 141 268 163 316
Route #12: 154 79 117 63 2 159 321 68 170 235 313 242 206 119 191 310 14 103 56 179 180 50
Route #13: 112 305 127 225 118 214 115 133 290 55 76 250 254 176 200 129 215 23 261 49 31 24
Route #14: 271 30 86 42 161 195 122 219 16 66 197 223 309 70 114 209 13 168 111 46 106 1 281
Route #15: 11 243 213 120 87 84 184 156 292 322 228 315 297 193 15 166 266 246 6 212 183 17 231 4 280
Route #16: 185 27 18 317 230 256 277 260 35 245 255 39 38 80
Cost 143080
Time 430.513
