Route #1: 21 148 118 23 113 62 149 159 138 198 86 184 55 123 100
Route #2: 11 30 168 99 39 88 72 119 18 143 120 76 183 15 45 46
Route #3: 9 133 54 59 144 104 111 73 185 177 179 150 78 22 125 127 85 163
Route #4: 31 170 112 182 87 187 193 160 141 145 14 140 188 171 68 20 53 92 134 176 97 110 50
Route #5: 128 154 124 10 121 107 173 69 74 42 142 44 84 161 98 29 95 1 157 24 197
Route #6: 33 13 189 105 102 40 37 91 109 77 81 52 116 6 65 89 174 122 106 43
Route #7: 75 48 192 190 164 93 147 60 51 129 181 83 3 80 63 4 27 195
Route #8: 71 56 131 135 7 36 35
Route #9: 103 108 8 90 114 96 167 94 66 175 156 158 41 67 155 165 132 64 194 166
Route #10: 58 2 47 101 162 178 25 79 191 186 196 57 117 200 180 70 5 126 130
Route #11: 32 172 146 26 137 169 19 38 17
Route #12: 49 82 151 61 139 115 28 34 16 12 199 153 152 136
Cost 123941
Time 162.669
