Route #1: 303 286 171 108 391 109 135 283 312 10 222 236 359 375 394 339 400 82 416 80 243 71 46
Route #2: 299 275 219 279 6 309 137 65 235 344 351 114 154 179 143 112 287 5 11 184 330
Route #3: 261 276 382 347 348 364 271 194 209 210 282 274 277 273 238
Route #4: 38 341 346 52 51 29 334 361 383 362 418 230 370 35 331 146 399 123 252 352 349 345
Route #5: 270 14 139 384 122 326 23 374 121 302 301 396 78 96 398 395 409 443 22 233 140
Route #6: 216 435 446 81 445 178 12 138 4 360 264 189 79 327 288 155 414 232 306 76 256 90 24
Route #7: 170 413 169 196 186 424 164 325 310 182 17 423 254 429 245 187
Route #8: 246 251 103 110 223 231 227 300 363 9 142 193 153 335 63 144 73 234 105 292 322 1 3 41 386 86
Route #9: 450 247 260 244 241 240 200 165 161 181 332 188 229 320 318 294 237 253 177 263
Route #10: 75 89 120 124 133 97 85 83 74 228 278 37 67 107 136 248 272 307 265 77 308 456 452 354
Route #11: 64 420 212 195 284 156 281 152 148 280 157 298 390 175 419 176 201 289 368 378 381 353
Route #12: 457 385 26 36 427 430 70 417 113 30 132 54 66 442 211 406 190 422 185 173 441 130
Route #13: 355 408 402 403 412 444 397 19 439 366 379 388 401 20 34 437 426 432 449 44 433 60
Route #14: 87 104 106 94 91 431 8 365 45 250 125 128 367 369 357 373
Route #15: 192 213 40 99 454 342 98 28 33 27 338 376 115 255 47 262
Route #16: 428 451 58 7 421 387 129 258 49 438 18 61 68 69 42 92 43 95 436 53 31
Route #17: 202 198 218 266 39 15 55 214 290 207 305 393 32 208 13 415 160 285 50 434 407 371 329 425 134 100
Route #18: 21 323 62 267 226 455 296 410 448 197 304 319 321 269 356 350 333 317 147 291 268
Route #19: 377 102 163 162 293 168 151 111 126 117 217 88 101 404 295 336 72
Route #20: 224 315 405 340 249 180 392 16 328 358 174 311 159 93 225 324 314 372 25 183 215
Route #21: 297 150 119 56 118 191 313 199 204 239 242 220 221 116 141 205 149 158 167 172 59
Route #22: 447 203 343 57 380 84 131 48 389 166 440 2 453 257 337 206 145 411 316 259 127
Cost 217323
Time 714.436
