Route #1: 180 158 136 137 119 170 179 204 205 214 244 255
Route #2: 238 247 249 96 167 115 1 393 144 145 217 225 219 125 89 91 76 78 99 101 64 113 139 133
Route #3: 69 260 240 268 294 192 26 135 171 66 59 248 245 257 221 241 67 224 193 212 254
Route #4: 114 126 256 218 216 275 250 215 366 234 157 207 209 231 276
Route #5: 54 305 310 121 301 148 172 177 186 189 190 338 386 380 371 166 173 235 251 262 252 242 92 264
Route #6: 296 295 302 314 87 269 326 10 141 384 11 12 8 15 392 391 390 236 229 230 223 325 266 265 282
Route #7: 364 360 358 355 34 120 370 159 169 175 176 345 347 182 336 161 152 330 142 334 288 93 73 304 77
Route #8: 226 232 349 278 313 316 23 311 17 327 27 42 352 350 36 37 53 61 72 357 362 359 354 351 44 52
Route #9: 62 79 104 116 124 155 32 14 138 80 20 102 363 328 70 320 318 307
Route #10: 13 45 308 291 289 285 292 309 337 339 342 340 379 375 376 385 368 74 48 381 348 283 306 281 286
Route #11: 322 220 321 331 156 208 128 122 188 280 146 299 300 315 323 317 332 303 298 293 21 154 28
Route #12: 94 277 270 261 111 211 377 51 383 86 88 97 85 5 346 83 47 108 55
Route #13: 160 63 130 131 38 132 58 274 258 206 287 344 329 95 361 98 90 82 343 369 129 341
Route #14: 127 335 118 65 196 40 267 178 263 7 373 367 168 185 107 147 227 297 374 191 112 239 372 387 200 259
Route #15: 237 60 210 253 68 201 84 149 33 18 181 134 22 243 49 39 35 75 123 2 16 41
Route #16: 333 388 117 81 43 4 3 389 31 56 150 50 100 184 140 195 194 198 273
Route #17: 279 272 202 284 222 353 24 57 109 165 30 233 29 187 151 163 213 9 25 356 6 246
Route #18: 228 110 105 106 162 71 103 164 153 174 183 197 199 143 46 324 203 319 378 271 290 312 365 19 382
Cost 175723
Time 487.311
