Route #1: 74 158 154 28 186 50 87 169 46 157 111 5 195 163 198 146 44 7 15
Route #2: 130 70 56 66 129 152 120 139 99 10 106 68 71 128 91 76
Route #3: 122 95 134 89 181 90 112 191 153 79 43 201 207 165 115 126 113 187 199
Route #4: 29 132 196 97 219 217 177 63 59
Route #5: 188 121 209 83 189 22 179 109 136 193 183 150 36 82 216 9 61 1
Route #6: 13 37 184 104 73 2 160 35 24 96 77 145 72 220 107 185 174
Route #7: 142 80 3 33 20 123 78 26 105 144 57 147 11
Route #8: 92 170 180 27 148 131 88 211 47 67 23 8 30 124 98 84 205
Route #9: 208 81 64 197 176 143 86 39 62 32 218 210 155 162 69 164 167 215 151
Route #10: 212 140 25 31 54 175 116 206 173
Route #11: 53 14 118 51 85 102 213 204 6 38 117 137 42 17 171 103 75 58
Route #12: 119 52 45 149 161 4 125 202 182 190 133 203 18 19 40 138 12 114 108
Route #13: 65 178 200 49 135 93 168 156 159 110 34 48 55 141 172 192 166 101 194 100 60 16 127 214 94 41 21
Cost 170668
Time 106.463
