Route #1: 39 251 394 289 287 119 249 222 237 144 367 16 192 432 404 362 103
Route #2: 136 254 214 205 201 188 166 146 129 33 22 62 76 223 207 211 74 165 430 125
Route #3: 181 236 142 121 55 148 259 352 331 274 159 234 43 424 137 127 210 209 99 104 56
Route #4: 241 257 32 413 363 141 155 101 75 199 124 149 171 204 193 164 170 202 190 151 435
Route #5: 123 128 13 25 19 208 324 383 334 81 73 131 258 298 311 200 172 309
Route #6: 17 302 270 300 290 47 108 110 107 175 45 58 48 14 8 15 37 232 238 86
Route #7: 203 296 312 247 167 304 288 57 145 246 91 197 265 150 240 183 78 2 1 115
Route #8: 239 348 231 109 7 226 84 36 217 46 395 408 301 130 173 102 53 31 30
Route #9: 271 387 184 276 42 384 77 438 82 88 92 94 90 93 415 44 391 382 250
Route #10: 156 10 372 5 414 428 313 215 253 410 219 96 248 132 20 213 275 122
Route #11: 49 27 29 35 54 160 51 174 178 60 98 111 72 50 420 392 417 406 397 351
Route #12: 329 407 422 402 433 436 423 67 9 409 400 401 34 40 403 398 390 80 69 59 399 24 21 194 18
Route #13: 314 346 319 358 335 366 361 418 419 427 426 416 411 357 353 349 339 356 355 342 343 443 441 442
Route #14: 318 320 278 282 333 291 294 328 315 317 306 371 365 344 354 359 364 378 376 375 379 385 381 377 373 321 347
Route #15: 396 327 405 440 338 340 337 285 3 4 439 323 307 308 325 326 330 336 360 322 293 316 310 297
Route #16: 153 168 386 369 187 177 169 176 114 230 295 180 179 393 196 374 182 195 154 370
Route #17: 41 28 388 52 71 106 120 126 11 12 380 138 266 267 147 245 135 139 95 105 112 116 163 97 113
Route #18: 273 255 256 143 140 100 425 87 117 89 118 134 212 228 280 277 350 412 421 429 437 434 389
Route #19: 332 85 345 79 83 66 70 61 23 252 64 268 272 63 68 65 341 224 233 244
Route #20: 305 368 220 235 242 431 186 185 157 198 152 38 162 191 189 286 206 225 292 283
Route #21: 216 261 133 158 218 243 263 262 260 303 299 229 227 284 279 264 269 161 26 6 281 221
Cost 201852
Time 919.436
