Route #1: 141 23 119 29 28 109 111
Route #2: 2 281 39 233 78 26 210 257 54 120 98 61 74 59 245 34 110 81 247 265 22 64 161
Route #3: 117 31 128 86 45 294 6 3 156 36 62 77 66 56 44 57 19 16 272 236 237
Route #4: 149 155 264 196 199 32 288 121 47 49 30 112 214 46 48 65 139 55 125 207 129 60
Route #5: 171 37 43 50 52 108 92 200 76 40 71 69 67 70 63 72 80 82 305 1 300
Route #6: 83 279 101 107 159 41 42 160 277 209 79 274 142 255 256 283 222 105 106 206 198
Route #7: 53 122 170 169 157 127 103 144 138 113 90 87 88 94 96 102 116 91 126
Route #8: 84 183 162 150 151 143 131 130 132 175 181 184 187 218 114 246 254 172 215 203 231
Route #9: 95 174 182 185 193 205 217 136 148 192 223 167 168 154 147 124 137 135 134 97 85
Route #10: 242 73 4 38 58 275 298 308 176 165 166 153 100 99 12 115 309 280 270 278
Route #11: 75 261 243 249 250 239 197 195 204 208 133 190 186 164 163 152 140 93
Route #12: 269 178 188 262 173 118 248 253 259 123 158 258 180 194 221 290 220 211 212 219 104 304
Route #13: 179 202 201 189 225 232 238 224 286 273 267 263 235 252 244 216
Route #14: 251 295 296 302 306 8 7 226 191 213 228 68 35 27 240 25 227 230 229 241
Route #15: 146 177 145 18 89 9 51 33 17 11 10 292 15 21 291 234 271 282 268 260
Route #16: 14 299 20 24 303 287 289 307 266 276 13 301 5 293 284 285 297
Cost 140365
Time 661.69
