Route #1: 136 157 361 417 309 332 76 247 366 46 331 371 412 289 273 270
Route #2: 321 287 196 23 388 381 409 378 408 109 165 186 130 435 89 149 164
Route #3: 158 119 313 312 364 264 25 198 206 169 57 52 6 24 346 386 391
Route #4: 184 197 226 207 400 333 325 32 78 338 352 229 77 359 319 205 342 98 151
Route #5: 230 425 55 290 114 445 185 447 449 134 433 422 66 65 104 443 438 262 132 127 211 12
Route #6: 354 310 261 291 292 327 278 231 228 259 253 399 396 173 194 135 430 428 423
Route #7: 265 67 155 105 79 419 152 328 362 311 340 348 58 34 41 44 29 193 188 118 182 222
Route #8: 227 235 92 148 288 21 204 266 283 168 243 246 380 431 223 59 62 33 63 81
Route #9: 68 330 156 195 436 45 48 49 284 39 336 138 351 139 375 91 160 324 175 189 117 172
Route #10: 126 304 22 377 88 94 120 26 314 111 1 38 303 320 14 36 4 10 203
Route #11: 236 414 103 30 407 9 108 437 2 341 225 28 358 298 257 144 50 125 373 100 82
Route #12: 343 326 317 232 220 178 162 167 40 382 307 219 372 370 367 199 345 347
Route #13: 281 363 238 241 322 295 263 37 80 440 420 439 170 237 166 216 258 260 301 275 215
Route #14: 5 201 123 142 141 140 277 306 147 402 350 404 200 122 137 154 159 124
Route #15: 150 209 86 365 115 163 146 153 405 250 393 395 389 390
Route #16: 208 446 444 308 20 177 296 61 3 249 27 441 143 293 450 234 56 302
Route #17: 394 397 357 353 74 280 245 268 286 11 53 418 415 392
Route #18: 133 411 269 254 212 210 267 337 299 282 387 356 297 410 434 171 240 274 279 285 384 334 424 376
Route #19: 112 97 316 93 379 87 161 31 335 251 71 73 180 129 329 239 60 83 95
Route #20: 221 84 360 401 7 43 252 72 75 69 113 8 421 176 179 426 183
Route #21: 110 300 101 187 368 35 218 448 355 349 233 145 202 191 128 374 190 102 315
Route #22: 344 369 107 214 17 442 318 47 192 242 416 406 217 85 272 248 244 276 131 99
Route #23: 413 294 19 271 213 70 54 18 51 383 116 106 256 96 181
Route #24: 224 255 385 403 13 427 432 174 64 42 323 15 429 90 398 339 16 305 121
Cost 230494
Time 658.129
