Route #1: 176 43 153 160 104 189 151 2 210 248 174 57 17 162 83 16
Route #2: 241 243 47 209 250 167 74 73 245 218 115 182 242 35 84 111 126
Route #3: 14 4 138 240 85 137 202 120 149 150 110 147 178 196 127 145 21 69 9 239 113
Route #4: 135 134 61 59 58 159 211 237 227 186 78 38
Route #5: 180 27 223 3 24 198 156 98 56 207 199 42 91 105 11 13 55 1
Route #6: 100 67 177 93 80 133 79 233 131 171 230 157 161 228
Route #7: 88 86 172 94 224 39 217 183 220 23 203 190 179 169
Route #8: 204 102 90 208 81 142 184 31 222 139 40 125 53 187 96 112 117 106 193
Route #9: 232 191 92 107 60 158 6 70 229 77 52 213 141 33 219 109 143 51 95
Route #10: 252 50 121 28 10 41 72 5 75 194 114 122 20 201 46 231 119 19 192 76
Route #11: 26 216 45 89 49 32 148 188 246 103 44 116 87 238 249 30 101 166 173
Route #12: 68 140 234 66 212 22 129 48 97 170 226 64 37
Route #13: 128 99 221 197 247 8 36 146 152 130 108 165 195 7 215
Route #14: 25
Route #15: 181 29 235 236 62 155 123 200 118 82 124 175 18 206 214
Route #16: 71 244 251 132 144 12 205 65 54 168 154 15 63 225 163 136 34 185 164
Cost 193800
Time 170.248
