Route #1: 29 93 122 305 156 151 152 131 23 215 155 62 126 32 153 154 150 58 17 311
Route #2: 95 98 125 137 141 142 135 51 124 161 132 39 66 91 24 217 26 226 4
Route #3: 87 123 268 149 310 221 118 80 31 278 159 84 260 312 248 59 174 315
Route #4: 121 201 83 76 191 116 114 70 193 187 190 46 53 79 216 214 27 101 139 35 38 30 10
Route #5: 94 109 56 61 138 36 177 100 57 99 218 85 318 264 229 69 72 41 77
Route #6: 269 11 107 148 44 271 313 92 90 3 244 224 28 20 182 173 170 199 306 195 178 86 136
Route #7: 225 113 228 258 266 203 299 291 276 275 273 277 279 246 307 296 281 285 267 292
Route #8: 210 239 220 236 241 233 227 208 34 143 320 211 257
Route #9: 247 253 25 33 294 293 21 22 270 14 255 256 254 250 5 304 300 301 249 280 234 231 223 213
Route #10: 237 204 205 209 297 48 272 54 52 290 49 50 303 289 183 263 259 7 317
Route #11: 202 172 43 45 6 42 47 40 88 19 119 110 265 120 240 189 108 175 106 1 2 127 67 176
Route #12: 9 12 242 243 238 235 232 288 302 295 309 314 206 181 316 222
Route #13: 245 117 128 283 274 134 129 145 146 133 286 282 298 284 261 140 144 147 130 196 219 212
Route #14: 60 63 308 75 111 89 97 105 188 165 96 169 194 192 81 197 230 251 262 287 82 13 16 18
Route #15: 157 186 198 207 164 167 166 160 162 115 103 104 252 200 168
Route #16: 112 179 180 163 102 15 37 64 65 74 8 73 71 68 78 158 171 184 55 185 319
Cost 153824
Time 416.236
