Route #1: 271 86 81 357 4 214 1 242 339 204 347 150
Route #2: 251 156 378 187 255 370 226 340 43 118 153 97 193
Route #3: 272 16 269 335 336 356 136 246 56 294 256 215 247 141 165 192 26
Route #4: 201 267 253 211 311 66 76 142 260 323 264 280 213 262 188 167 45 277 379
Route #5: 107 89 361 385 273 325 222 88 367 317 37 8 320 328 315 281 238 233 177 216 208 143
Route #6: 14 17 220 79 368 169 181 312 87 41 116 348 371 200 90 366 74
Route #7: 298 377 160 49 21 137 376 223 102 305 209 38 301 48 296 162 243
Route #8: 236 145 217 147 388 166 212 326 52 112 65 186 46 132 120 121
Route #9: 15 237 60 259 182 329 151 171 27 330 101 389 130
Route #10: 61 241 190 372 77 129 274 104 382 381 114 82
Route #11: 302 47 231 234 257 263 50 7 304 206 109 313 307 324 99 268 374
Route #12: 184 84 334 279 350 128 95 103 202 170 22 2 93 342 225 144 113 337 91 159
Route #13: 345 40 157 64 70 115 254 53 355 297 172 331 353 287
Route #14: 125 224 71 373 375 261 146 173 265 13 28 83 44 158
Route #15: 341 310 55 380 72 270 228 78 245 126 175 258 94 100 308 303 232 42 68 33 111 59 185 300
Route #16: 293 139 203 362 229 351 219 58 316 32 73 197 35 369 295 285 364 252
Route #17: 110 194 191 164 19 218 195 240 210 54 289 108 284 365 34 148 344 309 189 198 3 384 239 75
Route #18: 39 85 67 391 29 6 286 117 250 92 123 152 278 319 387 275 314 122 249 134 343 11
Route #19: 248 18 352 180 283 80 133 161 292 360 135 363 338 282 227 322 230 36 9 318
Route #20: 124 196 5 154 327 354 299 51 63 24 235 131 119 96 20 23 62 178 276 168 207 221 31 155 30
Route #21: 358 306 383 69 25 179 333 98 106 138 174 386 183 199 127 288 57 205 349 105 149 163
Route #22: 346 12 290 10 140 359 176 244 321 266 332 390 291
Cost 251442
Time 535.149
