Route #1: 208 9 100 171 14 217 228 4 74 99 237 83 170 80 123 47 152 238
Route #2: 153 122 84 126 142 226 211 51 21 165 91 13 176 92 178 177 213 125
Route #3: 32 222 156 7 197 82 48 29 55 185 76 79 43 205
Route #4: 93 15 97 31 66 187 68 144 140 50 132 227 210 146
Route #5: 219 159 109 157 199 183 5 162 203 220 88 175 27
Route #6: 221 103 161 23 8 137 191 34 57
Route #7: 67 131 204 118 196 114 61 45 158 138 184 207 233 106 195
Route #8: 224 234 2 90 115 17 141 200 168 72 154 192 164
Route #9: 124 163 49 86 202 54 37 136 149 169 78 214 30 189
Route #10: 28 239 42 160 150 116 56 194 96 145 26 22 44 25 223 139 201 216 235 229
Route #11: 19 215 46 38 230 117 107 77 101 167 64 65 128 108 134 10 151 63
Route #12: 89 127 59 1 39 182 16 212 225 102 12 33 70 173 180 218 71 174 240 75 95
Route #13: 232 241 87 172 121 36 35 206 148 60 133 209 129 40 130 135
Route #14: 155 105 41 190 166 119 69 179 73 62 52 193 85 98 120 231 143 94
Route #15: 11 236 53 20 6 110 18 188 81 58 181 111 113 24 186 147 104 112 198 3
Cost 154489
Time 126.636
