Route #1: 266 88 224 111 36 265 69 257 169 121 124 98 9 149 296 207 234
Route #2: 251 221 201 150 218 282 253 135 255 109 184 70 29
Route #3: 139 56 206 185 120 222 209 180 95 130 68 22 5 6 237 205 147 101
Route #4: 157 241 246 249 117 279 75 31 26 89 263 173 177 39 250 290 102 7 162 182 230 233 208 81 34
Route #5: 123 204 115 271 191 1 268 99 245 67 175 49 133 4 10 291 193 164 163
Route #6: 294 110 278 144 196 105 212 252 220 153 60 131 151 132 52 19 77 76
Route #7: 214 283 38 127 104 146 118 126 141 267 259 289 213 3 195 65 198 84 11
Route #8: 85 37 50 183 272 176 41 232 210 239 14 42 125 86 61 78
Route #9: 148 235 25 83 152 281 280 190 179 47 45 286 277 58 122 168 260 80 66 142 171 20
Route #10: 71 270 62 199 113 248 108 275 242 35 100 244 79 254 18 15 72 13 44 292 215 194 219
Route #11: 92 28 96 227 59 287 107 243 43 82 30 211 186 228 91 231
Route #12: 240 256 229 165 156 128 48 264 273 32 226 94 8 97 119 23 238 143 170 137 17 103 284 288 178 112 24
Route #13: 189 138 116 145 181 166 161 160 269 274 93 64 155 55 2 21 197 174 140 46
Route #14: 217 16 216 106 203 236 172 40 33 53 54 12 57 73 27 223 134 159 154 276 158 87
Route #15: 202 114 258 285 167 129 188 225 187 200 262 192 261 293 136 90 247 295 63 74 51
Cost 130450
Time 357.045
