Route #1: 63 181 119 188 18 183 165 49 74 111 67 89 78 32 244 137 6 241 62 114 29 5
Route #2: 143 163 4 1 116 31 104 176 48 189 169 227 27 212 182 19 57 133 203 166 36 254
Route #3: 53 52 187 110 97 85 15 100 246 2 131 154 132 118 12 55 58 17
Route #4: 153 76 234 3 79 30 179 128 83 88 102 81 230 28 126 82 96 103 99 92 157 125 233 135 148
Route #5: 87 173 8 93 86 204 138 231 120 149 124 37 180 151 25 42 91 122 106 56 108 107 16 174
Route #6: 221 178 150 77 68 64 69 54 109 105 20 200 61 146 75 71 168 175 214 215 197 195
Route #7: 190 242 21 59 216 141 247 172 40 22 136 232 121 220 240 245 249 243 35 41 45 84 72 70
Route #8: 9 33 51 235 90 98 219 167 193 156 144 145 26 239 229 23 171 13 43 34 226 152 199 184 44
Route #9: 205 161 115 140 164 251 155 38 147 238 46 7 159 170 130 177 213 250 225 47 11 206 117 95 65
Route #10: 39 10 252 73 236 66 80 101 94 60 123 129 139 134 127 160 223 222 207 208 209 218 158 24 185
Route #11: 217 237 248 196 202 201 198 210 224 162 211 192 191 50 14 113 142 228 112 194 253 186
Cost 89533
Time 664.684
