Route #1: 60 70 51 92 130 22 225 93 188 181
Route #2: 106 129 226 432 11 191 160 140 98 284 16 341 307 206
Route #3: 420 468 54 294 319 99 332 86 433 144 3
Route #4: 46 381 460 101 257 113 242 171 308 278 356 159 440 110 337 336 398 201 90 435 128 455 259 165 463
Route #5: 30 57 69 7 218 442 143 87 208 196 193 32 222 409 348 157 293 412 41 180 248 42 38
Route #6: 380 280 316 454 61 291 434 320 219 28 220 67 247 55 326 155 339 15 304 448
Route #7: 147 252 71 170 59 437 266 134 329 246 236 431 265 469 78 126 45 186 389 292 371 121 224 73
Route #8: 240 75 8 104 400 426 299 464 65 138 123 366 273 287 372 2 465 342 76 338 62 109
Route #9: 414 43 355 350 40 376 421 21 466 35 81 167 288 48 250 377 277 84 116 373 456
Route #10: 175 142 94 272 285 256 100 173 213 111 151 467 166 305 258 233 241 234 36 290 317 419 24
Route #11: 408 302 418 102 56 392 115 311 333 459 394 415 221 207 449 425 172 27 295 80 411
Route #12: 261 383 267 296 306 262 451 362 66 328 312 334 458
Route #13: 423 23 235 390 154 131 177 289 260 203 37 63 453 387 283 13 49 301 351
Route #14: 12 176 33 327 118 228 107 402 10 223 424 125 401 153 413 251 210 120 264 211 438 370
Route #15: 114 357 137 243 50 205 457 445 368 14 18 360 428 331 388 91 436 150 239 231 340 399 148
Route #16: 410 271 430 88 204 53 255 254 146 192 361 190 178 127 282 346 183 330 385 47
Route #17: 141 446 403 152 286 417 325 349 39 136 103 105 9 441 89 269 447 276 200 25 391 197 344 323 429
Route #18: 229 315 169 321 232 263 375 406 5 133 214 359 122 444 179 227 29 345 253 382 279 439 462
Route #19: 174 274 318 199 215 335 369 161 354 275 379 163 358 322 58 313 31 443 237 164 397
Route #20: 96 244 363 367 347 74 212 281 393 300 314 230 19 217 108 268 97 119 168 68 85
Route #21: 396 194 1 26 83 82 378 182 72 34 405 184 298 365 452
Route #22: 450 79 124 187 407 303 386 64 270 52 132 209 185 216 427 324 158 6
Route #23: 343 364 189 44 117 198 135 17 352 77 374 404 353 145 310 195 202 309 112 162
Route #24: 245 249 422 470 461 4 20 297 95 238 156 395 149 139 416 384
Cost 259875
Time 481.047
