Route #1: 113 505 277 514 285 227 180 431 333 311 200 43 356 211 179 477 37 14 238 224 156 220
Route #2: 454 209 409 447 98 330 97 488 206 142 19 329 236 406 284 272 212 187 301 232 486
Route #3: 204 467 291 513 450 298 89 225 506 121 345 208 462 435 165 79 374 116 418
Route #4: 404 143 138 502 131 342 136 302 214 412 196 139 426 453 303 510 267 235 127 210
Route #5: 20 44 96 397 85 326 335 17 161 240 400 294 471 182 109 279 424 133 83 115 70
Route #6: 77 308 465 219 39 229 341 338 433 169 332 474 137 472 316 217 497 5 242 148 346 425 106 371
Route #7: 264 512 395 408 339 386 4 68 439 257 495 38 221 379 385 399 144 321 120 205
Route #8: 443 456 178 123 172 135 499 42 470 259 452 75 7 451 170 292 203 64 382 366 363 215 2
Route #9: 475 25 275 437 483 86 72 286 36 175 288 498 280 320 157 176 153 81 190 407 478 317
Route #10: 334 436 152 459 444 419 312 3 401 468 351 504 448 249 396 368 105 239 160 145 391 119 322 493 32
Route #11: 306 265 289 463 274 430 30 423 61 167 256 22 387 511 273
Route #12: 427 56 343 336 376 367 340 31 350 111 446 117 110 509 103 126 213 114
Route #13: 460 124 432 9 428 449 73 233 349 440 122 494 319 34 146 377
Route #14: 58 24 67 390 40 384 41 141 29 500 48 290 283 101 102 181 159 361 92 251 54 375 253 26 458
Route #15: 173 231 250 492 168 466 74 82 381 383 315 348 174 438 183 248 189 228
Route #16: 369 28 171 482 318 52 23 420 417 469 243 480 11 27 310 269 166 93 8 246
Route #17: 296 328 62 128 491 188 18 59 13 403 260 201 281 207 202 49 331 258 226 155
Route #18: 55 149 100 324 194 411 177 222 508 33 46 415 164 262 445 394 327 365 364
Route #19: 66 295 276 455 218 51 360 252 313 485 154 16 195 503 393 163 107 1 305
Route #20: 263 389 162 434 47 282 12 245 314 140 402 496 441 185 304 95 63 484 309 299 357 392 358
Route #21: 323 184 490 57 501 65 84 388 473 6 193 278 266 410 234 230 378 479 476 87 69
Route #22: 216 104 422 80 353 192 287 442 108 21 344 255 151 223 347 125 268 270 359 129 88
Route #23: 94 78 297 413 325 481 76 507 373 354 71 261 293 118 461 50 186 134 307 244 254 237
Route #24: 429 199 35 158 457 416 191 198 405 147 398 362 60 380 355 337 489 10 464 421 112
Route #25: 130 247 241 45 53 300 99 271 150 132 15 91 414 197 372 487 370 90 352
Cost 295673
Time 481.741
