Route #1: 237 173 364 209 227 64 378 50 5 111 51 257 265 340 380 2 45 95 165 254 228 210
Route #2: 381 46 294 176 89 6 318 263 253 134 144 73 75 138 169 208 272 196 195
Route #3: 202 123 153 81 57 188 199 218 157 166 91 151 132 159 124 102 125 107 305 154 53 349
Route #4: 281 193 326 347 119 76 106 359 175 304 15 16 190 303 44 92 207 101 74 162 100 70 203
Route #5: 250 3 277 28 42 1 67 82 72 83 26 41 113 118 96 105 143 145 122 117 116 133
Route #6: 379 40 55 56 49 155 14 130 112 110 351 291 389 58 390 84 86 128 383 350 319
Route #7: 61 108 115 93 99 131 146 148 158 141 78 179 217 80 244 187 69 65 163 79 77 90
Route #8: 152 68 255 259 94 266 296 114 258 344 345 62 311 315 127 121 27 120 98 8 222 223
Route #9: 185 183 150 242 178 314 182 368 352 126 373 361 366 136 137 63 348 332 328 297 215 365
Route #10: 135 221 216 260 23 160 301 310 300 276 238 174 211 181 177 186 192 197 142
Route #11: 164 109 139 156 170 167 198 205 213 212 219 236 240 233 267 284 298 329 360
Route #12: 299 286 274 335 275 316 322 214 330 201 194 341 339 317 271 226 149 171 147 104
Route #13: 234 251 256 245 239 220 269 282 54 85 312 189 200 334 230 229 224 336 362
Route #14: 264 325 246 247 232 343 248 342 243 338 327 241 279 103 278 280 231 268 191 180 168 140 129
Route #15: 308 302 313 309 273 353 283 374 288 372 358 376 184 172 25 18 12 9 261
Route #16: 324 307 292 289 290 323 367 320 356 370 306 321 295 249 252 235 161 71
Route #17: 4 357 39 34 337 285 17 11 204 225 206 262 10 270 287 293 333 331 31 346 354 7 384
Route #18: 387 386 33 32 43 377 52 385 97 371 375 47 48 88 87 30 19 36 35 363 60
Route #19: 13 355 369 20 382 29 38 37 22 66 59 21 24 388
Cost 134483
Time 394.565
