Route #1: 180 183 182 191 138 162 163 185 142 137 118 136 168 188 194 117 179 106 35 34 58 113 181 139 126
Route #2: 97 96 140 220 145 129 128 133 127 155 152 158 177 141 116 105 94 84 54
Route #3: 143 187 2 175 178 193 184 109 16 200 60 73 78 219 15 51 48 79 31 135 26 67 195
Route #4: 83 40 53 70 19 154 5 18 28 190 216 209 3 215 217 41 29 4 119 39 213 75
Route #5: 56 46 36 30 47 52 68 38 25 9 14 198 208 55 45 8 57 92 69 134 49
Route #6: 201 44 146 130 165 17 147 11 218 101 22 161 71 214 66 7 23 90 32 12 196 93 13 62 207 174 172 197
Route #7: 24 192 103 89 74 110 160 150 33 125 98 171 10 87 76 153 50 80 82 131 173 115 123 102
Route #8: 206 107 91 148 170 151 63 65 114 167 156 149 27 132 169 112 159 176 88 121
Route #9: 204 157 42 166 21 81 6 20 202 37 199 164 186 212 59 122 210
Route #10: 144 77 72 203 205 61 124 211 111 43 120 1 64 108 95 100 86 99 85 189 104
Cost 78058
Time 413.922
