Route #1: 241 11 110 65 95 103 206 143 141 180 214 215 252 327 300 337 283 312 235 331 320 254
Route #2: 152 157 326 330 332 192 328 317 147 178 292 212 5 281 130 170 43 153 233 198 289
Route #3: 246 242 282 249 305 297 205 21 100 185 218 91 278 262 250 248 105 291 229 51 54
Route #4: 150 66 34 93 76 121 60 3 106 221 13 4 124 123 158 184 169 261 146 303 111 134
Route #5: 244 243 194 220 202 269 230 264 267 1 9 8
Route #6: 22 181 116 204 179 28 67 53 79 7 168 298 97 239 237 263 258 307 90 46 108
Route #7: 29 109 120 227 306 2 122 154 159 240 163 166 135 63 68 45 201 209 83 38 304 77 25 127 190
Route #8: 94 271 280 247 129 78 113 338 52 117 32 50 199 132 231 56 207 89 88 171 96 6
Route #9: 55 279 273 81 107 24 44 275 140 272 176 174 175 196 314 315 128 333 311 219 186 156
Route #10: 139 151 36 64 71 131 126 118 295 321 18 72 296 226 323 325 322
Route #11: 285 70 236 290 14 302 16 138 294 48 223 33 316 277
Route #12: 266 99 37 232 274 245 329 287 61 208 265 310 224 238 136 87 30 293 119 133
Route #13: 299 27 10 35 268 92 23 148 336 324 17 39 15 125 114 115 319
Route #14: 102 155 145 19 75 80 104 74 57 313 98 42 173 84 182 183 162 188 165 69 73
Route #15: 335 193 222 217 177 210 137 144 286 191 26 256 270 41 40 47 49 85 259 211
Route #16: 62 31 301 308 257 189 203 112 82 101 334 234 276 288 160 161 253 197 195 200 167 213 284
Route #17: 164 216 225 20 172 187 58 59 260 255 86 251 12 142 149 318 309 228
Cost 196358
Time 556.247
