Route #1: 163 197 222 299 342 123 25 35 400 187 300 308 313 361 199 378 396 282 232 178 213 102 101 315
Route #2: 420 287 121 46 17 240 205 80 201 33 350 109 191 144 124 186 225 224 206 273 389 193
Route #3: 202 204 294 411 160 43 184 185 148 134 90 111 76 413 412 371 414 156 230 5 9 107
Route #4: 406 408 238 141 19 257 88 189 42 352 345 159 270 86 79 276 133 112 12 63 164
Route #5: 73 103 154 314 338 417 22 40 354 214 140 198 292 340 341 305 94 317 278 312 194 174 10
Route #6: 296 309 303 295 421 27 53 1 195 252 283 335 2 401 31 209 263
Route #7: 236 127 220 16 310 118 320 318 211 75 284 131 297 337 49 392 368 120 271 58 407 385 74 373
Route #8: 66 23 145 143 136 146 50 57 56 147 87 95 138 64 92 165 47 149 190 177 69 60 379 363 344
Route #9: 122 265 349 415 172 45 41 279 388 83 89 85 77 399 54 24 419 409 391 398
Route #10: 319 348 386 346 15 26 372 291 357 246 395 405 384 376 339 327 353 360 365 358 343 119 84 235
Route #11: 226 70 71 264 130 233 234 132 293 374 326 336 113 359 21 34 44 397 32 18 11 351 331 13 333
Route #12: 364 175 381 171 91 81 108 96 110 239 153 266 248 275 416 176 142 250 114 97 135 82 324
Route #13: 180 301 402 215 218 268 258 286 242 298 289 181 216 203 274 249 316 251 277 6 183 182 212 241
Route #14: 380 370 29 139 256 369 117 157 179 217 14 329 78 68 65 52 269 55 221 155
Route #15: 210 237 28 161 307 169 247 3 152 244 137 168 72 304 362 243 323 321 150 267 288 228 231 290 173
Route #16: 377 387 115 261 325 280 253 37 322 99 38 48 4 281 8 61 158 410 98 126
Route #17: 30 272 355 260 245 125 382 7 167 200 356 62 347 170 166 162 100 390 223 367 332 129
Route #18: 403 311 59 192 394 328 375 67 207 306 393 39 383 196 254 330 227
Route #19: 105 262 106 93 404 188 219 20 36 51 208 104 285 259 302 255 334 229 418 366 116 128 151
Cost 203710
Time 699.232
