Route #1: 111 263 115 60 179 95 219 243 156 120 250
Route #2: 201 32 104 218 192 9 66 126 78 193 119
Route #3: 113 1 108 59 133 117 30 237 211 186 223
Route #4: 217 196 61 76 175 162 159 140 233 143 222 146 164 103 194 13 150 244 14 24
Route #5: 7 40 64 106 241 234 261 155 262 144 79 123 110 232 27 157 168 260 259 37 87 167
Route #6: 226 215 46 158 10 161 220 214 208 145 172
Route #7: 43 182 227 47 54 72 73 71 116
Route #8: 240 148 206 96 184 141 149 128 86 38 29 212
Route #9: 188 183 58 100 163 48 213 15 93 94 255 2 92 204 249
Route #10: 257 202 12 11 225 190 102 198 34 36 135 112 127 82 203 56 197 67 245 195 41 99
Route #11: 239 28 205 142 248 130 62 185 57 230 191 101 153 122 44 176 169 22 19 90
Route #12: 152 231 45 170 209 89 16 121 216 84 53 85 63 55
Route #13: 4 77 134 118 151 68 23 210 177 75 42 18 65 253 251 171
Route #14: 70 69 246 252 187 178 124 20 21 238 180 50 107 200 129 5 136 147 25 207 132 3 17
Route #15: 49 224 160 235 125 139 166 8 236 229 97 137 114 242 105 74
Route #16: 247 88 154 33 109 6 228 51 256 35 31 52 138 221 173 39 174 189
Route #17: 181 165 254 26 81 258 91 199 83 131 80 98
Cost 177835
Time 106.511
