Route #1: 2 4 272 266 262 270 252 263 13 254 267 27 20 268 221 209 167 19 275
Route #2: 236 11 197 171 15 222 273 17 8 96 38 269 3 14 259 251
Route #3: 235 217 5 9 7 168 208 25 29 211 23 202 18 192 220 224 237 250
Route #4: 249 248 238 234 241 201 253 199 210 213 239 255 205 214 215 228 227
Route #5: 225 229 218 182 180 204 200 166 247 195 165 159 152 144 198 176 189 179
Route #6: 265 258 264 119 149 157 125 91 93 12 121 260 128 245 103 206 164 154 190 158 143
Route #7: 162 151 170 181 178 187 173 148 87 82 108 124 130 126 113 107 131 132
Route #8: 156 177 134 207 110 112 109 106 231 233 240 232 223 86 100 196 163 160 79
Route #9: 219 46 59 63 136 94 122 95 184 129 139 150 172 183 169 174 194 203 216 226
Route #10: 153 57 80 142 147 140 127 123 97 83 102 89 88 84 72 40 60 48 32 246
Route #11: 98 54 135 185 212 105 31 51 49 133 99 35 186 53 101 33 155 76 244 243 193 28 67 70
Route #12: 41 39 52 74 66 64 115 45 6 117 43 44 50 55 30 56 77 61 78
Route #13: 242 138 191 16 261 271 10 161 146 36 256 71 65 58 21 22 37 145 1 42
Route #14: 68 62 114 120 175 274 34 85 90 92 188 81 230 75 141 257
Route #15: 26 111 24 47 69 104 118 116 137 73
Cost 130179
Time 388.91
