Route #1: 37 75 633 606 419 362 344 553 200 221 225 13 555 80 64 428 246 93 33 158 94 62 9 342 352
Route #2: 224 108 24 649 520 626 345 561 477 486 437 488 279 227 223 519 496 573 608 34 455
Route #3: 109 343 635 363 431 333 304 204 450 425 76 468 82 346 349 506 183 305 19 220 564 154 483
Route #4: 236 257 194 40 210 182 201 111 36 106 429 258 235 262 120 306 148 548 91 147 105
Route #5: 648 137 32 4 518 153 634 409 480 267 89 374 454 110 276 31 522 280 298 244 360 141 43
Route #6: 448 290 97 18 598 143 71 386
Route #7: 29 476 487 316 469 7 47 163 399 580 214 619 378 228 284 584 320 21 269 211 451 90
Route #8: 63 481 459 302 499 245 318 291 569 402 422 368 274 101 57 644 467 541 301 155
Route #9: 146 375 560 554 348 434 559 544 566 249 542 325 441 527 590 398 22 524 597 582 181 442
Route #10: 58 175 16 150 319 52 46 6 157 313 174 493 511 142 592 577 350 41 572 121 556 613 131
Route #11: 403 212 288 449 213 169 49 535 589 466 129 498 504 250 372 383 581 72 397 92 525
Route #12: 563 289 188 178 299 45 435 532 604 135 199 614 567 438 130 65 140 574 618 95 557 138 273 251
Route #13: 620 85 494 2 68 565 255 103 172 387 242 412 60 67 603 277 139 540 400
Route #14: 470 83 539 510 478 460 474 558 42 28 113 334 125 585 424 8 162 631 379 389 292 502 549 99 367 230 215
Route #15: 79 171 151 643 128 259 338 123 12 50 578 591 77 66 534 248 617 394 11 479 432
Route #16: 377 588 393 515 173 514 78 70 145 297 357 624 552 160 358 48 647 395
Route #17: 310 650 526 195 252 10 436 427 127 217 207 495 596 300 219 231 104 44 508 118 261 401
Route #18: 646 218 282 621 491 170 579 356 364 240 458 275 446 161 337 206 371 86 149 382 233 26
Route #19: 205 447 538 243 69 126 124 607 537 198 533 311 408 222 497 164 623 390 102
Route #20: 238 562 536 640 433 586 407 308 136 443 315 492 354 270 303 293 286 53 340
Route #21: 5 341 361 51 602 263 531 177 575 88 115 1 27 482 384 490 439 332 355 234 530
Route #22: 641 440 247 134 326 107 339 571 265 216 610 98 381 321 642 465 472 159 15 501 471 193 165 380 119
Route #23: 314 630 637 191 420 418 55 54
Route #24: 23 229 61 278 430 599 453 20 463 132 3 209 25 312 366 475 260 583 396 365
Route #25: 629 295 516 406 405 413 410 133 84 550 587 373 622 187 444 500 523 609 376 636
Route #26: 370 114 268 152 264 35 266 473 485 196 385 186 335 285 388 74 461 462 30 528 545 324
Route #27: 456 39 309 546 616 203 208 421 628 116 611 426 392 570 197 112 323 512 347 517 253 507 416
Route #28: 192 351 122 241 595 625 600 14 336 551 328 645 296 445 176 513 239 307
Route #29: 568 73 190 489 167 317 168 96 117 414 327 615 417 505 184 56 294 87 415 359 331 256 272 353 232 281 484
Route #30: 632 457 594 156 423 638 593 464 452 189 329 612 639 543 521 38 100 601 369 330 254 226 411
Route #31: 391 81 287 547 283 529 180 202 59 237 576 322 605 144 404 271 509 627 17 179 166 185 503
Cost 326618
Time 1201.07
