Route #1: 107 110 25 144 143 148 108 62 10 20 95 223 116 210 87 146
Route #2: 125 42 12 126 217 201 75 39 29 142 147 130 115 118 82 33 154 216 152 11 103 2 151
Route #3: 178 158 64 49 184 57 162 198 140 195 167 100 46 131 28 50 181 192 31 218 205 190 168 34 18 194 51 41 111 40 68 112 99 163
Route #4: 172 9 13 85 122 113 53 54 129 98 73 67 36 81 196 206 58 83 215 138 185 70 199 220 232 170 117 237 92 86 114 233 235 44 209
Route #5: 71 80 84 48 236 234 21 19 149 7 191 78 45 180 104 200 69 134 60 15 207 1 94 8 24 228 16 155
Route #6: 97 38 109 93 14 193 187 179 141 153 120 189 174 173 164 135 27 3 175 229 76
Route #7: 197 23 214 161 160 137 145 183 32 22 177 91 222 202 66 132
Route #8: 35 212 211 90 4 157 59 226 88 26 55 96 119 139 133 208 101 102 182 169 89 176 128 230
Route #9: 105 65 6 224 225 52 106 30 150 72 17 166 156 219 37 127 165 188
Route #10: 213 136 74 227 47 63 171 204 203 77 56 61 5 123 79 221 231 43 186 121 124 159
Cost 138626
Time 174.659
