Route #1: 235 62 53 123 121 93 97 91 55 75 68 64 117 151 202 255 205 280 125 133
Route #2: 50 69 33 157 209 40 292 113 158 112 49 38 293 59 206 70 58 81 80 19 84 86 88
Route #3: 177 4 129 140 185 190 46 166 174 29 246 99 87 241 79 34 90 111 37 51 200 119 152
Route #4: 208 223 244 173 232 3 35 32 76 45 101 63 60 65 78 57 18 298 74 279
Route #5: 231 153 268 127 131 139 169 41 265 219 245 250 195 108 71 110 147 106 201
Route #6: 2 52 39 47 85 82 114 94 142 105 102 226 109 198 188 189 136 122 83 61 130
Route #7: 128 134 95 96 144 178 191 175 170 171 159 138 161 132 168 179 172 103 104 98 92 107
Route #8: 149 154 126 183 253 150 156 143 124 120 284 66 251 54 224 239 48 42 164 141 56 137 43 281
Route #9: 277 263 262 270 264 260 186 181 221 214 207 212 213 217 237 118 115 1 145 271 267 197 215 273
Route #10: 77 165 162 199 222 240 225 218 234 249 73 210 203 182 180 220 184 193 163 155 148 146
Route #11: 236 230 8 12 16 10 100 160 176 301 296 228 272 216 288 294 247 233 252 5 31 278
Route #12: 254 72 67 238 243 196 17 192 187 30 36 135 116 167 7 6 204 11 194 211
Route #13: 9 274 28 23 89 229 242 295 27 227 22 20 13 21 290 299 289 291 24 44 25 302
Route #14: 283 26 282 15 14 297 275 261 266 276 269 259 258 257 248 286 256 285 300 287
Cost 109085
Time 423.764
