Route #1: 172 35 54 94 12 69 78 167 200 124 70 5 283 348 117 43 325 282 199 221 79 286 264 173 230 290 36
Route #2: 99 154 169 130 248 161 137 313 193 115 144 288 160 353 207 150 349 13 184 333
Route #3: 335 50 347 98 256 305 284 321 75 270 356 178 18 315 239 329 252 211 15 346 1 62
Route #4: 66 299 331 71 229 52 343 280 243 93 122 64 129
Route #5: 96 152 279 249 107 375 57 23 110 235 63 68 26 344 359 308 218 208 322 291 40 3 300
Route #6: 138 155 106 257 153 363 224 88 140 83 341 87 245 259 42 92 334 20 336 228 316 121
Route #7: 24 287 128 271 97 366 28 330 188 373 170 361 112 198 370 147 114 251 232 324 238
Route #8: 297 326 162 380 201 233 91 11 81 215 219 143 131 223 108
Route #9: 226 320 190 183 220 314 39 309 10 168 202 204
Route #10: 159 189 225 29 276 16 345 80 55 145 157 146 247 21 37 6 339 272 185
Route #11: 27 44 255 135 311 295 274 134 362 197 179 38 328 303 14 277 267 246 340 104 103 19 275 209
Route #12: 176 352 360 142 365 216 31 214 222 337 136 242 17 58 292 241 312 164
Route #13: 378 73 25 22 82 151 95 60 237 45 116 354 294 8 119 148 278 377 132 374
Route #14: 301 258 355 61 203 323 268 141 7 51 100 327 236 269 186 139 304 76 206 244 180 338 210 56
Route #15: 174 234 367 30 123 196 379 368 371 67 74 231 217 177 127 319 310 32 212 240 89 289 48
Route #16: 86 332 9 49 182 351 175 298 302 261 47 262 65 357 171 77 192 111 53 266 90 195
Route #17: 342 84 318 369 307 273 376 260 350 317 265 149 213 105 33 285 205 34 125 59
Route #18: 102 253 72 126 306 296 381 372 120 4 118 41 133 46 263 364 187 2 165 293 85 109
Route #19: 101 113 181 158 382 194 358 227 254 166 156 191 250 163 281
Cost 214211
Time 416.102
