Route #1: 314 482 53 432 504 335 41 76 78 492 454 112 122 117 118 114 108 50 35 28 456 54 283
Route #2: 56 58 465 487 25 115 500 124 119 503 15 491 5 110 494 472 458 446 489
Route #3: 325 22 290 350 333 372 379 405 370 380 390 433 428 401 345 346 369 177 351 343 341 396
Route #4: 255 130 344 404 393 421 414 431 435 438 469 452 464 480 449 450 440 55 417 429 420 394 391 14
Route #5: 357 40 52 26 153 159 169 161 176 162 156 43 42 38 158 148 31 138 439
Route #6: 353 13 39 447 448 463 80 84 455 81 300 69 65 96 105 104 453 1 86 89 87 93 85 47 44
Route #7: 336 385 359 371 412 381 374 367 437 445 354 352 355 349 348 361 368 152 135 150 134 37
Route #8: 276 443 457 484 475 384 387 395 34 322 411 413 403 416 478 388 386 471 467 410 409 389 302
Route #9: 382 402 19 495 497 502 29 18 6 501 377 376 332 459 358 444 365 366 340 324 315 451 319
Route #10: 278 308 249 216 219 253 268 280 327 305 281 303 316 313 356 284 301
Route #11: 250 215 207 187 184 201 228 257 236 206 277 271 264 209 188 309 179 178 218 204 266 282 360 272
Route #12: 297 462 415 45 97 423 140 147 466 214 470 208 57 275 244 241 168 180 100 142 136
Route #13: 242 221 237 312 232 286 165 116 77 103 226 225 229 486 51 238 248 339 199 203 259 436
Route #14: 167 298 224 63 223 473 363 46 217 252 123 145 74 121 157 131 139 422 485
Route #15: 378 245 198 185 132 288 20 399 173 172 33 247 338 375 106 426 30 99 246 7 9 8 400
Route #16: 267 10 442 481 48 149 113 141 197 231 243 213 88 189 174 163 234 32 72 196 260 128
Route #17: 36 424 398 233 240 269 295 144 261 154 291 419 320 235 274 270 477 425 202 476
Route #18: 373 194 49 60 186 90 79 82 111 109 133 98 70 317 323 211 127 190 191 230 239 498 418
Route #19: 102 120 254 91 227 289 318 193 59 61 293 24 499 496 11 23 27 137 66 71 75 170 151 192
Route #20: 125 210 146 222 334 329 383 337 160 273 73 304 306 263 200 474 310 205 262 220 299 129 321 490 155
Route #21: 183 331 364 342 294 175 330 279 143 195 101 392 347 488 285 182 107 67 166 287 62 251 258
Route #22: 407 406 171 328 397 212 430 460 461 483 12 3 4 16 21 2 256 441 17 362 126
Route #23: 479 493 83 434 468 181 64 95 164 307 311 265 427 68 326 296 292 408 94 92
Cost 207156
Time 1841.39
