Route #1: 219 194 237 382 277 148 59 168 433 131 230 234 23 49 182 255 64 72 271 76 455
Route #2: 217 260 210 209 253 173 179 11 153 125 142 174 143 162 106 310 141 146 128 268 101 288 278 3
Route #3: 248 155 199 60 442 350 134 301 149 235 276 272 279 33 40 453 449 85 140 302 360
Route #4: 207 156 170 227 243 83 129 74 53 123 70 21 1 7 12 18 20 22 19 169 73
Route #5: 61 252 384 167 165 241 318 107 122 406 282 295 184 82 80 196 446 137 293 305 135 316 181 188
Route #6: 105 308 111 164 113 98 158 100 287 231 9 28 102 407 97 427 45 42 416
Route #7: 84 99 93 290 240 147 266 265 309 307 292 385 62 15 371 198
Route #8: 187 300 395 205 130 338 150 233 345 441 306 27 263 250 269 68 2
Route #9: 24 346 172 314 77 91 92 428 103 108 104 432 66 65 397 436 418 409 401 344
Route #10: 335 8 363 349 429 421 425 431 456 443 75 178 448 342 152 50 119 236 383
Route #11: 35 43 87 58 414 44 412 426 439 438 451 420 415 411 408 399 376 374 368 364 132
Route #12: 356 367 403 402 405 404 394 372 390 398 389 333 331 317 327 160 114 242 32 90 88
Route #13: 69 440 127 109 36 38 37 145 136 151 46 183 89 171 115 112 26 126 417 410 86
Route #14: 30 381 392 133 48 47 54 57 56 78 79 81 96 17 380 298 378 29 352 447 361 373 369 366 430 358
Route #15: 326 273 296 304 419 337 329 457 348 4 362 25 365 359 354 459 458 460 6 334 340 422 322 319
Route #16: 324 16 355 396 244 251 261 264 303 297 311 313 320 357 393 343 370 377 347 375 332 353
Route #17: 315 321 336 323 339 341 328 330 325 388 423 291 413 424 444 445 454 238 239 220
Route #18: 312 289 256 226 225 259 216 5 274 270 275 281 94 299 245 208 31
Route #19: 286 283 232 228 221 157 161 285 163 144 201 185 190 202 212 262 284 254 294 223 213 175 249 247 191 203 280
Route #20: 197 229 391 452 13 41 386 387 124 154 39 159 180 193 117 120 10 379 14 437
Route #21: 206 246 51 67 450 63 118 116 186 200 204 95 258 214 218 52 177 189 195 257 215 211
Route #22: 351 110 139 267 55 222 400 435 434 34 192 176 166 138 121 224 71
Cost 192227
Time 1472.37
