Route #1: 7 315 382 367 201 114 187 345 241 419 44 202 356 424 286 416 301 224 225 235 284
Route #2: 34 101 69 310 376 19 397 55 98 90 104 422 96 103 94 380 377 375 366 349 329 304
Route #3: 272 269 63 79 97 393 46 400 392 401 11 391 412 417 414 28 395 36 398 43 394 363 343 344 76 20
Route #4: 358 78 77 160 390 58 70 67 108 113 112 169 406 411 403 389 186 318 182 177 72 418
Route #5: 9 313 322 321 327 337 354 346 314 12 13 16 387 421 336 331 320 307 341 244 281 292
Route #6: 383 364 365 379 188 33 38 52 221 92 118 148 143 81 80 102 99 91 212 136 234 278
Route #7: 10 119 249 147 250 273 271 257 149 133 270 290 317 330 348 372 56 254 184 157 191 240 306 266 29
Route #8: 242 246 415 158 146 156 192 230 228 236 258 178 137 71 222 405 256 131 140
Route #9: 360 262 333 167 175 154 35 227 231 5 189 370 219 95 180 338 129 4 179 381 353 166 261 355 151
Route #10: 51 61 388 209 87 3 325 216 312 32 126 203 378 190 172 141 194 263 21 6 62 339 197 217
Route #11: 371 142 368 163 66 45 64 215 73 65 288 109 198 139 165 111 409 74 251 287 385 369
Route #12: 199 305 204 374 153 42 259 334 361 350 2 85 300 27 302 1 8 362
Route #13: 293 41 220 260 359 200 408 352 173 150 82 386 23 100 218 340 226 176 89 335 127 15 138
Route #14: 22 40 145 285 120 117 106 233 214 332 309 399 243 193 110 294 205 213 252 37 326
Route #15: 423 49 134 124 210 208 144 50 39 373 229 384 48 283 410 196 277 342 14 57 253 268 248 296 247 24 291
Route #16: 88 347 68 54 264 132 122 239 121 159 170 155 171 207 316 211 84 105 195 402
Route #17: 26 404 396 53 275 75 323 308 319 174 164 161 223 289 83 183 115 30 238 237 181 232 276
Route #18: 407 93 420 267 60 299 245 59 274 265 123 357 162 324 152 185 128 413 17 18 125 206
Route #19: 279 255 31 107 86 130 25 282 168 311 295 328 280 297 298 47 303 116 135 351
Cost 205992
Time 346.024
