Route #1: 2 141 149 203 184 151 126 57 216 59 123 122 128 243 3 91 77 231 88 168 142
Route #2: 146 130 124 121 14 139 85 87 92 120 265 86 241 196 177 62 150 176 33
Route #3: 188 161 84 207 226 25 167 192 134 83 70 32 174 50 281 26 230 21 103 27 114 80 89
Route #4: 99 136 158 157 61 42 110 131 198 173 187 209 202 39 180 244 193 199 31 16 175 183 262
Route #5: 51 253 28 19 15 10 30 225 251 240 259 258 5 72 279 68 60 12 9 269 264 255 247
Route #6: 206 266 271 38 66 76 63 277 282 273 4 238 254 248 246 227 212 106 95 44
Route #7: 218 257 261 229 113 233 239 267 272 107 20 115 22 97 118 34 6 37 45 47 236 53 220 65
Route #8: 82 190 280 8 13 11 228 18 23 96 98 242 58 7 219 283 213 260 256 201 221 222
Route #9: 268 274 117 249 250 129 135 140 143 245 237 235 133 276 275 204 127 181 179 132 205
Route #10: 119 105 116 41 223 211 67 215 210 232 234 214 224 164 100 101 102 79 73 154 170
Route #11: 182 40 166 48 55 144 156 160 112 78 71 64 69 52 29 137 155 270 263 252 172 171 189 191
Route #12: 217 109 148 108 94 1 93 90 81 111 56 75 74 125 162 178 49 35 36 169 46 159 54 152 138 147
Route #13: 195 43 186 194 153 165 24 197 200 208 145 17 185 104 278 163
Cost 129859
Time 475.136
