Route #1: 128 165 176 120 182 265 215 296 87 319 235 133 244 186 161
Route #2: 254 35 95 207 108 300 342 338 203 114 233 123 340 298 148 24 55 181 347 370 303 96
Route #3: 195 7 194 310 326 358 97 311 6 19 39 293 327 231 360 70 137 158 30 119
Route #4: 150 33 83 68 144 130 162 47 69 313 346 37 44 289 253 356 184 284 353 361 154 239 275 302 43
Route #5: 273 320 331 8 2 141 318 238 180 22 278 71 294 334 344 333 252 117 201 145 199 255 230
Route #6: 59 324 349 306 364 153 341 54 75 60 237 3 232 31 246 73 357 312 115 218 51 281 134
Route #7: 168 316 169 227 368 288 352 325 140 271 226 305 304 200 79 297 26 112 208 15 330 85
Route #8: 67 159 345 127 23 308 274 248 56 129 174 286 307 332 202 290 156 363 113 170 52
Route #9: 350 366 132 65 242 247 63 210 91 101 80 17 118 151 152 348 110 98 371 155 299 18
Route #10: 205 362 267 167 42 204 301 61 321 5 57 4 216 339 1 236 224 263 48 125 367 16
Route #11: 276 191 103 146 147 212 229 14 355 38 10 32 269 217 36 260 272
Route #12: 240 314 323 234 262 270 12 135 268 291 131 183 172 64 136 74 179 11 282 142 164
Route #13: 221 228 258 219 328 111 206 192 250 34 315 100 139 76 126 351 245 292
Route #14: 178 88 27 188 9 107 177 166 354 336 279 343 163 53 160 94 82 277 220 121
Route #15: 49 190 365 285 243 257 13 46 143 25 62 189 84 86 109 211 173 213 20 256 264 222 157
Route #16: 28 81 261 225 337 175 335 40 99 124 280 116 78 66 89 93
Route #17: 187 138 104 197 223 209 105 149 29 283 106 58 329 309 259 198 77 266 322 45 214 171
Route #18: 72 193 249 359 196 92 295 185 21 287 369 90 50 122 251 102 317 41 241
Cost 154743
Time 275.586
