Route #1: 233 223 236 231 4 260 24 26 87 199 197 258 212 10 237 15 19
Route #2: 215 207 177 16 18 22 150 174 13 256 2 40 14 252 5 235
Route #3: 184 190 250 249 203 211 221 220 214 213 247 97 257 229 225 251 204 261 196
Route #4: 209 200 140 153 155 160 158 234 219 175 176 178 3 187 107 259
Route #5: 110 208 232 54 76 216 120 125 227 146 152 144 193 188 240 230 96 162 246 163 222 189 198
Route #6: 82 100 114 136 118 179 156 157 202 205 98 181 143 183 165 170 168 154
Route #7: 79 142 133 135 124 138 147 164 145 141 139 192 148 201 194 123 149 128 121 93 99 137 68
Route #8: 103 108 72 105 106 92 95 55 50 58 91 80 90
Route #9: 70 210 32 191 134 166 161 228 182 241 244 239 217 34 48 38 37 43 116 262 109
Route #10: 45 44 59 60 83 62 69 28 9 11 35 63 27 8 94 226 67 255
Route #11: 111 1 245 20 248 41 64 66 31 33 102 132 131 171 242 169 65 101 81 36 12
Route #12: 126 151 195 159 61 51 115 71 113 112 56 23 206 180 89 253 39 243
Route #13: 21 78 30 84 224 25 42 47 7 130 127 57 167 172 173 186 218 185 129 17 119 46
Route #14: 49 75 77 53 88 85 73 86 52 238 122 74 254 6 104 117 29
Cost 100542
Time 428.398
