Route #1: 111 100 156 56 119 84 121 128
Route #2: 112 108 290 60 27 146 280 255 286 76 64 212 90 163 157 15 199 204 155 71 70 74 61 278
Route #3: 248 106 1 67 25 95 45 53 55 41 13 40 142 251 243 148
Route #4: 262 150 250 159 158 26 20 18 75 285 33 116 47 54 98 57 39 44 149
Route #5: 240 97 43 28 29 281 203 241 94 93 92 288 192 266 302 120 247 214 58
Route #6: 30 17 117 189 147 198 282 178 211 9 260 258 224 223 245 179 34 19 82 22
Route #7: 69 42 50 37 72 136 31 35 123 118 32 51 52 46 77 66 38 68 63 78
Route #8: 36 65 80 113 87 133 134 182 91 126 217 234 99 105 101 129 191 184 140 135
Route #9: 81 164 205 201 210 188 183 176 162 173 107 160 151 154 153 104 48
Route #10: 49 103 132 145 137 144 167 185 225 141 171 181 219 169 152 200 165 85 86 138
Route #11: 174 124 110 252 83 271 277 270 114 125 292 143 131 139 161 264 195 273 253
Route #12: 122 127 130 168 193 170 172 186 187 228 206 197 194 209 202 215 249
Route #13: 207 267 190 177 276 196 180 274 221 226 293 300 301 299 236 233 220 216 222 229 298 227
Route #14: 3 308 309 166 175 8 115 88 89 96 10 102 109 310 208 231 24 244 62 283
Route #15: 73 2 79 242 21 230 5 6 307 218 213 7 59 237 232 256 269
Route #16: 265 254 235 268 263 257 246 239 295 284 294 305 291 279 272
Route #17: 306 4 11 287 12 297 16 23 238 14 259 261 296 304 289 303 275
Cost 140484
Time 686.597
