Route #1: 102 422 364 240 418 402 57 227 124 326 309 391 74 251 3 288 253 129 44 70 286 201
Route #2: 354 351 320 8 144 257 282 99 220 202 83 108 393 352 140 211 401 432 356 276 413 310 170 395
Route #3: 128 13 101 456 239 130 457 61 383 204 27 194 9 126 50 312 187 289
Route #4: 434 159 396 48 437 139 363 218 231 117 439 210 425 400 24 291 359 381
Route #5: 254 241 259 336 348 430 370 69 273 105 435 397 428 436 234 207 208 56 131 82 345 127
Route #6: 152 237 232 161 329 317 122 265 431 417 290 4 225 54 216 376 244 149 420 250 235 266 23 97
Route #7: 447 419 361 306 374 199 154 410 411 93 20 79 47 81 238 299 424 449 228 346 301 91 78
Route #8: 137 5 295 180 16 260 270 293 304 280 256 341 111 41 73 421 285 92 375
Route #9: 200 316 384 31 224 426 255 141 188 143 414 233 167 339 389 398 371 343 387 340 95 162 386
Route #10: 264 158 136 12 278 455 29 176 196 66 408 319 444 86 145 335 80 90 267
Route #11: 394 115 43 11 297 88 229 198 365 412 77 94 32 355 37 51 169 405 388 349 160 261 183 2 153
Route #12: 219 156 53 197 427 120 147 249 214 163 268 142 76
Route #13: 193 67 38 150 40 98 272 192 377 212 15 113 366 423 275 89 35 263 189 338 245 223 315
Route #14: 438 221 369 166 378 269 373 104 452 6 281 22 63 59 372 311 172 321 284 258
Route #15: 58 308 46 19 186 247 45 135 100 110 307 342 262 404 191 283 271 203 168 454
Route #16: 106 25 177 184 96 252 327 146 55 322 85 441 68 116 274 10 368 34 332 213 217 433 182 109
Route #17: 36 49 17 358 71 382 446 1 416 64 121 324 379 451 318 164
Route #18: 65 415 323 296 292 303 123 453 138 28 236 350 148 243 205 314 248 39 226 302 333 206 215 33
Route #19: 230 334 409 14 195 30 62 429 185 344 362 367 175 155 173 87 360 337 298 440 330
Route #20: 357 179 277 242 209 125 133 246 119 165 18 300 380 174 403 385 279 26 305 407 406 171
Route #21: 448 178 114 222 390 445 313 84 112 103 325 294 21
Route #22: 60 353 42 347 52 287 442 392 118 72 132 75 399 157 7 331 443 181 151 190 328 450 107 134
Cost 240374
Time 568.702
