Route #1: 293 486 97 106 68 370 56 441 166 15 308 416 174 332 478 320 457 387 285 472
Route #2: 125 422 43 336 47 240 516 471 54 495 177 163 364 8 139 173 518 102 127 124 514 523 110
Route #3: 470 135 14 178 169 481 299 140 70 239 210 109 113 397 148 126 181
Route #4: 108 59 409 408 11 455 69 9
Route #5: 466 483 507 393 241 291 267 371 494 329 328 260 6 101 415 525 434 508 493 482 315 275 228
Route #6: 82 128 474 399 374 91 274 283 238 237 337 373 284 289 295 350 248 244 358 259 167 509
Route #7: 473 499 383 359 345 52 365 401 25 529 510 201 487 485 497 233 207 469 313 520
Route #8: 449 376 414 402 391 75 45 58 66 280 34 326 41 42 378 18 398 23 310 413 517
Route #9: 377 464 437 440 277 290 272 294 305 342 384 380 503 480 339 475 453 439
Route #10: 225 532 406 143 22 51 196 445 528 524 519 222 511 500 282 504 512 521 296 292 531 17 10 306
Route #11: 395 7 341 340 60 232 501 394 243 67 37 214 491 208 451 298 270 334 381 379 385
Route #12: 335 311 460 484 133 435 144 477 29 448 447 442 205 403 417 179 430 424 122 136 121
Route #13: 202 80 26 253 183 322 189 321 129 137 94 104 369 276 73 421 420 418 419 21 62
Route #14: 307 151 146 226 213 349 197 111 191 203 99 405 490 461 502 522 190 19 223 39 446 363
Route #15: 273 211 35 429 28 159 170 142 423 366 107 344 346 396 168 247 388 354 324 32 262
Route #16: 458 84 161 200 20 465 303 156 160 3 255 468 63 71 33 83 407 44 16 157 220
Route #17: 258 53 245 103 131 251 249 1 219 215 269 431 411 150 256 246 30 235 114 61 172 175 162 147 327
Route #18: 65 410 24 319 57 330 171 217 221 198 27 309 312 426 250 12 254 301 343 48 265 257 40 194 2
Route #19: 123 443 4 353 425 145 98 120 404 50 76 81 74 96 338 134 513 356 182 360 325 87
Route #20: 467 297 149 216 206 463 155 355 352 5 382 433 116 367 218 79 515 489 488 287 527 526 317 506
Route #21: 158 236 38 234 212 375 505 492 278 438 117 93 64 498 261 86 85 184 180 119 138 204
Route #22: 268 479 314 199 362 318 78 36 361 55 153 192 72 286 165 176 209 390 300
Route #23: 112 152 279 288 302 266 281 348 347 89 141 187 188 193 333 331 316 450 386 400 105 95 428
Route #24: 92 476 496 530 357 224 252 115 130 118 427 185 100 230 227 164 351 456
Route #25: 77 372 195 186 432 263 412 392 389 13 304 242 46 271 31
Route #26: 444 452 323 154 132 229 231 368 462 459 88 49 436 454 90 264
Cost 265957
Time 671.138
