Route #1: 112 225 231 230 197 185 128 198 223 150 252 277 259 251
Route #2: 237 296 50 40 217 13 215 205 201 52 53 219 15 18 14 250 247
Route #3: 200 26 19 67 65 107 2 72 76 163 188 176 270 160 168 299 192 165 285 162 36 105 91 144
Route #4: 126 101 148 258 224 227 143 133 62 169 164 81 124 289 286 154 159 290 170 279
Route #5: 149 34 228 45 115 114 137 37 66 20 244 5 113 51 189 39
Route #6: 87 166 180 147 213 207 140 24 123 3 229 111 125 55 209 141 132 129 246 70 57 56 242
Route #7: 31 136 110 256 138 10 21 146 104 33 254 255 249 16 210
Route #8: 94 93 145 42 109 83 86 199 182 61 181 172 161 32 153 156 257 108 202 167 175 245 69 25
Route #9: 220 226 68 151 280 78 84 92 283 281 284 71 297 157 117 139 278 177 216 275 222 293
Route #10: 292 171 211 80 73 158 28 29 235 186 206 273 282
Route #11: 17 58 6 287 88 203 196 178 204 98 97 74 12 195 44 193 221 121 60 22 253 122 127 116 27
Route #12: 265 274 130 142 119 120 79 155 152 187 184 103 241 240 234 239
Route #13: 96 82 89 291 260 8 9 233 248 262 174 100 11 30 295 173 85 118 1 179
Route #14: 266 63 23 288 106 77 134 46 49 47 43 75
Route #15: 64 59 7 38 294 208 232 131 238 95 4 183 48 35 41 267
Route #16: 102 90 99 135 212 218 190 191 194 272 271 214 236 243 298 263 276 261 268 264 54 269
Cost 160491
Time 328.097
