Route #1: 227 10 53 150 57 72 246 20 238 185 240 67 172 161 277 174 146 33 154 149
Route #2: 12 187 260 114 265 276 176 175 80 188 9 224 28 239 191 49 230 116 25 153
Route #3: 166 158 71 189 51 136 147 42 267 257 11 229 184 145 130 143 19 121 131 77 4 221 39 263
Route #4: 63 222 111 163 76 242 251 23 228 215 113 199 165 41 74 102 106 2 180 97 127 60 274 211
Route #5: 261 241 6 36 35 69 14 118 244 190 107 135 15 90 196 81 117 52 3 156
Route #6: 182 26 88 109 47 93 140 30 108 27 259 122 62 24 68 141 64 89 95 212 206 7 204
Route #7: 210 170 104 94 56 252 50 125 34 29 183 22 155 61 219 181 99 101 59
Route #8: 195 138 159 123 110 18 164 254 235 177 250 207 200 247 112 203 103 269 133
Route #9: 275 152 70 179 119 78 132 268 55 198 91 162 43
Route #10: 205 83 32 220 96 264 139 258 225 44 17 148 5
Route #11: 73 171 45 214 129 213 197 126 66 92 160 178 142 144 168 87 248 21
Route #12: 217 270 192 208 271 167 115 266 151 16 65 256 249 157 236 234 186 193 48
Route #13: 86 137 85 13 194 216 218 262 38 8 79 233 245 243 134 223 40 31 84 231
Route #14: 58 273 237 173 124 226 37 82 201 128 75 98 272 105
Route #15: 209 202 46 232 54 169 253 1 255 120 100
Cost 169027
Time 277.736
