Route #1: 513 253 131 293 479 585 338 387 422 7 12 287 227 214 158 17 13 51 37 369
Route #2: 460 297 359 542 229 23 151 153 574 166 179 125 530 305 461 48 521 450 33 86 514 399 100 406
Route #3: 285 22 244 152 269 169 436 247 391 196 358 409 266 129 172 298 346 27 352 141 482 58
Route #4: 271 243 511 549 177 43 246 490 186 212 486 458 201 433 348 45 506 46 140 395 202 72 77
Route #5: 528 91 218 101 173 541 404 333 390 452 477 459 295 435 451 487 494 335 431 392 156 149 50 224
Route #6: 107 343 204 211 423 483 242 290 344 510 341 505 500 105 411 257 61 231 276 304 35 208
Route #7: 64 457 425 262 566 99 185 408 78 108 526 316 491 351 496 87 256 576 69 268 416
Route #8: 103 501 4 255 250 586 534 120 40 265 519 278 279 147 394 324 236 512 88
Route #9: 122 121 223 182 106 421 225 328 454 382 272 167 280 216 222 498 261 508 306 429 34 47
Route #10: 334 350 181 380 111 471 439 80 537 499 363 67 145 154 489
Route #11: 415 241 419 162 497 573 405 340 515 443 396 445 417 472 126 42 217 504 9 522 230
Route #12: 397 572 330 203 292 517 184 516 518 327 538 174 544 219 170 39 93 161 488 384
Route #13: 234 424 117 493 138 275 15 400 199 155 97 467 342 118 568
Route #14: 559 540 296 66 59 299 412 54 73 44 8 323 368 200
Route #15: 137 159 209 284 567 581 252 337 134 113 308
Route #16: 362 339 580 128 226 492 531 361 478 539 570 215 11 345 92 194 175 427 139 313 377 192 503 430
Route #17: 30 14 160 470 95 232 357 85 235 456 381 25 360 57 569 558 248 123 437 550
Route #18: 228 571 1 36 502 468 495 18 237 109 374 96 309 332 545 507 19 410 553 143 378 312 136 251 465
Route #19: 282 110 462 388 556 535 532 74 60 555 398 524 302 376 314 52 213 547 240 372 28 112 311 329 480 523
Route #20: 426 38 385 89 527 464 259 440 16 578 525 331 83 135 157 448 220 260 189 432 446 551 81 366 144 56
Route #21: 20 245 84 114 474 543 233 142 325 442 146 148 307 575 557 463 413 133 579 315 469 326
Route #22: 401 171 6 565 32 205 389 466 420 26 3 441 373 10 577 206 188 249 127 115 356 94
Route #23: 198 475 365 150 481 68 176 552 116 317 383 560 354 473 76 294 5 193 254 393 310 434
Route #24: 178 49 371 322 289 191 102 41 124 300 24 274 386 582 119
Route #25: 65 53 583 548 21 29 90 476 165 428 168 562 321 455 336 239 564 207 447 509 210 453
Route #26: 444 270 364 195 132 407 402 163 367 318 379 2 353 301 277 273
Route #27: 319 520 263 533 180 554 62 375 70 546 288 183 438 104 320 79 55 283 190
Route #28: 563 267 403 414 347 529 303 221 291 281 258 449 536 485 63 130 286 561 355
Route #29: 197 31 75 98 264 484 584 71 238 82 164 349 418 187 370
Cost 290359
Time 441.572
