Route #1: 24 37 304 244 282 240 42 49 58
Route #2: 77 152 25 195 129 361 394 86 101 46 92 53 350 105 130
Route #3: 357 384 418 411 426 68 291 155 59 103 319 124 110 36 437 321 203 373 95 182
Route #4: 455 184 29 126 412 273 262 252 409 264 430 450 439 102 204 4 100 452 292 448 296
Route #5: 232 255 390 241 30 114 40 133 181 303 257 164 175 253 307 393 403 85 147
Route #6: 407 421 211 168 154 89 91 335 342 428 176 387 442 187 370 317 279 254 212
Route #7: 193 247 349 142 233 20 230 260 315 118 278 270 298 109 327 329 382 322 286 64 112
Route #8: 197 259 149 144 81 185 191 19 208 150 167 196 207 210 217 223 15 243 228 213 277 280 231 225 226 26 209 237 218
Route #9: 263 249 234 135 70 139 121 432 385 235 289 227 354 356 111 355 314 353 348
Route #10: 202 5 16 3 17 67 179 301 84 389 174 18 13 12 137 11 140 276 320
Route #11: 170 190 136 165 188 316 310 272 79 306 123 127 138 153 214 340 358 163 371
Route #12: 366 337 21 162 376 54 324 47 313 388 311 94 96 122 117 104
Route #13: 206 245 268 445 1 200 415 283 224 400 48 132 397 395 145 447 35 431 261 456 446 198 22 189
Route #14: 386 173 60 106 201 186 87 2 345 281 61 364 449 6 156 238 43 134 205 148
Route #15: 392 396 166 417 169 436 28 119 183 14 34 45 39 31 427 248
Route #16: 219 229 265 269 443 295 8 7 318 305 33 32 275 274 297
Route #17: 379 336 300 457 323 299 57 341 328 333 362 404 367 420 347 312 408
Route #18: 401 416 454 434 413 433 440 458 429 398 294 293 80
Route #19: 69 44 422 351 369 368 66 65 365 266 246 220 194 50 419 402 451
Route #20: 125 410 374 381 256 338 160 159 309 258 251 343 288 287 423 435 326 414 372
Route #21: 99 406 271 346 267 215 180 141 172 62 441 27 63 334 332 222 308
Route #22: 108 72 107 93 438 330 344 339 52 83 88 55 116 131 73 56
Route #23: 171 285 383 97 331 38 425 161 325 250 74 178 236 51 216 221 199 82 143 192
Route #24: 375 405 71 75 76 151 9 284 391 128 377 378 380 453 399 177 424 363
Route #25: 352 23 302 115 90 158 10 239 157 360 78 146 242 113 444 120 98 41 359 290
Cost 259623
Time 556.444
