Route #1: 29 194 226 207 148 204 214 159 149 126 206 211 157 160 20 98 108 45 218
Route #2: 9 235 227 238 197 103 99 11 177 141 220 175 134 164 152 120 228 191
Route #3: 201 212 209 161 163 165 69 58 145 113 90 219 125 224 133 137 237 14 3 86 65 49 52 136 75
Route #4: 196 176 83 236 48 13 82 62 35 64 57 63 66 51 73 72 213 139 59 56 53 232 223 231 78
Route #5: 32 155 221 229 129 116 55 117 67 27 203 140 46 89 38 44 109 115 33 34 26
Route #6: 234 41 166 95 181 190 225 192 131 4 54 50 80 42 233 60 23 170 119 79 172 37 199
Route #7: 91 88 70 31 40 36 87 25 150 104 74 16 77 162 144 188 189 200 174 132 85 71 169 180 240
Route #8: 61 186 110 171 6 10 216 183 195 30 97 222 12 43 19 24 202 106 156 107 101
Route #9: 18 185 114 205 100 127 173 128 130 8 17 178 151 124 153 184 154 138 179 147 123 146 15 193 111 182 81 2
Route #10: 105 122 39 21 76 112 142 94 208 239 143 22 118 210 92 93 96 84 217
Route #11: 28 1 47 158 168 198 135 7 187 5 121 230 68 167 215 102
Cost 85688
Time 166.865
