Route #1: 59 70 210 89 91 100 8 203 185 181 161 166 165
Route #2: 12 145 21 83 93 114 29 41 47 7 48 25 46 192 36 130 49 43 132 131 82 45
Route #3: 146 201 171 99 2 13 148 107 40 106 212 123 170 105 94 125 67 151 158 156
Route #4: 160 190 61 173 52 74 57 9 11 1 206 4 127 6 139 136 164 149
Route #5: 68 176 37 18 103 55 128 129 159 194 209 23 64 77 180 182
Route #6: 14 24 143 202 168 191 138 200 31 86 51 85 198 75 211 10 50 19 39 38
Route #7: 32 27 183 187 163 142 174 193 197 155 26 189 117 98 28 167 208 141
Route #8: 76 80 120 115 116 137 108 162 157 104 60 140 124 118 95 135 30 66
Route #9: 63 113 20 33 179 178 121 184 152 90 88 97 177 111 147 109 53 73 71
Route #10: 56 188 150 58 92 22 15 205 207 195 3 34 35 54 16 144
Route #11: 5 96 79 84 62 101 169 112 119 69 110 44 72 17 204 87 42
Route #12: 186 175 172 154 134 133 126 102 65 153 81 78 196 122 199
Cost 131510
Time 255.633
