Route #1: 21 71 57 148 102 1 94 54 59 60 62 61 64 56 72 93 2 145 87 86 51 173
Route #2: 252 195 196 206 186 192 198 13 270 35 185 45 179 197 159 158 168 169 188
Route #3: 85 227 249 241 242 23 27 42 265 269 255 254 83 251 89 165 182 174 9 8 219
Route #4: 117 124 115 218 203 257 163 289 290 220 221 273 24 233 228 217 216 236 237 238 213 226 246 210
Route #5: 189 77 211 205 225 245 244 248 250 229 258 212 214 268 262 110 106 114 125 136 187
Route #6: 235 223 280 282 278 73 66 65 31 11 277 283 281 279 137 55 103 172 101 36 41
Route #7: 38 95 76 207 202 90 204 231 161 48 53 260 267 52 155 276 263 256 99 25
Route #8: 266 157 156 151 178 146 34 33 29 39 5 107 272 253 152 6 37 22 12 275 264 47 46
Route #9: 132 171 138 284 232 118 240 10 139 288 82 193 230 271 180 160 153 176 144 292 142 143 164 74
Route #10: 134 113 111 104 98 122 119 126 49 30 191 131 135 199 79 181 3 7 26 201 150 40
Route #11: 50 58 224 166 28 120 123 167 105 80 147 68 170 17 140 121 116 32 141 84 243 75
Route #12: 261 18 63 133 96 175 67 239 108 291 259 100 128 215 200 154
Route #13: 208 127 177 183 287 43 209 112 129 247 92 97 286 88 194 285 149 20
Route #14: 162 222 190 70 184 15 16 19 78 91 81 274 234 4 130 69 14 109 44
Cost 143435
Time 632.943
