Route #1: 345 291 187 266 320 353 301 367 290 265 191 188 321 202 193 233 196 263 281 280 318 243 285 299
Route #2: 330 315 292 237 255 230 211 213 217 234 262 274 89 209 312 103 104 418 139 302 37 116
Route #3: 352 25 344 338 286 277 270 275 297 414 491 512 509 474 269 271 449 348 303 347
Route #4: 380 526 4 14 408 404 407 417 32 31 426 332 403 397 423 17 18 15 11 391 527 373
Route #5: 420 307 483 371 372 382 445 395 394 438 425 381 374 375 462 389 384 392 335 341 333 383
Route #6: 368 310 475 465 59 79 82 81 473 80 92 479 107 98 108 469 485 91 62 61 33 8 525 521
Route #7: 328 336 369 410 409 433 451 453 448 458 454 471 500 501 464 510 429 432 413 411 415 377
Route #8: 504 476 484 490 495 494 487 482 42 477 50 48 60 466 51 480 472 3 424 497 416
Route #9: 528 396 398 456 43 461 49 64 87 56 16 27 26 522 505 267 71 442 488 470 452 463 455 457 446 437 393
Route #10: 114 142 508 166 177 197 72 135 77 73 78 229 97 95 148 151 519 44 45 214 66 86
Route #11: 359 349 364 376 365 370 189 162 141 440 431 419 406 421 430 439 428 427 366 386 358
Route #12: 235 502 199 93 400 127 523 125 123 498 496 503 499 489 122 128 131 121 460 100 28 516 387
Route #13: 363 378 70 74 22 524 85 153 515 518 514 478 67 134 314 331 276 2 99
Route #14: 175 182 261 251 163 102 222 507 65 53 54 105 124 300 68 90 101 249 24
Route #15: 244 156 179 201 35 272 112 329 52 342 388 412 325 356 126 47 130 119 517
Route #16: 94 293 30 9 422 138 13 5 327 164 147 226 486 511 12 1 467 36 324 450
Route #17: 435 278 220 117 311 350 120 133 158 20 239 192 76 313 109 436 362 161 361 434 174 360
Route #18: 322 75 63 289 308 167 208 41 319 165 223 7 250 326 132 246 346 355 238
Route #19: 146 254 385 88 294 181 257 354 295 316 468 298 283 183 309
Route #20: 405 481 252 137 268 264 186 113 111 185 225 340 305 154 46 84 194 390
Route #21: 279 184 337 19 40 282 168 210 231 520 145 144 159 140 143 171 110 259 258 55 459 38 379
Route #22: 219 492 304 21 441 443 157 34 10 29 115 149 178 176 195 198 155 83 96 136 23
Route #23: 401 317 170 150 253 180 306 207 284 6 69 287 152 172 118 339
Route #24: 399 169 129 106 224 212 39 200 323 506 232 236 227 241 206 205 228 218 242 260 351 173 357 247 221
Route #25: 334 444 190 160 203 240 288 256 296 245 58 57 216 447 273 493 204 248 513 402 215 343
Cost 214206
Time 797.129
