Route #1: 287 212 25 340 209 172 68 241 437 277 128 189 262 142 227 390 372 325 426 170 391 230 210 357
Route #2: 23 327 136 283 191 423 398 36 358 22 439 52 402 231 187 363 410 51 118 193 27 375 204
Route #3: 165 347 308 7 355 197 432 299 385 100 365 124 436 116 2 233 364 97 71 335 407
Route #4: 134 12 310 444 152 409 80 393 177 382 206 222 66 160 175 400 24 414 270 108
Route #5: 83 399 428 290 203 275 261 317 285 334 45 26 305 416 31 30 69 176 178 119 224 64 295
Route #6: 94 259 354 268 333 380 384 360 421 103 140 195 316 50 401 81 137 138 217 238 59
Route #7: 53 37 332 441 127 184 319 289 324 200 387 293 321 153 20 379 315
Route #8: 342 309 429 264 135 260 434 5 155 269 373 304 306 404 78 14 180 344 147 185 98 60 442 279 351
Route #9: 234 84 74 76 18 337 144 411 205 330 196 328 415 92 39 313 122 329 292 29
Route #10: 449 54 220 362 221 431 378 143 186 75 254 218 356
Route #11: 150 427 314 240 243 173 298 58
Route #12: 132 394 157 65 250 311 395 129 198 225 145 274
Route #13: 181 446 392 88 162 368 320 207 350 105 15 11 338 121 381 403 164 272 32 56 166 297 343 341 101
Route #14: 6 248 192 376 171 130 86 386 48 307 91 113 300 245 149 253 40 249 389 369 352 43
Route #15: 96 67 19 433 424 182 247 21 188 417 336 34 302 408 237 8 312 288 301 190 104 452
Route #16: 346 418 443 55 89 44 265 374 95 454 422 33 438
Route #17: 370 359 291 115 349 215 3 323 242 273 263 194 367 284 90 120 126 70 139 457 99 219
Route #18: 163 447 72 57 445 174 110 141 112 73 244 151 366 62 183 1 258 229 146 106
Route #19: 450 348 111 13 93 109 223 125 82 236 235 38 4
Route #20: 79 430 85 167 211 102 114 455 448 107 388 278 16 161 456 46 159 208 156 303 440 318 451
Route #21: 282 326 202 251 154 17 294 63 199 214 49 377 179 267 158 286 61 35 322 228
Route #22: 169 276 256 232 168 383 353 47 28 271 331 257 9 123 371 42 252 10 239 87
Route #23: 339 361 213 296 453 281 397 77 406 148 419 226 255 396 201 133 117 435 216 425
Route #24: 413 420 246 131 266 280 405 345 41 412
Cost 249743
Time 572.667
