Route #1: 234 200 90 220 149 8 7 274 183 23 81 34 131 141 2 91 37
Route #2: 106 275 62 59 60 88 76 115 46 169 56 117 212 21 150 124
Route #3: 265 254 217 143 120 157 151 175 31 173 266 75 226 193 78 70 282 65 146 66 35 142 160 296
Route #4: 57 237 144 195 77 27 29 72 210 294 108 247 174 298 260 214 136 51 116
Route #5: 18 216 107 197 118 6 127 33 203 201 126 153 248 264 244 74 243 40 297 293
Route #6: 130 45 206 26 109 15 71 154 16 236 83 58 52 204 132 104 276 122 235
Route #7: 269 53 49 198 168 69 241 50 96 250 67 111 257 223 225 228 287 119 188 187 181
Route #8: 186 281 231 14 209 92 224 256 179 289 30 207 176 135
Route #9: 164 271 101 238 185 230 178 273 145 291 80 290 222 82 300 184
Route #10: 152 99 139 189 9 5 134 165 278 129 63 196 68 270 253 249 28 221 89 246 162 172
Route #11: 171 161 13 263 85 284 95 32 190 213 123 138 286 114 17 112
Route #12: 163 280 299 48 166 100 205 180 148 79 87 283 3 113 301 42 125 167 251
Route #13: 233 194 128 98 25 110 103 261 86 47 24 64 39 102 252 192
Route #14: 12 44 93 11 1 158 267 219 38 232 41 277 73 43 258 137 262 259 177 229 279 211 54 242
Route #15: 215 240 159 272 227 218 133 4 10 199 292 202 36 19 97 170 147 105 121
Route #16: 94 268 155 182 84 239 22 255 295 288 285 156 208 20 191 245 140 61 55
Cost 211031
Time 413.951
