Route #1: 58 171 223 15 25 163 159 71 22 95 43 218 73 76
Route #2: 168 112 103 66 108 57 10 225 42 196 206 156 144 115 190 6 154
Route #3: 207 52 100 220 210 177 141 106 143 87 178 118 133 139 199 111 211
Route #4: 131 44 189 176 12 77 72 61 121 116 164 158 96 101 212 202 91 60 48 129 98 92 182 113 94 192 32 120 136 226 39 184 11
Route #5: 117 33 41 107 86 80 26 36 1 229 167 222 30 216 150 13 201 119 28 186 17 55 149
Route #6: 155 181 157 180 228 19 145 68 198 99 31 187 51 56 63 104 67 213 191 194 5 123 70 195 203 85 109 165 172 230 166
Route #7: 62 127 162 161 175 134 152 65 2 14 205 110 114 102 84 138 135 38
Route #8: 188 147 137 128 214 54 29 64 53 75 97 217 79 124 170 193 174 82 89 23 146 40 9 7 69 45 74 169
Route #9: 142 46 37 35 105 24 20 221 16 179 209 183 185 125 3 173 90
Route #10: 78 122 126 8 227 224 153 132 130 88 49 81 27 208 47 197 34 160 140 148
Route #11: 215 4 18 204 21 151 93 83 219 200 59 50
Cost 136602
Time 268.7
