Route #1: 186 194 211 202 206 187 121 210 209 99 147 34 15 208 198 182 49 164 90 167
Route #2: 55 161 59 106 40 123 171 68 57 78 91 204 96
Route #3: 126 135 156 153 149 150 133 137 143 141 125 139 131 154 155 8 127 189 1 145 183 169
Route #4: 111 69 30 212 7 27 23 29 24 33 35 105 41 39 87 70 36 10 14 207 201 110 73 56
Route #5: 11 104 179 67 109 115 160 44 45 152 205 98 93 130 134 54 50 176 18 192
Route #6: 83 116 120 119 124 129 114 102 88 89 76 77 86 72 46 32 6 63 48 52 58 64 37
Route #7: 43 80 199 159 166 180 178 140 117 82 74 21 184 173 177 175 146 108 118 107
Route #8: 151 188 132 92 101 53 62 162 17 172 16 19 191 196 197 128 113 112
Route #9: 28 71 26 12 174 103 25 65 13 195 20 3 79
Route #10: 5 4 100 200 190 193 22 85 42 31 136 47 51 38 165 138
Route #11: 97 94 66 60 185 158 84 81 168 163 75 61 95
Route #12: 181 157 148 203 142 122 144 9 2 170
Cost 123490
Time 255.717
