Route #1: 100 121 169 194 132 153 213 203 39 82 196 182 181 5 174 168 65 133 96 98 52
Route #2: 189 188 102 87 81 44 25 22 201 137 28 59 41 206 207 197 110 46 104 208 105 101
Route #3: 210 157 171 49 50 53 79 75 15 43 84 204 29 177 115 83 80 127 183 162 179 134 165
Route #4: 180 7 55 112 72 131 42 126 76 17 175 11 18 6 62 85 166 78 56 47 33 8 192 184
Route #5: 57 99 140 95 10 51 63 45 94 136 54 161 27 212 12 37 38 202 129 2
Route #6: 144 21 164 152 149 154 146 172 36 135 24 198 77 120 119 116 139 71 93 91 114 34 176 173 86 74 19 209
Route #7: 106 186 109 60 64 73 148 160 32 170 211 92 147 178 200 191 185 214 26 143 23 195
Route #8: 90 68 31 123 88 205 167 155 138 159 158 125 145 113 156 190 89 107 122 13
Route #9: 97 141 30 35 16 163 117 108 3 151 150 70 9 193
Route #10: 118 66 130 124 103 142 20 69 187 111 40 58 61 67 14 48 1 199 4 128
Cost 67793
Time 388.015
