Route #1: 40 215 212 14 106 16 17 54 70 228 89 165 71 177 138 119 12
Route #2: 105 36 178 41 198 127 84 227 85 97 109 32 116 235 44 42 216 183 120 1 27 204 24 7
Route #3: 10 43 95 96 121 145 74 220 133 26 229 180 103 176 192
Route #4: 94 4 30 158 46 213 153 179 223 48 214 68 161 33 31 18
Route #5: 159 92 52 93 126 66 225 5 2 128 191 47 118 21 82 9 186 181 182 233 23 173 160 150 166
Route #6: 210 141 113 196 130 231 13 137 129 132 49 51 90 226 224 75 218 219 8 197 72 19 64
Route #7: 101 79 6 80 81 37 35 55 62 77 86 87 211 221 208 148 154 149
Route #8: 209 100 188 184 187 195 206 194 157 131 142 123 107 108 61 57 50 56 63 232 58 164 174 98 151 222
Route #9: 185 170 171 202 134 122 135 136 104 99 203 230 200 152 168 169 189 205 167 140
Route #10: 234 190 115 60 59 83 156 163 65 20 25 22 67 155 34 38 238 88
Route #11: 102 237 146 11 201 193 114 28 144 199 172 124 39
Route #12: 112 147 139 111 117 69 45 3 15 53 175 217 207 29 236 162 73 91 143 76 78 110 125
Cost 88676
Time 217.509
