Route #1: 99 118 133 142 172 171 174 5 9 10 16 234 3 269 257 205 211 215 260 240
Route #2: 7 244 243 12 251 252 253 222 225 214 218 220 200 197 189 190 176 162 163 158 59 25
Route #3: 232 236 8 259 11 256 20 100 207 203 202 267 19 195 60 245 22 21 6 270 242
Route #4: 58 63 24 148 194 191 67 38 51 70 68 83 102 117 178 201 248 125 127
Route #5: 27 28 57 87 126 86 268 217 265 263 17 56 46 41 23 50 48 231
Route #6: 246 42 43 258 47 113 115 39 101 264 154 151 104 103 29 4 262 198 53 139 122 81 261 2
Route #7: 33 35 1 44 52 45 247 32 13 62 61 170 65 266 49 36 34
Route #8: 181 149 192 224 14 26 55 79 73 75 88 94 135 229 64 186 196 166 164 227 228 208 54 66 30
Route #9: 98 96 91 74 78 80 90 107 106 112 109 134 146 140 141 138 82 77 85 40
Route #10: 124 111 110 69 156 155 145 175 173 204 206 93 18 184 121 179 97 84 105 143 114 123
Route #11: 72 76 120 116 169 152 129 128 159 168 183 167 177 161 131 165 150 136 71
Route #12: 241 212 157 147 238 95 89 249 255 254 31 237 221 210 37 250 108 119 92 15 180
Route #13: 233 213 216 209 199 193 219 230 235 144 132 130 160 187 188 182 137 226 153 239 223 185
Cost 98565
Time 177.14
