Route #1: 14 86 82 140 102 106 202 262 254 182 189 11 59 129 25 104 9 27 69 99 35 4
Route #2: 73 186 157 176 201 207 198 13 88 22 133 21 90 127 229 53 126 2 211 277
Route #3: 130 279 110 184 114 284 81 214 191 29 40 83 50 95 137 94 85 1 142 196 158 170
Route #4: 24 195 210 143 164 147 151 111 84 125 60 275 174 51 146 118 197 218 213 246
Route #5: 96 41 155 139 233 152 145 150 180 134 167 179 199 30 116 144 20 141 123 70 128 10
Route #6: 98 281 49 242 243 45 37 6 75 169 289 290 135 101 52 65 105 67
Route #7: 80 72 222 249 200 183 160 156 103 26 121 227 230 3 257 232 241 250
Route #8: 190 57 268 74 112 54 161 62 71 288 264 163 274 273 280
Route #9: 12 122 138 148 162 193 204 203 171 19 282 194 7 276 79 283 119 209 245 228 285
Route #10: 39 55 255 109 237 236 253 91 261 248 64 108 87 173 117 92 159 240
Route #11: 220 251 136 215 239 15 223 33 43 56 89 17 177 78
Route #12: 226 208 256 260 185 16 107 132 120 115 34 36 149 61 63 259
Route #13: 32 124 93 5 291 258 287 234 42 44 28 178 31 58 113 68 8 100 225 66
Route #14: 224 267 175 205 188 165 166 187 168 97 238 76 221 47 172 18 286 212
Route #15: 235 272 265 48 38 153 154 181 23 263 266 269 247 244 278 271 270 252 46 216 219
Route #16: 77 131 192 206 217 231
Cost 169121
Time 308.368
