Route #1: 319 350 22 346 26 76 10 348 29 359 28 34 344 329 325 272
Route #2: 355 342 352 331 330 358 338 13 16 19 24 280 347 261 61 88 306 7 106 18 9 4
Route #3: 333 353 312 343 341 268 265 264 248 249 324 252 320 266 294 311 334
Route #4: 254 274 247 273 226 285 295 288 276 271 232 230 260 225 218 286 243 308
Route #5: 291 277 17 11 153 102 101 8 98 176 3 12 236 263 270 15 290 316 318
Route #6: 193 223 240 212 310 192 213 197 345 221 234 354 269 242 235 107 5 278 297
Route #7: 360 357 2 214 190 189 339 136 138 305 299 314 154 142 105 144 340
Route #8: 158 155 201 244 132 281 282 293 126 283 256 255 211 215 304 317 336 246 258 267
Route #9: 227 166 228 178 194 183 202 203 216 229 209 208 205 245 185 181 173 191 174 172 164 129
Route #10: 127 206 195 186 182 167 224 152 239 149 139 259 250 143 207 198 110 160 94 113
Route #11: 349 62 95 119 122 116 115 188 200 103 104 145 148 150 157 147 163 161 199 53
Route #12: 257 279 140 177 58 52 219 238 262 43 322 323 60 45 287 42 30 204 356 321 237 309
Route #13: 301 313 72 69 82 118 97 96 100 111 165 159 146 141 130 125 79 120 92 91 70 20
Route #14: 187 32 48 54 40 65 51 67 33 315 37 38 123 59 89 47 63 68 57 49 35 36
Route #15: 175 332 289 302 298 241 222 337 108 109 292 1 253 180 90 168 21 84 56 14 75 133
Route #16: 78 335 124 114 99 275 83 112 121 46 50 55 162 41 25 117 71 73 210 251 284 351
Route #17: 85 86 80 131 135 31 27 128 171 233 303 39 134 179 220 307 296 328 327
Route #18: 77 169 6 196 217 231 326 44 23 184 156 66 93 87 151 81 74 64 137 170 300
Cost 128096
Time 975.963
