Route #1: 448 281 141 437 132 468 218 379 677 1 296 113 112 178 228 164 98 595 114 80 79 182 585
Route #2: 511 332 282 304 651 37 31 661 77 251 491 97 550 543 471 307 559 53 655 288 184 305
Route #3: 130 35 58 594 561 498 580 353 57 603 623 3 320 253 620 52 128 509 358 119 263 329
Route #4: 492 81 45 380 373 632 90 394 344 149 493 321 548 460 521 510 70 301 477 581 170 375
Route #5: 144 124 645 55 254 120 278 678 565 683 150 34 367 402 676 642 526 176 579 551 179 396 633 155 361 157
Route #6: 62 268 191 252 65 604 458 190 612 116 163 614 631 469 590 640 341 42 287
Route #7: 504 480 608 384 593 600 571 605 286 582 356 636 260 584 426 216 415 673 207 147 322 227 210
Route #8: 466 686 652 641 447 8 2 577 630 536 160 534 392 335 242 71 681 405 544
Route #9: 27 574 172 187 538 599 241 372 67 383 464 14 357 233 374 624 294 247 348 411 212 525 481 331 99
Route #10: 245 685 563 232 15 235 530 418 318 48 169 432 315 78 60 410 654 177 490 668 202 87 597 122
Route #11: 606 86 628 289 537 298 236 660 323 333 16 486 664 336 352 61 313 68 378 527 377 38 401 674
Route #12: 104 554 462 340 465 516 484 328 508 129 334 188 284 300 64 473 76 94 362 435
Route #13: 158 39 162 434 622 325 89 497 397 266 483 515 12 46 572 419 576 485 264 250 137
Route #14: 326 40 255 75 206 209 643 578 311 167 312 390 524 13 161 186 421 110 482 257 4 208 203
Route #15: 455 404 295 368 436 135 414 299 391 560 343 238 573 270 398 529 220 682 445 259 627 36 293 154 371
Route #16: 489 667 376 611 274 417 562 363 438 503 314 308 221 569 256 528 74 152 350
Route #17: 193 6 442 472 459 153 230 412 330 9 54 359 131 501 143 151 607 107 59 214 127
Route #18: 66 134 393 474 248 680 339 506 639 25 635 346 399 570 51 658 619 229 204 360 47 416 406
Route #19: 626 545 439 463 430 173 303 659 63 342 453 586 92 687 502 30 444 44 413 100 225 217 649
Route #20: 82 388 196 246 663 596 533 364 589 532 420 234 338 662 219 517 518 688 10
Route #21: 33 403 496 625 351 20 240 95 354 309 389 446 7 269 21 93 239 72 11 365 200
Route #22: 243 675 174 443 126 22 17 121 653 587 146 470 369 168 647 349 183 513 452 277 475 156 609 621 546
Route #23: 297 337 467 408 650 440 547 568 616 423 223 449 140 566 552 487 591 424 507 189 539 451
Route #24: 41 24 181 192 237 180 291 327 272 634 617 43 558 226 400 258 656 290 138
Route #25: 276 666 638 165 345 310 382 520 505 49 280 523 224 145 549 684 69 431 111 602 370 185 28 50 657 324 387 542
Route #26: 669 133 317 541 665 265 588 23 575 271 201 118 564 671 499 457 123 429 108 567 425 171 553 535
Route #27: 159 194 306 5 409 427 441 648 215 428 454 347 96 142 285 205 456 231 670
Route #28: 73 56 197 494 319 275 26 610 316 101 83 672 198 136 618 166 386 91
Route #29: 125 283 302 32 540 395 495 519 461 381 488 615 592 88 629 195 115 213 679 355 148
Route #30: 385 646 175 117 479 105 19 262 279 366 102 103 450 613 106 199 222 29 85 84 244 433
Route #31: 531 407 261 139 557 273 601 514 476 522 583 292 478 555 109 267 500 512 556 18 422 598 211 249 644 637
Cost 345655
Time 1040.96
