Route #1: 211 65 133 2 308 246 277 176 57 299 271 281 249 302 284 102 45 110 26 123 90 304
Route #2: 104 87 89 107 127 101 159 186 55 32 151 115 240 171 73 203 46 85 202 325 324
Route #3: 297 331 222 224 223 20 30 31 41 62 60 80 17 50 58 36 40 346 243
Route #4: 155 259 1 245 118 232 239 70 81 260 209 122 213 113 109 86 74 112 28 219 150 75 77 63
Route #5: 44 38 35 337 152 64 47 56 305 79 336 98 92 82 78 91 94 8 7 96 95
Route #6: 116 134 124 194 54 59 132 244 19 196 215 208 212 225 83 148 166 69 42
Route #7: 128 100 157 119 18 276 268 231 250 39 52 48
Route #8: 126 43 76 67 68 93 66 106 181 117 182 146 114 108 105 51 27
Route #9: 144 160 139 178 190 120 234 130 121 272 294 327 61 53 252 229 282
Route #10: 169 156 168 141 207 189 187 198 221 131 216 218 138 147 137 140 135 125 103 97
Route #11: 338 143 309 88 162 179 71 288 191 149 188 177 228 227 185 197 205 142 204 180
Route #12: 214 200 199 195 161 153 164 165 174 184 167 170 242 230 251 206 201 241 254 253 274
Route #13: 292 257 261 258 220 226 217 310 298 192 291 163 301 193 296 175 210
Route #14: 158 154 172 6 9 16 10 3 136 173 329 278 341 345 5 22 129 23 183 233
Route #15: 111 29 314 236 235 34 25 12 145 238 21 267 256 247 99 37 323 321 306 273 290
Route #16: 289 332 248 318 316 326 237 264 335 342 263 286 328 339 343 317 84
Route #17: 269 266 255 287 293 312 311 313 285 279 72 270 275 265 280 283 262 303
Route #18: 295 307 4 15 322 24 344 319 315 340 320 333 11 49 33 14 13 334 330 300
Cost 125499
Time 271.084
