Route #1: 336 337 20 28 3 264 287 25 31 332 324 13 327 335 5 261
Route #2: 330 275 313 296 274 253 242 248 24 240 259 17 278 29 14 312 307 286 72 314
Route #3: 277 334 326 316 325 309 297 295 301 256 249 288 306 247 262 265
Route #4: 250 254 308 328 255 235 300 317 193 209 9 213 200 181 246 33 323 32 304 319
Route #5: 257 260 280 186 281 284 71 271 189 276 176 174 175 279 215 220 233
Route #6: 282 268 237 236 144 202 228 221 187 217 165 214 225 227 224 177 241 226 238
Route #7: 204 15 157 322 267 252 239 251 117 171 315 138 266 163 303 188 201 219 310 232
Route #8: 96 60 270 158 55 67 294 98 302 311 135 331 6 19 21 10 12 216 229
Route #9: 120 113 148 161 119 168 179 131 170 173 109 184 194 185 136 153 190 198 192 162 205
Route #10: 59 107 195 207 191 166 210 164 182 169 196 146 154 104 100 103 11
Route #11: 64 143 147 137 132 160 134 114 106 105 101 108 70 79 83 81 58 57 42 41 38 320 51
Route #12: 35 321 61 66 80 285 111 211 140 130 159 180 231 43 44 54 258 167 48 273 22 50 49
Route #13: 77 155 234 230 112 206 142 141 223 76 199 156 128 245 126 86 65 139 203 102 82 149
Route #14: 152 272 290 291 97 93 18 78 69 91 92 94 74 68 23 53 338
Route #15: 118 90 151 62 30 16 298 263 269 218 243 73 172 39 52 40 4 145 318 2 27
Route #16: 63 56 8 305 222 333 178 197 292 293 124 212 45 208 283 26 84 289 123 1 7 329
Route #17: 299 46 37 129 116 47 95 89 88 75 115 110 125 85 133 244 183
Route #18: 127 36 150 34 87 121 122 99
Cost 147657
Time 470.04
