Route #1: 244 220 216 90 144 298 285 274 301 6 295 279 277 292 259 294 252 267 249 219 92 124 25
Route #2: 251 304 116 16 248 305 257 18 258 265 27 278 29 42 282 76 299 300 19 21 22 24 23 82 81 284
Route #3: 256 273 286 167 179 200 212 221 253 255 239 240 232 234 225 254 17 154 228
Route #4: 35 43 88 308 109 110 268 117 112 307 235 233 242 247 10 246 243 5 280 171 250 236
Route #5: 245 101 111 128 133 289 276 270 137 127 218 121 123 208 172 174 175 96 98 217 241 297
Route #6: 130 207 203 210 187 150 138 189 149 155 151 142 106 105 119 145 153 159 161 201
Route #7: 53 72 135 136 226 223 146 129 170 224 141 229 122 115 107 125 134 132 97 78 75
Route #8: 46 178 169 186 3 108 160 58 199 50 20 157 180 143 188 40 113 4 192
Route #9: 231 196 80 71 94 158 118 73 182 165 55 148 147 120 93 9 99 57 227 205
Route #10: 195 152 198 206 156 103 197 85 79 230 86 87 269 264 100
Route #11: 65 77 91 222 214 194 162 32 102 193 211 215 209 28 37 54 36 11 8 306 183 163
Route #12: 293 303 15 44 1 14 52 41 74 38 131 140 104 95 126 61 69 185 176
Route #13: 56 49 237 84 263 190 139 213 262 181 202 83 238 168 31
Route #14: 204 177 191 296 47 291 7 271 62 66 59 290 281 48 266 114 26 184 166 261 173 2
Route #15: 12 30 39 45 33 164 13 272 34 89 51 70 68 67 64 63 60 288 302 287 283 275 260
Cost 151210
Time 868.648
