Route #1: 8 320 315 311 317 20 13 342 350 25 39 12 15 1 304 331 352
Route #2: 260 3 106 117 82 278 27 209 261 22 289 178 133 340 344 24 334 321
Route #3: 286 295 285 284 266 228 231 237 225 253 254 279 271 305 221 347
Route #4: 351 269 226 235 322 292 291 288 264 281 280 336 259 338 349 332 325 337 318
Route #5: 158 152 141 19 177 14 229 7 6 274 265 256 5 18 10 11 246 240
Route #6: 355 262 282 272 252 346 201 313 307 131 132 301 300 293 171 96 335 343 354
Route #7: 353 153 341 330 111 164 287 176 299 195 309 207 184 316 244 314 247 263 270
Route #8: 55 258 236 242 217 251 215 216 218 213 255 250 203 214 243 189 183 100
Route #9: 146 159 120 124 170 187 202 188 211 196 224 220 230 179 186 94
Route #10: 105 154 166 193 155 232 210 204 208 162 160 167 165 129 136 127 119 118 74 88 290
Route #11: 142 206 241 245 248 150 144 148 294 147 73 319 308 277 173 257 222 37 157 41 298 126
Route #12: 192 33 93 310 138 52 198 64 161 48 59 62 83 143 128 121 112 113 123 9
Route #13: 38 58 110 84 79 78 77 95 81 75 66 76 35 67 30 17 85 72 302 296
Route #14: 273 312 26 28 51 44 327 61 21 23 32 43 53 65 63 45 68 56 40
Route #15: 49 297 182 104 149 101 163 174 134 238 16 145 249 275 69 54 116 97 70 42 92 89
Route #16: 71 276 125 50 29 200 219 4 199 172 135 122 115 47 303 267 2 323 324 86 57 205
Route #17: 109 333 345 169 339 190 46 87 60 114 90 107 306 283 99 180 233 326 185 137 98 36
Route #18: 34 175 194 197 31 80 348 223 239 212 329 328 268 181 102 227 191 234 91
Route #19: 168 103 151 139 156 140 130 108
Cost 144833
Time 1043.72
