Route #1: 238 207 271 282 281 274 283 1 19 8 18 285 289 288 108 267 257 3 261 266 270
Route #2: 227 180 20 28 11 96 60 150 9 16 225 224 223 17 226 232 61 67 40 44 30 24
Route #3: 272 268 287 275 277 12 243 254 273 206 171 139 144 134 148 290 175 258 256 246
Route #4: 166 182 213 167 172 260 210 276 250 248 251 249 252 253 200 198 205 7 5 6 219 239 229
Route #5: 78 194 187 181 191 240 190 195 185 202 168 164 183 143 152 162 158 155 154 116 178
Route #6: 131 160 177 145 147 170 169 176 179 193 204 215 217 220 228 118 209 136 141 165 120 115 114 111
Route #7: 286 184 130 262 242 151 140 149 201 214 244 119 230 54 33 264 245 247 43 269 125 59
Route #8: 23 77 107 103 105 104 102 112 163 161 157 121 138 110 106 94 95 4 26 37 133
Route #9: 89 68 218 50 255 259 35 79 52 62 53 65 76 81 82 66 63 55 73 93
Route #10: 279 199 265 99 84 39 117 124 186 222 235 75 221 211 196 189 192 128 45 233 69 36 42
Route #11: 41 27 22 48 31 34 14 64 57 278 159 234 123 127 188 10
Route #12: 212 80 56 91 51 72 100 86 32 2 15 25 237 241 236 280 284 58 47 49 29
Route #13: 90 83 203 231 173 146 98 92 101 38 71 13 197 216 174 21 208 46 97 137
Route #14: 132 74 88 156 109 87 126 122 135
Route #15: 70 85 113 263 153 142 129
Cost 151070
Time 889.465
