Route #1: 390 43 221 98 58 200 145 305 87 104 288 210 44 291 169 382 161 3 92
Route #2: 30 223 203 312 264 189 6 276 24 269 131 381 262 61 327 115 64 170 246 245 345 292
Route #3: 296 333 243 391 254 274 146 37 47 127 116 351 220 134 204 36 177 144 356 40
Route #4: 46 340 355 16 360 234 9 277 4 328 2 180 120 379 22 270 342 155 137 7 224 257 260 280 253
Route #5: 307 341 348 142 118 159 315 75 185 179 298 235 65 114 176 240 29 361 256 275 302
Route #6: 150 263 119 162 35 138 205 160 5 377 126 326 39 266 191 249 301
Route #7: 282 20 133 258 117 209 373 71 183 108 53 82 84 93 88 79 62 60 195 358 194
Route #8: 311 105 232 201 85 90 216 215 226 237 217 96 102 103 173 171 192 193 86 69
Route #9: 352 228 294 207 198 196 385 188 322 242 244 319 287 299 300 295 297 310 347 321 122 290
Route #10: 304 374 343 350 339 335 344 338 337 314 349 364 317 286 247 265 252 208 230 229 123 136
Route #11: 267 278 363 392 14 320 132 31 384 332 15 331 313 316 318 330 388 336 56 175 33 366 19 26
Route #12: 99 97 100 367 89 77 54 66 51 370 67 57 106 112 45 32 371 109 323 324
Route #13: 34 372 383 151 78 359 70 80 72 17 376 369 27 365 354 387 76 184 59 178
Route #14: 165 225 289 329 91 73 81 285 158 386 259 147 271 251 139 238 113 174 309 95 212 273 48 325 197 50
Route #15: 41 346 362 227 125 334 143 190 357 368 52 21 272 128 153 213 25 141
Route #16: 199 55 166 181 167 129 214 28 163 42 12 1 83 68 121 182 23 18 13 10 202 293 250
Route #17: 231 389 38 222 148 255 308 353 49 219 149 157 63 281 279 135 124 211 187 236 283 268 261 218 241 239
Route #18: 168 140 152 154 156 378 172 164 8 74 303 110 380 206 130 375 306 11 248 284 94 101 111 107 186 233
Cost 201582
Time 553.482
