Route #1: 89 79 55 111 52 251 238 265
Route #2: 219 221 50 40 88 83 78 74 225 227 103 133 104 90 272 29 126 124 255
Route #3: 63 117 258 215 259 214 160 147 2 191 144 101 93 244 241 250 96 113 70 27
Route #4: 249 10 62 15 254 243 128 216 203 116 72 205 60 235 25 1 85 186 76
Route #5: 208 39 73 246 209 143 137 201 178 148 12 102 54 154 248
Route #6: 260 91 58 7 97 207 172 44 270 47 19 20 28 280 239 269 77
Route #7: 176 129 184 210 5 173 35 151 65 17 206
Route #8: 162 71 53 282 253 224 48 263 234 276 199
Route #9: 153 168 121 164 145 56 68 37 228 51 94 161 135 261 49 6 155 275
Route #10: 109 156 218 4 157 171 257 22 213 46 159 273 149 75 279 268
Route #11: 8 267 3 175 252 112 110 69 245 38 30
Route #12: 41 198 211 284 223 36 264 9 21 146 262 278 86 92 106 226
Route #13: 115 125 84 187 231 61 220 87 99 274 190 82 277 134 59 23 183 204 107 80
Route #14: 169 114 229 202 163 16 32 283 196 197 237 122 140 236 188 271 193
Route #15: 42 119 152 182 233 232 167 185 181 192 200 98 189 81 14 139 195 24 217 141 170 230 45 130 131 266
Route #16: 105 194 240 108 158 118 165 11 179 31 67 180 150 212 222 123 120 33
Route #17: 95 34 142 174 100 43 132 64 26 57 138 247 18 66 256 242 136 127 177 13 281 166
Cost 224292
Time 211.941
