Route #1: 105 12 128 328 266 166 271 333 129 239 90 274 116 276 182 70 15 84 207
Route #2: 56 299 240 158 27 263 323 149 174 67 187 201 236 170 205 238 47 269
Route #3: 119 261 126 107 268 147 244 50 159 305 57 233 83 264 76 16 112 127 309
Route #4: 45 330 103 153 324 171 267 178 109 234 292
Route #5: 74 19 130 225 168 79 75 341 215 142 80 283 338 154 199 123 118 194 53 230 160
Route #6: 20 273 232 151 340 135 248 54 122 108 318 226 77 257 139 37 195 251 87 30 307 228 311
Route #7: 308 302 110 22 167 198 69 336 193 72 221 58 208 95 124 51 100 11 287 241 275 291 222 216 321
Route #8: 335 277 17 319 38 179 145 2 52 278 290 55 296 218 71 5 66
Route #9: 303 315 73 91 312 60 180 39 31 213 24 342 40 99 140 98 289 28
Route #10: 78 49 280 334 281 81 144 188 115 317 131 202 247 190 186 9 211 88 61 157 301 18 26 141 260 92
Route #11: 185 306 132 285 43 148 162 242 235 48 196 200 337 284 254 32 270 106 172 279 152 85 29
Route #12: 138 322 327 288 34 164 62 229 245 253 214 165 133 125 237 3 265 249 177 42 212 310 33
Route #13: 150 206 176 243 35 184 286 304 191 6 282 203 136 293 326 295 94 102 89 189 163
Route #14: 256 137 36 65 97 8 155 325 298 21 111 197 209
Route #15: 143 146 320 82 14 25 250 121 134 86 300 223
Route #16: 175 10 63 331 64 44 332 217 258 272 7 96 246 262 219 181 255 120
Route #17: 314 113 101 252 224 114 4 41 231 13 59 169 210 220 204 183
Route #18: 297 93 259 227 23 173 104 192 68 1 294 329 46 156 316 117 339 161 313
Cost 202759
Time 322.173
