Route #1: 258 111 147 362 224 336 264 221 284 10 21 33 262 83 208 62 207 116 67 249 339 316 35
Route #2: 242 165 95 248 191 130 296 291 206 115 216 179 243 173 150 20 114 288 3 236 45 174 330 107
Route #3: 361 7 364 155 52 171 120 63 272 196 346 170 329 324 149 278 187 88 257
Route #4: 61 309 38 43 353 230 44 186 363 203 129 267 369 344 2 250 225 218 143 172 286 181
Route #5: 42 94 185 92 46 195 13 217 255 72
Route #6: 326 16 292 118 117 32 140 144 5 327 306 297 209 183 108 41 40 60 343 245 359 321
Route #7: 251 259 274 333 319 271 234 223 238 112 90 89 81 80 123 105 113 96 73 84 78
Route #8: 235 266 261 240 125 109 204 237 141 227 239 253 265 252 190 126 153 212 197 303
Route #9: 102 260 281 313 22 25 300 348 66 59 334 68 75 77 79 74 64 307 14 299 351 350 335
Route #10: 136 29 71 47 31 27 12 103 317 247 298 308 301 11 371 293 372 360 342 263 332 273 280 23 241 86
Route #11: 279 275 294 304 287 314 341 338 337 358 352 367 48 98 69 57 54 139 357 349 305
Route #12: 169 100 205 244 180 106 285 200 36 53 368 356 315 211 295 24 325 323 302 270 289 312 318 283
Route #13: 370 19 18 51 233 199 310 198 232 56 82 28 166 119 347 340 85 345 15
Route #14: 290 226 146 365 4 50 182 214 162 161 331 192 254 268 322 159 256 9 6 134
Route #15: 133 58 99 122 202 37 8 131 127 213 124 277 228 128 1 17 34 76
Route #16: 311 160 354 145 163 142 157 201 189 276 152 104 39 148 87 158 154 156 188
Route #17: 220 177 176 49 246 97 219 229 320 231 282 164 93 193 210 65 30 101 110 355 269
Route #18: 55 366 26 70 328 135 137 184 175 178 167 151 138 132 168 91 194 215 121 222
Cost 191727
Time 609.104
