Route #1: 324 9 8 321 34 44 11 53 290 285 271 315 320 312 247 237 231 227 242
Route #2: 264 224 211 250 263 262 268 255 258 309 307 3 5 303 302
Route #3: 319 286 294 300 306 308 16 311 19 24 23 310 25 246 66 69 84 37 281 7
Route #4: 265 240 204 21 201 14 252 26 241 239 4 256 235 323 325 206 322
Route #5: 232 228 284 293 296 244 236 251 249 208 219 269 259 270 273 295
Route #6: 216 326 187 185 189 164 167 169 15 131 12 95 96 18 327 328 171 186 176 217 13 10 253
Route #7: 51 213 207 182 188 266 200 283 170 126 125 238 151 181 199 198 177 179 195 245
Route #8: 63 160 46 243 214 274 279 59 98 130 194 190 289 225 223 229 304 299 298
Route #9: 107 150 156 165 172 174 121 210 112 153 183 158 157 147 148 127 135 161 138 129 173 86
Route #10: 92 152 184 122 254 89 261 106 114 292 120 101 280 267 260 116 197 191 85
Route #11: 117 136 132 133 141 209 220 226 230 139 233 100 88 99 118 108 145
Route #12: 163 142 159 178 175 162 143 140 203 196 192 104 144 134 91 113 90 70 67 77 79
Route #13: 149 82 28 41 128 193 49 218 74 257 272 212 287 48 58 57 42 291 297 78
Route #14: 313 30 36 43 56 72 32 61 62 64 54 39 75 27 47 282 316 317 318 168
Route #15: 155 103 305 17 52 288 81 94 105 50 33 109 278 6 29 38 45 55 73 65 180
Route #16: 277 276 31 221 35 40 119 1 301 314 215 60 111 93 123 146 76 83
Route #17: 154 137 97 80 68 202 205 222 275 234 248 20 110 2
Route #18: 124 22 166 102 115 87 71
Cost 141323
Time 481.52
