Route #1: 226 210 372 149 126 383 287 139 50 397 127 300 53 279 271 150 316 399
Route #2: 12 151 152 164 52 10 235 231 232 112 131 132 85 129 197 191 225 120 219 6 199
Route #3: 57 72 229 130 147 7 176 202 284 35 165 157 114 137 286 156 163 168 328 161 133 93 352
Route #4: 75 145 180 153 245 58 141 154 83 66 241 275 86 97 3 41 111 49 402
Route #5: 281 21 259 218 67 98 253 306 113 358 359 254 340 172 173 22 194 48 5 63 277 32 265 60 46
Route #6: 355 119 228 268 196 234 204 177 178 244 411 1 239 188 193 2 405 230 252 55
Route #7: 206 227 76 77 195 342 349 198 376 375 69 8 15 395 105 381 100 94 88 82 18
Route #8: 303 403 330 365 336 393 387 26 47 160 79 169 297 348 90 11 17 16 54 39 62 264 262
Route #9: 257 346 270 280 224 354 289 87 360 361 95 409 91 56 14 406 391 404 389 371 324
Route #10: 182 247 43 288 282 301 309 322 334 356 351 373 369 380 363 347 350 326 339 292
Route #11: 246 59 377 68 407 24 109 30 40 64 122 31 37 28 29 125 394 386 388 158 401 400 367 123
Route #12: 410 315 36 38 44 23 33 34 329 20 4 318 9 413 317 325 27 45 65 42 374 25 323 319 312 412
Route #13: 89 78 320 108 343 379 110 71 378 338 80 61 305 308 314 294 302 116 19 13 99
Route #14: 273 222 217 192 124 185 208 260 267 274 205 189 186 249 74 384 118 51 211 357 102 103 115 159
Route #15: 269 321 148 299 398 344 333 331 298 296 283 362 304 295 408 240 162 258 187 200 214 233
Route #16: 266 341 255 215 201 250 291 293 251 307 263 382 223 385 220 221 261 272 327 313 311 285
Route #17: 171 167 203 364 184 332 368 396 155 390 353 142 337 278 290 310 170 175 345 366 370 174 183
Route #18: 335 92 106 392 146 101 81 84 181 179 216 70 236 238 243 248 242 209 212 207 73
Route #19: 121 138 140 143 136 135 134 213 190 107 96 104 144 128 117 166 237 256 276
Cost 188579
Time 606.245
