Route #1: 160 93 95 175 249 237 123 246 132 130 116 118 126 250 251 265 248 103 99 156 152 165 98 82 261
Route #2: 224 236 209 4 6 10 227 229 228 213 283 275 158 223 104 107 140 153 148 154 189
Route #3: 177 169 146 108 117 125 44 94 149 147 141 110 184 188 216 208 217 212 221 231 240 210 254 207 211
Route #4: 218 122 115 112 282 18 24 22 72 65 259 61 47 66 269 273 280 279 252
Route #5: 199 155 198 274 151 172 206 179 170 131 3 52 50 35 195 226 253 242 238 234 204 214 202 203
Route #6: 287 42 8 97 26 43 255 256 19 281 267 139 258 49 45 245 284 271 9 262 257 25 20 15 11
Route #7: 128 230 96 196 166 133 266 243 286 232 58 220 219 285 233 75 74 21 34 40 63 69 23 33
Route #8: 277 39 62 59 38 85 264 263 7 1 13 14 12 76 87 187 41 55 54 51 270 268 276
Route #9: 192 244 241 57 5 46 37 27 31 79 89 102 114 36 197 194 101 137 77 260 193 84
Route #10: 235 159 180 16 142 143 190 64 90 225 100 200 136 183 119 239 29 201 17 157 191 162 145
Route #11: 135 48 88 178 134 205 164 272 163 144 53 150 174 185 28 182 70 181 215 247 113
Route #12: 161 173 60 186 176 78 168 105 80 106 129 111 121 127 138 30 92 83 109 124 91 71 67 278
Route #13: 32 222 2 120 171 73 81 56 86 68 167
Cost 132854
Time 516.837
