Route #1: 174 97 109 108 82 418 363 16 222 102 343 305 275 296 197 85 369
Route #2: 99 264 30 271 316 346 413 417 19 88 89 91 90 96 110 75 162
Route #3: 238 406 339 259 187 306 322 274 249 8 266 74 366 78 402 71 215 387
Route #4: 122 101 382 320 393 148 161 325 337 254 255 291 248 33 52
Route #5: 273 386 217 194 172 32 294 192 87 189 233 241 416 267 401 420 400
Route #6: 39 165 154 146 183 144 116 131 377 27 350 65 378 240 133 289 105 173
Route #7: 206 284 149 155 170 226 245 242 243 153 23 56 312 362 379 411 280 231 218 60 336 285
Route #8: 341 134 236 211 175 143 132 129 118 107 104 321 127 342 128 113 191 208 326 224 28 26
Route #9: 335 35 414 359 156 340 235 292 212 358 360 355 357 351 47 314 319 334
Route #10: 66 298 139 73 166 141 86 34 112 234 93 303 123 392 58 185 77 354 2 178
Route #11: 262 290 119 98 163 265 64 126 309 277 331 20 29 384 216 276 150 9 220 297 223
Route #12: 25 158 310 111 138 94 190 37 307 247 117 12 260 232 40 188 195 315 24 313
Route #13: 57 151 349 171 409 214 198 200 199 18 225 13 36 221 408 196 180 169 244 11 5 44 14
Route #14: 227 300 22 70 136 318 137 125 184 124 412 404 405 230 272 268 38 295 371
Route #15: 347 63 261 394 256 287 301 324 147 410 311 323 286 356 308 83 376
Route #16: 361 279 352 193 202 252 344 106 181 152 46 54 84 3 304 135 204 257 15 246
Route #17: 329 373 176 263 389 120 68 115 364 370 415 399 69 157 407 41 182 203
Route #18: 372 330 293 17 332 45 79 403 327 130 201 81 270 395 160 397 375
Route #19: 213 237 345 269 317 164 142 333 100 6 62 282 381 10 228 396 383 367 374
Route #20: 121 177 302 48 348 95 1 205 353 76 103 239 67 92 299 51 365 140 4 288 328 251 258
Route #21: 43 368 31 209 281 253 219 229 7 207 114 80 61 186 168 49 179 388 419 159 338
Route #22: 72 385 250 391 145 390 21 278 210 283 59 50 53 167 42 55 380 398
Cost 219660
Time 692.942
