Route #1: 219 134 230 88 242 241 217 83 229 111 100 145 7 99 74 173 97
Route #2: 113 20 249 149 128 96 156 18 240 244 245 238 231 115 143 41 120 90 159 67 105 98 3 232
Route #3: 168 121 129 92 148 73 108 107 136 60 65 146 82 186 45 169 6 154 203 202 201 196 164
Route #4: 119 106 76 166 56 110 61 126 117 91 172 93 70 123 64 218 94 165 11 62
Route #5: 179 124 69 71 55 38 75 79 15 237 122 44 13 125 84 68 57 189
Route #6: 193 16 222 118 2 109 206 101 174 167 4 188 48 49 103 150 133 127 22 86 116 144 14
Route #7: 52 208 207 63 30 9 21 239 177 243 227 226 141 223 184 24 137 102 81 29
Route #8: 224 250 228 51 212 211 87 171 181 155 40 58 220 234 158 246 59 233 43 138 162
Route #9: 104 215 77 236 42 26 28 85 8 95 12 135 199 247 204 5 216 112
Route #10: 185 200 180 170 176 198
Route #11: 214 89 78 53 66 39 19 47 114 151 130 35 32 33 27 54 213
Route #12: 210 190 25 225 192 23 147 37
Route #13: 46 1 175 142 140 178 80 50 139 132 163 195 72 235 187 152 131 205
Route #14: 209 191 197 194 36 34 17 160 157 10 31 182 183 221 248 153 161
Cost 147137
Time 577.759
