Route #1: 246 10 29 34 213 25 7 212 229 232 241 79 59 35 27 15 11 271
Route #2: 3 243 268 211 8 26 28 69 68 62 106 78 217 32 30 272 74
Route #3: 17 277 273 285 258 2 4 231 228 227 226 214 218 215 281 283 256
Route #4: 259 274 280 284 234 239 238 236 235 237 205 177 152 266 155 255 257 260 263 247 95
Route #5: 245 270 250 254 176 198 188 191 5 133 121 140 139 115 286 179 190
Route #6: 187 180 174 209 172 168 163 164 182 175 165 181 178 186 196 199 185 154 162 132 118 83 49
Route #7: 108 127 134 195 242 135 210 201 200 275 136 252 249 166 170 161 204 197 192 189 169 147 122
Route #8: 66 76 38 129 131 193 57 149 222 230 233 40 43 53 208 216 203 202 156
Route #9: 97 109 148 146 151 143 116 142 119 103 110 94 105 102 48 46 67 77 84 21
Route #10: 219 1 261 58 55 90 60 167 269 221 89 173 207 267 279 248 276 282 44 22
Route #11: 42 47 39 88 86 85 73 65 24 80 37 20 9 63 111 14 107 82
Route #12: 93 128 104 96 120 12 13 144 153 157 158 160 71 117 51 72 130 124 50 31 113
Route #13: 87 224 223 251 194 56 114 262 225 171 36 54 220
Route #14: 33 278 265 41 19 64 183 100 6 184 159 18 145 206 264 137 92 253 23 240 123
Route #15: 75 45 112 81 138 126 141 244 150 91 98 99 61 52 101 70 16 125
Cost 105492
Time 376.627
