Route #1: 47 114 160 101 86 112 163 81 20 37 98 116 117 290 276 142
Route #2: 57 69 106 93 167 91 320 103 209 230 85 232 208 131 151
Route #3: 83 268 6 31 45 258 50 318 271 321 107 193 241
Route #4: 74 171 218 135 61 145 65 126 104 87 132 274 42 39 40 110 263 99 94 280 264 184
Route #5: 84 260 3 138 180 287 154 157 270 269 4 198 100 204 1 255 231 35 97 159 315 317 33 88 148
Route #6: 149 49 143 125 108 109 26 34 15 90 95 92 38 16 78 46 54 70
Route #7: 237 72 77 21 23 53 58 63 62 89 59 64 115 137 173 185 194 188 189
Route #8: 66 113 60 71 73 56 233 273 278 300 259 55 248 48 305 217 67 118 52 44
Route #9: 2 68 96 79 80 75 76 120 121 144 146 150 168 181 147 162 174 175 123 122 170
Route #10: 111 128 139 164 133 156 165 207 161 240 249 256 239 199 197 158 124 127 136 141 140
Route #11: 102 220 186 195 203 234 212 205 221 229 216 225 222 223 224 227 238 236 213 214 202 246 196 187
Route #12: 272 242 169 267 183 304 153 322 325 155 17 19 134 172 201 314 310 265 294
Route #13: 182 190 176 192 178 179 245 266 283 251 235 210 299 129 215 226 228 277 285 284
Route #14: 250 247 252 316 262 309 244 297 298 288 289 200 293 191 177 166 152 119 105 296 206 219 243 324
Route #15: 253 10 8 24 275 281 28 261 257 43 211 9 5 11 282
Route #16: 301 312 313 311 82 295 319 306 307 292 130 302 308 14 286
Route #17: 303 22 36 7 13 12 30 41 25 27 323 18 32 29 51 279 254 291
Cost 116335
Time 765.056
