Route #1: 105 204 17 176 292 37 130 11 231 119 220 369 127 179
Route #2: 107 27 304 219 406 275 314 323 224 375 226 123 368 309 164 214 256 203 236 3 328
Route #3: 128 378 243 384 137 61 162 395 397 272 383 124 282 115 320 399 358 354 94 321 339 262 315 274
Route #4: 343 302 353 169 333 85 38 317 289 121 370 268 181 344 277 16 111 59 223 131 72
Route #5: 195 135 1 393 65 303 33 120 78 198 334 51 132 322 42 288 92 402 227 90
Route #6: 166 100 112 25 382 147 87 2 267 93 129 270 312
Route #7: 400 103 156 114 202 41 265 24 22 247 257 246 55 263 364 23 171 18 213 325 144
Route #8: 318 44 338 60 260 106 330 389 342 326 245 391 14 35 340 205 145 297 298 133 200 84 167 283 148 285
Route #9: 396 329 244 208 281 91 13 351 337 10 69 46 239 335 192 172 175 225
Route #10: 212 403 109 4 381 249 75 234 360 293 187 182 301 193
Route #11: 269 300 173 159 290 316 39 365 67 89 241 80 217 151 63 134 158 310 49 363 68
Route #12: 367 184 174 9 73 206 56 264 32 168 5 259 347
Route #13: 295 34 31 45 253 57 118 113 141 336 191 228 161 149 79 15 250 170 287 104 160 136 332 401 54 199
Route #14: 177 385 366 142 405 126 361 76 240 183 379 284 48 62 398 50 186 163 216 30 313 189 294
Route #15: 86 108 311 299 207 155 252 40 6 52 96 154 404 138 255 152 215 88 196 143
Route #16: 70 372 276 376 110 21 178 238 201 286 380 12 377 197 218 153 355 83 47 392 139 116
Route #17: 307 271 95 150 273 77 221 387 278 211 26 237 82 122 254 64 98 102 306 8 117 319
Route #18: 97 185 43 19 279 388 29 99 280 357 125 7 71 28 394 348 209 324 352 210 194 229 101 362
Route #19: 345 296 261 188 58 331 180 233 349 190 371 341 373 308 20 242 359 356 157 222 230 291 386 258 53
Route #20: 305 390 81 251 346 36 165 374 66 248 327 140 74 266 146 232 235 350
Cost 230217
Time 805.649
