Route #1: 76 189 172 60 62 162 120 51 100 207 261 137 170 199 291 61 265 48 73 296 171 127 88 160
Route #2: 251 37 283 167 26 210 85 108 109 44 19 105 94 180 163 36 206
Route #3: 103 247 43 138 272 112 176 67 47 201 38 21 42 10 148 45 86
Route #4: 249 221 254 101 77 59 227 262 197 259 90 106 114 17 222 266 12 33 208
Route #5: 186 159 287 68 96 166 243 267 183 169 293 115 295 6 211 128 144 58 122
Route #6: 219 23 181 273 228 213 214 278 285 161 190 123 107 75 28 29 129 155
Route #7: 83 245 185 65 165 136 55 250 158 20 184 72 40 30 111 22 69 93
Route #8: 87 7 182 132 15 92 177 14 209 2 34 53 257 142 25
Route #9: 8 84 117 66 152 231 281 188 9 81 141 218 195 140 230 24 268 286 274 248 50 204 18
Route #10: 63 200 174 212 126 57 71 74 234 41 203 288 46 4 3 284 194 279 104
Route #11: 135 217 253 202 168 270 193 280 16 80 39 239 156 252
Route #12: 11 220 131 246 271 119 198 256 143 91 255 178 258 133 236 118 225 240 32 139 146 191
Route #13: 98 121 187 226 56 116 97 175 242 205 229 277 130 232 179 164 223 237 238
Route #14: 150 260 173 244 110 282 233 79 35 5 147 151 145 241 275 294 276 216 1 102 263
Route #15: 124 292 54 99 224 154 70 13 192 31 49 82 290
Route #16: 215 89 64 196 289 113 52 149 125 134 235 95 157 78 27 153 269 264
Cost 188265
Time 121.45
