Route #1: 132 90 88 87 6 37 27 74 93 209 134 94 201 76 29 89 83 197 198 5 193 176 170
Route #2: 110 42 14 19 30 141 44 55 187 1 62 184 136 73 120 23 21 75 115 66 85 119 148
Route #3: 52 194 169 196 145 82 32 4 208 9 34 143 204 49 40 111 65 200 25 36 35 16
Route #4: 137 188 125 131 190 189 146 79 191 149 11 179 156 45 31 8 192 185 46 39 48 168 54 12 24 80
Route #5: 69 20 57 56 155 59 58 17 72 33 212 214 172 13 15 53 70 64 129 130 101 135 173 177 140
Route #6: 123 124 95 202 112 159 153 163 162 51 43 175 183 207 174 114 78 77 50 213 205 98 108 113 63 68 100 186
Route #7: 182 171 128 161 99 86 116 47 118 158 127 97 126 154 167 60 166 107 92 104 133 81 22
Route #8: 91 178 38 41 18 151 160 105 7 96 211 67 195
Route #9: 106 164 180 152 121 102 122 199 103 165 26 138 181 210 28
Route #10: 84 147 71 203 157 10 3 139 142 150 206 2 61 117 144 109
Cost 67815
Time 238.456
