Route #1: 352 358 44 196 178 135 141 189 96 152 407 439 200 61 171 162 98 408 213
Route #2: 387 28 198 406 215 11 186 419 174 164 4 66 353 280
Route #3: 51 327 67 57 88 130 349 38 188 52 3 330 367 209 137 58 271
Route #4: 84 68 35 445 32 45 218 453 81 393 458 341 121 140 356 375 234 228 418 125 384 359
Route #5: 313 89 415 348 99 95 448 108 265 100 444 8 197 438 410 267 369 368 338
Route #6: 390 345 337 333 46 37 77 322 104 2 6 64 60 435 309 244 1 230 212 220 191 133 102 342
Route #7: 259 255 203 227 194 224 248 48 49 170 301 9 288 392 138 90 287 251 238 225 184 173
Route #8: 297 233 335 111 414 441 39 91 176 409 373 101 47 362 354 307 275 235 253
Route #9: 274 346 303 428 206 350 216 363 264 15 325 394 383 30 79 454 241 269 270 195 185 395
Route #10: 210 424 147 208 396 21 22 115 87 86 106 142 34 78 117 129 134 118 305 331 304
Route #11: 62 226 231 97 252 166 25 42 332 155 443 430 423 149 148 374 199 207 219 357 182 85
Route #12: 146 29 311 180 243 328 314 187 211 55 412 144 254 163 36 312 277 50 136 27
Route #13: 391 389 273 411 192 246 440 131 80 33 268 240 360 239 245 284 310 386 82 145
Route #14: 59 272 92 94 169 159 165 316 150 153 124 41 201 160
Route #15: 413 380 293 447 20 143 112 172 323 69 114 266 319 317 294 205 300 437
Route #16: 371 364 376 321 365 361 403 405 385 378 388
Route #17: 306 417 107 40 53 250 442 298 336 397 355 340 446 450 425
Route #18: 398 286 258 296 260 279 372 175 179 167 132 214 366 370 289 302 217 242 54 434
Route #19: 110 127 168 236 190 10 19 74 427 339 7 291 278 76 75
Route #20: 285 347 421 404 379 377 429 452 276 26 93 257 402 72 71 183 73 113 223 334 120 5 18
Route #21: 400 128 416 193 449 432 381 344 320 109
Route #22: 262 70 83 65 23 232 282 237 247 283 256 249 157 13 221 161 139
Route #23: 382 422 43 308 126 436 451 456 455 12 202 204 122 181 103
Route #24: 63 158 222 14 329 457 318 426 16 116 290 24 324 17 123 326 177 154 399 315
Route #25: 229 261 295 56 119 343 433 292 431 420 156 151 105 299 263 351 31 401 281
Cost 234219
Time 826.623
