Route #1: 159 506 7 146 334 461 177 67 310 213 9 397 267 420 454 327 373 457 447 105 518 524 464
Route #2: 466 339 52 211 229 259 311 382 333 263 84 342 200 328 378 393 261 418 390 44 363 307 411 350 228 469
Route #3: 357 322 392 427 434 207 266 448 161 293 530 74 13 521 478 504 17 303 291 61 236 243 79
Route #4: 141 404 134 523 474 11 8 240 379 510 500 408 136 476 276 274 183 436 143
Route #5: 356 111 217 444 415 204 46 222 2 231 531 472 279 110 120
Route #6: 127 389 277 353 115 481 149 441 412 196 186 37 163 491 43 193 176 4 308 384 423 93 132
Route #7: 209 325 248 458 386 396 100 433 455 395 5 391 246 152 71 10 332 45 35 419 367 201
Route #8: 99 104 38 299 372 315 250 171 233 135 426 164 41 409 14 493 452 203 225 425 475 398
Route #9: 319 64 97 513 160 269 268 287 459 70 517 381 235 102 191 320 515 417 226 470 410 403 123 298 28
Route #10: 280 218 270 477 95 286 306 405 112 495 157 227 221
Route #11: 290 12 301 137 340 435 375 374 198 154 202 331 151 271 468 330 360 247 253 194 359 81
Route #12: 106 22 431 16 492 496 23 24 147 166 170 516 324 509 505 499 388 529 355
Route #13: 82 482 78 53 76 77 283 162 169 192 260 349 428 352 467 59 63 47 185 244 497 318 56
Route #14: 262 116 437 39 338 219 150 130 284 507 439 214 153 501 18 189 323 75 480 400 462 174 3 297
Route #15: 69 371 242 364 508 33 383 32 443 101 26 239 520 190 128 316 265 295 49 223 180 238 98 489
Route #16: 90 527 479 278 264 421 20 144 124 188 21 346 401 366 525 118 57 245 273 281 300 512 215 55 94
Route #17: 197 312 490 446 114 337 456 451 361 131 344 422 255 234 488 309 485 351 347 179 438 385 80 429 91
Route #18: 205 326 30 158 294 107 29 210 257 348 167 354 484 376 305 31 343 289 148 336 119 96 528 369 241
Route #19: 502 285 66 511 25 195 341 362 450 258 129 187 329 304 113 145 522 302 251 252 220 365 181
Route #20: 498 414 216 296 138 282 139 62 399 473 58 416 345 440 254 87 72 394 122 208 237 133 50 27
Route #21: 40 108 88 173 172 140 256 36 54
Route #22: 413 182 321 121 83 430 42 65 514 125 178 73 494 442 432 156 6 85 206 15 424 465 230 89
Route #23: 48 175 117 358 471 86 199 487 51 155 314 368 60 526
Route #24: 503 377 92 387 292 406 407 380 483 142 460 232 317 19 402 212 68 249 370 335 449 486 168
Route #25: 288 184 109 126 103 1 453 445 224 275 272 34 165 463 519 313
Cost 247910
Time 694.563
