Route #1: 199 75 52 212 277 241 34 16 289 83 62 297 238
Route #2: 216 256 179 47 35 259 281 38 21 129 154 191 142 69 246 296 225 57 4 60
Route #3: 25 11 32 115 268 187 22 181 71 127 66 244 249 103 111 261 292 230 276 301 45 17 235 234
Route #4: 133 126 92 283 78 113 204 186 36 270 217 41 155
Route #5: 145 51 316 114 128 284 200 211 267 317 218
Route #6: 63 302 266 264 252 239 240 31 53 119 221 72 271 65 23 167 178 136 7 237 190 118 153
Route #7: 224 89 55 295 298 95 210 56 49 48 143 109 54 81 272 29 192 144 195 101 74 185 42 159 184
Route #8: 99 85 303 203 61 158 205 222 219 140 86 307 314 131 168 286 88 20 263
Route #9: 196 229 24 193 67 50 105 183 13 59 274 255 227 26 162 70 14 245 253 293 141 163 1 138
Route #10: 64 160 171 90 198 44 5 228 208 247 18 257
Route #11: 125 28 201 112 10 232 290 139 152 79 150 76 197 93 304 278 164
Route #12: 73 102 134 37 209 2 6 275 189 306 233 173 214 300 313 87 177 3
Route #13: 107 58 110 43 15 166 8 294 236 170 161 202 156 248 291 175 282
Route #14: 77 180 265 130 206 12 310 285 220 33 273 46 82
Route #15: 280 68 299 80 182 176 243 194 258 254 117
Route #16: 251 223 116 27 165 305 308 96 97 207 226 9 287 169 213 146 311 104 40 132
Route #17: 260 250 312 231 279 137 84 106 91 108 174 318 98 262 30 188 39 148 315 215 135 100 242
Route #18: 19 147 149 309 172 120 124 123 122 288 157 269 94 151 121
Cost 234937
Time 187.14
