Route #1: 218 356 37 328 243 393 395 6 300 385 236 272 16 173 149 263 330 288 98 412
Route #2: 372 200 50 21 224 319 167 187 387 117 240 184 357 306 252 296 103 237 52 189 340
Route #3: 216 358 97 256 317 307 403 122 35 179 125 45 87 154 39 101 60 207
Route #4: 174 301 108 89 53 186 280 44 386 177 321 188 294 337 197 132 274 130 102 291
Route #5: 246 74 227 399 211 46 32 63 34 235 25 334 338 284 62 221 143 17 175 349 82 116 75 408 360 107
Route #6: 109 40 346 124 375 158 118 55 242 348 111 336 287 303 133 278 178 18 79 195 295 392 180 261
Route #7: 396 49 128 241 169 388 19 162 325 192 36 333 314 239 146 232 112 95 138 23
Route #8: 153 229 285 377 141 100 353 416 15 205 342 8 159 361 99
Route #9: 24 161 351 129 66 364 31 136 367 355 413 249 332 151 182 191 94 350
Route #10: 411 165 41 394 309 209 202 10 206 405 183 230 259 121
Route #11: 42 115 254 90 373 127 391 126 193 376 47 268 310 363 65 110 368 225 398 269 370
Route #12: 168 26 81 215 210 320 275 397 92 106 198 93 77 78 365 371 316 85 270 28 86
Route #13: 409 83 407 160 257 194 80 51 322 339 150 347 228 226 279 212 114 4 406 308 27 312 390 30
Route #14: 123 84 381 172 72 220 262 251 264 54 255 329 382 68 88 323 12 343 277 276 213 91 58 266
Route #15: 105 67 289 152 374 166 199 389 104 253 48 223 293 244 354 96 282 135 238 283 76 56 22
Route #16: 9 378 324 144 305 258 5 286 260 298 326 234 214 401 297 203 139 265 185 271
Route #17: 7 14 71 415 273 120 137 11 20 1 69 70 73 327 155 341 359 157 147 315 402 344
Route #18: 400 380 345 245 299 59 204 164 57 29 410 292 250 311 366 248 304 267 142 281 131 148 119 196 2 3
Route #19: 331 233 384 113 156 231 61 352 335 362 140 247 64 369 33 318 181 134 43 201 208 163 176
Route #20: 222 383 290 219 313 145 414 170 13 217 302 38 379 171 404 190
Cost 227961
Time 452.924
