Route #1: 87 120 11 25 26 5 260 50 60 51 237 73 209 104 14 153 131 145 8 54 227 67 164
Route #2: 86 165 107 93 96 52 84 150 102 56 72 66 71 70 257 65 265 266 267 119 161 231
Route #3: 43 155 41 46 187 248 20 216 157 199 198 223 76 182 111 126 181 53
Route #4: 15 24 105 124 176 1 264 133 256 34 252 246 129 115 112 261 18 40 192 81
Route #5: 21 4 57 186 219 211 95 189 168 169 16 160 149 159 125 123 106 108 91 247 97 200 132 148 170
Route #6: 236 184 185 90 3 210 214 78 188 152 207 138 47 22 118 49 35 259 258 255 62
Route #7: 109 68 238 37 38 39 208 83 63 75 117 254 197 29 206 136 130 156 177 205 141 61
Route #8: 99 7 32 147 193 202 230 17 194 172 241 162 13 183 173 191 23 220 222 2 48 263 251 113 28
Route #9: 80 103 110 19 12 250 116 127 98 69 10 268 201 195 253 33 101 178 85 31 139 137 64
Route #10: 142 114 6 45 89 88 9 167 179 203 232 244 55 30 94 242 122 121 239 92 174 42 249 74 77
Route #11: 171 175 240 225 166 215 212 226 229 128 143 146 190 224 217 221 228 234 213 196 204 134
Route #12: 59 180 140 151 154 36 245 218 233 158 163 235 27 82 44 135 262 100 144 79 58 243
Cost 105710
Time 672.132
