Route #1: 304 412 37 131 391 169 203 210 138 244 280 161 289 13 230 139 31 6 180 240
Route #2: 79 360 128 97 23 4 322 26 1 273 303
Route #3: 38 408 263 186 301 176 332 143 288 268 5 3 265 307 113 361 367 383 94 269 364
Route #4: 206 405 313 382 177 236 404 40 392 211 370 192 414 369 77 152 290 264 54 355
Route #5: 205 170 137 134 32 222 378 231 256 328 70 167 270 132 106 342 52 67 320 116 33 30
Route #6: 146 108 135 48 208 234 60 223 212 349 250 53 105 8 221 341 252 261 348 246 133
Route #7: 266 35 402 314 267 44 83 395 7 396 418 142 21 247 49 218 323 165 55 19 171 204
Route #8: 168 112 103 151 147 149 104 101 400 193 196 76 129 172 130 121 114 200 198 110 100 89 401 85 93
Route #9: 14 225 233 197 154 125 72 293 287 215 277 238 281 248 216 159 217 224 340
Route #10: 160 228 377 39 353 28 374 71 80 82 68 66 119 359 362 375 99 366 344 309 346 285 284
Route #11: 73 12 279 274 315 294 330 352 324 316 308 393 276 283 286 257 163 254 15 339 2
Route #12: 191 296 312 326 333 357 363 371 376 372 350 368 336 338 337 327 9 345 334 387 319
Route #13: 189 178 115 124 386 388 365 373 358 331 329 335 413 406 417 17 411 384 380 379 275 351 259
Route #14: 258 123 25 43 62 162 84 87 409 50 188 47 398 389 399 394 381 385 42 41 343
Route #15: 291 69 199 226 109 242 295 292 354 179 140 325 310 311 306 318 297
Route #16: 27 65 18 416 22 235 45 51 227 317 58 145 16 20 136 96 59 184 36 407 29 403 390 81
Route #17: 220 195 74 207 298 272 305 141 10 88 185 321 282 271 183 153 241 213 347 34
Route #18: 75 262 150 245 415 64 173 156 166 164 174 175 182 194 187 57 181 190 120 102 300 302
Route #19: 299 219 202 201 92 56 90 253 61 278 239 78 255 229 158 144 91 237 63 46 86 107
Route #20: 24 118 117 127 155 111 122 11 98 356 410 126 251 214 148 157 260 243 209 232 397 95 249
Cost 215278
Time 839.013
