Route #1: 178 84 204 104 120 155 153 144 179 216 36 42 71 73 237 100 92 250 248 5
Route #2: 19 182 108 13 181 114 105 91 24 12 118 116 123 122 130 189 139 54 127 107 112 77 66 236 199
Route #3: 184 129 136 47 56 121 171 102 82 55 96 11 52 131 75 200 62 101 30 28 83 23
Route #4: 119 35 63 59 60 6 16 39 167 215 61 186 191 46 26 148 214 187
Route #5: 34 87 126 198 65 94 89 166 37 149 157 137 177 154 64 188 220
Route #6: 192 74 133 58 53 152 218 43 90 231 243 15 29 33 249 224 221 143 172 67 69 57 25 9 50
Route #7: 138 253 76 229 207 211 219 232 8 241 209 217 17 10 255 196 7 257 194 193 254
Route #8: 164 190 174 175 222 225 180 203 233 208 197 205 195 79 78 3 163
Route #9: 202 201 165 159 246 252 251 18 81 103 106 226 223 228 99 227 244 245 247 38 32 22 238 14
Route #10: 183 234 235 239 240 31 256 213 210 212 45 20 51 125 4 70 68 72 27 115 113 124 230 48
Route #11: 242 206 170 169 168 185 150 140 141 97 95 117 128 176 135 134 110 162 173 21
Route #12: 2 98 111 109 142 160 156 147 145 151 146 85 93 86 1 80 132 88 158 49 40 161 44 41
Cost 120780
Time 612.825
