Route #1: 9 95 110 118 131 29 137 39 114 121 120 89 142 135 132 119 143 146 134 122 139 102 74 228
Route #2: 84 187 3 149 35 34 130 140 129 249 1 252 116 204 56 165 222 161 160 150 148 98 32
Route #3: 205 162 73 138 208 97 77 48 103 170 83 63 55 85 94 104 72 80 206 27 188 180
Route #4: 17 54 81 76 181 238 179 214 200 65 42 69 46 22 209 240 124 18 52 7
Route #5: 71 51 79 99 108 44 113 75 30 60 219 66 64 58 59 10 86 145 218 155 159 49 31 136 154
Route #6: 87 177 213 67 93 192 5 239 25 38 211 13 202 207 215 217 189 182 191 186
Route #7: 203 90 230 2 201 164 112 166 167 168 175 183 178 57 176 156 43 15 194
Route #8: 216 233 16 246 20 111 26 23 107 45 123 127 126 40 41 36 24 61 14 247 234 53 78 82
Route #9: 173 151 245 250 253 199 68 12 8 193 184 28 251 70 62 236 11 220 244 235 227 241 196 6
Route #10: 190 198 210 91 243 237 229 231 47 224 232 221 33 223 225 226 37 21 197 195 254 248 174 157 163 185
Route #11: 169 19 158 147 117 133 125 88 105 141 92 96 109 153 212 152 115 101 100 106 128 144 50 242 4 172 171
Cost 117671
Time 533.785
