Route #1: 341 200 213 157 158 207 224 53 237 219 18 251 250 29 140 25 240 180 83 81 119
Route #2: 19 179 238 351 21 71 88 35 44 27 172 74 147 300 280 339 67 34 326 284
Route #3: 265 266 182 176 319 168 183 195 247 302 78 85 86 150 184 97 94 134 73 37 5 288 214 110
Route #4: 104 135 177 160 139 102 169 201 52 127 77 101 186 235 38 43 337 59 33 234 254 163 352
Route #5: 148 311 193 313 220 129 22 80 84 117 28 167 188 171 181 111 208 24 31 192 154 138 161
Route #6: 255 229 320 338 91 242 112 130 136 156 342 133 146 261 304 227 347 225 149 301
Route #7: 259 49 66 202 121 124 106 68 57 252 12 105 137 45 48 115 79 58 75 98 216 92 95 65
Route #8: 243 223 222 187 189 152 131 120 118 93 141 153 191 190 196 197 198 173 159 170 269 270 226
Route #9: 274 287 282 299 7 348 64 2 11 10 13 151 164 165 166 314 155 61 116 1 100 99 108 89 107 178 217 109 248
Route #10: 344 212 211 218 209 276 221 228 246 239 232 253 332 256 210 328 203 236 264 262
Route #11: 275 278 306 307 330 327 343 303 349 294 293 62 297 244 249 113 114 312 281 291 292 279
Route #12: 289 285 286 283 123 340 316 125 128 14 17 46 82 47 143 39 30 15 122 132 324 145 309 231 241
Route #13: 56 50 325 334 333 323 96 90 76 6 69 60 41 42 32 345 336 331 20 16 298
Route #14: 9 206 175 350 185 8 23 40 142 54 55 245 257 215 233
Route #15: 87 230 267 260 162 126 263 268 258 272 295 305 310 317 315 308 277 273 271 290
Route #16: 3 205 144 335 4 346 36 51 321 70 63 72 353 322 329 174 204 194 318 103 199 296 26
Cost 156061
Time 907.097
