Route #1: 96 397 147 317 104 143 72 43 118 305 205 208 135 2 344 19 326 290
Route #2: 417 430 416 371 425 226 225 204 404 105 161 188 449 10 429 424 352 295
Route #3: 125 195 266 271 440 395 138 79 153 413 365 296 300 428
Route #4: 245 283 334 316 137 401 131 9 444 313 60 342 467 327 68 40 442 141 411
Route #5: 470 462 210 12 196 213 318 85 122 396 70 169 112 102 149 335 310 435 44 178
Route #6: 101 218 42 39 360 455 469 194 464 175 376 111 84
Route #7: 448 221 254 267 454 18 231 160 5 253 298 250 246 142 272 278 264 120
Route #8: 97 100 422 431 466 190 89 114 17 34 324 232 90 52 7 11 443 181 180 107 103
Route #9: 106 109 93 115 187 87 150 99 260 82 279 280 25 338 229 48 261 445 452
Route #10: 406 241 463 333 403 83 67 32 412 409 58 98 59 56 177 110 168 306
Route #11: 173 129 75 383 426 350 355 293 289 302 35 380 343 453 447 434 398
Route #12: 465 294 281 282 297 152 164 341 189 340 92 95 438 227 374 381 308 312 320 202 358
Route #13: 24 314 446 328 20 223 55 6 154 315 468 303 420 285 165 215 415
Route #14: 291 171 76 375 71 222 437 255 132 119 159 41 28 240 128 387 170 259 456 301 432 211
Route #15: 369 349 148 74 31 419 145 146 123 134 427 242 385 276 234 390 391 423
Route #16: 433 461 418 321 197 348 185 22 384 69 21 421 29 127 220 228 287 214 325
Route #17: 270 273 163 251 248 249 236 124 346 192 80 377 130 386 64 457 408 399 133 414 373 183 121
Route #18: 62 388 410 367 379 353 370 400 304 258 330 331 66 372 237 458 337 26
Route #19: 51 263 265 47 339 345 157 292 166 356 392 38 13 307 230 151 3 155 451 198 193 179 207 49 50
Route #20: 238 439 357 336 362 86 140 15 284 117 393 1 233 199 201 354 286 288 243
Route #21: 247 275 322 277 184 200 167 158 27 368 459 323 402 61 363 309 441
Route #22: 332 54 209 450 269 274 4 14 23 37 319 394 257 252 256 244 46 65 88 136 78
Route #23: 378 108 224 156 94 16 262 45 460 57 33 359 217 172 191 174 235 144 186 182 176 219
Route #24: 311 216 436 73 36 81 77 30 239 382 63 268 364 212 405 366 91
Route #25: 53 351 116 389 203 347 299 361 126 329 113 139 206 407 8 162
Cost 249250
Time 1122.04
