Route #1: 233 63 95 32 43 21 27 89 195 101 106 118 81 97 154 137 126 113 105 40 83 228
Route #2: 110 124 198 34 44 49 197 135 79 80 92 71 98 31 72 130 128 121 45 112
Route #3: 176 189 68 209 232 61 222 152 136 172 202 138 117 75 65
Route #4: 139 203 153 46 35 120 143 74 36 175 111 87 114 86 157 146 123 230 235 207
Route #5: 77 214 205 104 224 54 53 3 223 48 25 12 58 73 57 52 51 30 122 11 170 165 211 109 204 201
Route #6: 64 163 22 5 28 181 102 24 2 132 142 133 15 42 20 131 1 10 47 55 38 220
Route #7: 156 155 150 151 4 148 140 141 76 37 99 116 174 164 60 188 67 66 59 8 62 213 147 14 107
Route #8: 168 236 50 69 17 19 33 29 39 41 226 217 26 23 7 183 178 234 227 145 134 206
Route #9: 158 182 160 177 225 167 169 215 186 185 184 216 200 194 208 70 166 190 129 93 210
Route #10: 171 199 212 231 221 218 18 219 91 82 13 56 193 6 196 192 191 237 180 9
Route #11: 161 149 96 90 78 84 103 119 115 159 173 179 229 85 125 127 100 88 94 108 144 162 187 16
Cost 109833
Time 563.255
