Route #1: 309 9 16 139 102 114 26 313 318 217 138 191 85 144 117 47 208 240 111
Route #2: 23 73 112 137 219 166 168 167 328 281 60 43 218 272 110 263 245 152
Route #3: 162 204 30 108 34 153 56 197 317 234 223 250 192 29 21 196 20 31 249 283
Route #4: 224 127 175 19 182 254 67 107 38 311 342 40 301 319 148 212 151 39 200
Route #5: 176 343 174 213 247 339 53 126 231 280 41 171 227 4 5 75 296
Route #6: 181 230 188 312 314 187 161 186 64 91 255 300 335 180 237 336 261 129 177 201 17 179
Route #7: 178 173 65 100 226 8 128 140 135 229 260 302 210 72 63 169 334 94 155 118 193
Route #8: 206 216 68 52 257 225 203 194 90 14 62 36 25 98 106 105 164 59 50 51 125 145 134 131 143 159
Route #9: 228 295 83 119 77 121 2 96 97 141 123 202 215 298 282 122 124 305 306 146 149 158 163 160 345
Route #10: 276 269 259 256 267 265 258 338 211 190 331 310 189 244 170 157 172 6 239 220 221 69
Route #11: 264 150 340 278 277 294 57 76 323 48 37 15 293 341 274 303 268 271 235 232 207 198
Route #12: 95 214 154 299 142 136 333 344 101 33 42 156 44 49 24 22 32 325 28 109 80 279 13
Route #13: 104 81 330 87 84 70 337 329 315 316 284 307 252 297 7 262 92 222 183
Route #14: 99 253 291 332 27 71 10 120 320 289 288 205 324 327 12 233 292 88 11 45 322 308 74
Route #15: 184 195 55 66 199 273 248 130 35 61 275 103 147 18 78 243 1 285 286 290 266 246 287 304 209
Route #16: 321 89 113 79 115 46 251 326 185 270 54 165 132 3 82 86 236 116 133 93 58 241 238 242
Cost 168018
Time 529.414
