Route #1: 170 149 165 159 76 102 225 30 51 54 40 1 185 153 221 107 28 37 87
Route #2: 5 188 21 73 9 71 222 2 146 134 23 191 111 208 92 123 184
Route #3: 174 117 224 175 68 204 90 143 11 81 61 187 31 99 106 130 131
Route #4: 213 64 209 66 229 180 44 211 25 104 163 49 29 202 100 218 171
Route #5: 96 194 72 3 147 38 58 122 148 47 17 178 215 112 196 120 125 115 95 33 86 150
Route #6: 32 80 190 114 14 74 34 82 77 10 42 41 63 12 103 168 161 157 167
Route #7: 35 177 156 22 50 39 217 75 88 198 124 62 97 151 79 162 109 186 6
Route #8: 19 127 164 113 136 98 8 53 145 219 15 83
Route #9: 201 137 119 214 59 36 227 65 166 45 60 48 155 142 118 169
Route #10: 205 101 141 193 4 199 228 89 181 121 116 172 210 200 154 108
Route #11: 189 56 223 216 7 230 46 20 67 27 126 197 144 84 206 182
Route #12: 140 160 26 192 13 135 18 85 179 139 203 105 52 57 16 183 69
Route #13: 78 158 93 94 152 207 226 132 110 91 138
Route #14: 24 176 212 70 195 133 173 220 128 55 129 43
Cost 165731
Time 217.577
