Route #1: 280 286 140 219 226 287 243 135 66 130 166 127 202 212 173 255 253 65 215 153 176 183 157 111 239 216
Route #2: 251 240 248 236 22 267 245 221 210 207 205 222 203 192 196 213 225
Route #3: 275 10 180 35 30 21 20 187 11 16 184 170 186 168 194
Route #4: 261 181 160 159 142 132 266 109 262 282 90 281 293 294 112 12 296 279 167 209
Route #5: 206 28 156 238 198 96 105 46 249 257 67 41 82 49 74 42 101 9
Route #6: 119 150 152 23 291 139 161 8 227 25 26 38 24 103 214 85 108 151 68 92 18
Route #7: 110 118 285 220 272 271 59 58 120 13 292 3 158 44 224 129 178 2 75 154 88 89 223 199 254
Route #8: 172 60 147 87 94 15 182 138 133 148 48 155 97 62 188 73 72 78 80 189 86 95 122 218 241
Route #9: 81 56 19 29 175 43 231 234 247 70 4 289 200 204 113 201 208 106 17 124 123 79 114
Route #10: 53 229 164 252 27 47 125 190 290 5 1 165 230 197 237 235 6
Route #11: 195 84 269 273 61 36 104 83 141 136 126 134 121 233 50 77 71 7 283 174 63
Route #12: 64 116 143 144 145 131 115 107 193 232 146 258 57 228 31 288 276 91 191 117 128 211 270 263 54 268 34
Route #13: 185 278 149 69 265 51 45 52 171 100 39 40 37 295 277 137 162 179
Route #14: 250 93 256 76 55 32 217 163 98 99 274 244 169 177 102 284 14 33 242
Route #15: 246 259 260 264
Cost 155283
Time 467.351
