Route #1: 11 182 209 176 117 234 92 93 98 122 223 26 126 268 28 165 184 215 291
Route #2: 158 4 167 264 160 149 75 238 125 279 289 3 73 70 173 267 218 157 83
Route #3: 274 224 164 286 31 81 178 127 129 183 2 64 5 108
Route #4: 63 53 190 239 27 37 101 32 107 114 139 251 95 62 43 72 243 202 179
Route #5: 259 66 6 237 144 56 57 9 263 58 13 42 253 271 272 16 246 175 217 287 110
Route #6: 250 231 275 162 269 188 229 77 159 168 152 191 106 23 35 141 256 226 276 281 216 292 300 15
Route #7: 59 142 283 113 49 102 118 284
Route #8: 47 211 193 130 54 10 45 51 138 52 61 293 140 180 143 228 254 174 197 285
Route #9: 87 294 14 212 150 46 1 147 123 109 172 100 171 240 103 65 290 105 80 207 67 124 204
Route #10: 24 249 186 221 119 41 116 219 181 170 161 120 69 244 169 201 177 50 208 137
Route #11: 18 297 34 273 282 76 22 145 206 12 128 91 236 195 189 132 248 48
Route #12: 210 200 163 230 21 192 220 203 225 135 257 131 148 36 270 155 104 99
Route #13: 241 301 151 29 85 196 96 19 78 146 38 258 82 262
Route #14: 153 154 266 265 40 94 74 33 7 25 302 60 261
Route #15: 187 112 185 278 245 222 295 166 214 205 277 194 199 8 299 298 68 242
Route #16: 156 39 20 133 252 44 88 288 55 247 121 84 89 232 233 71
Route #17: 227 136 17 213 260 111 30 198 90 296 235 97 86 280 134 255 79 115
Cost 209895
Time 214.717
