Route #1: 7 168 145 27 105 57 111 160 136 125
Route #2: 93 159 92 179 117 119 162 144 184 42 120
Route #3: 30 87 61 33 77 37 163 167 130 60 107
Route #4: 110 26 116 20 126 147 121 112 134 66 185 198 139 3 189 56
Route #5: 38 169 34 80 165 113 135 152 202 64 94 39 67 100 25 115 190 197
Route #6: 32 108 99 21 183 84 138 54 140 22 203 150 129 118 89 10 28 11 181
Route #7: 62 43 164 16 186 128 176 172 170 114 36 90 71 18 132 83 177 149 141 142 154 63 91 50 188 6
Route #8: 68 59 199 131 48 205
Route #9: 95 19 201 151 81 73 173 45 175 5 146 143 195 137 133
Route #10: 1 122 161 65 9 24 153 180 69 51 47 194 2
Route #11: 55 204 46 41 148 97 4
Route #12: 72 40 158 191 187 58 82 15 75 109 98 44 29 85 106 53 174 200 192 88
Route #13: 124 104 101 103 70 79 102 156 49 13 96 171 166 155
Route #14: 35 178 123 8 127 17 78 157 182 52 23 31 86 74 14 76 12 196 193
Cost 165253
Time 137.08
