Route #1: 245 249 130 92 22 225 93
Route #2: 106 129 226 432 11 191 160 140 98 284 16 341 307 188 181
Route #3: 420 423 54 468 206 294 319 99 332 86 433 3 144
Route #4: 30 57 69 380 280 46 440 159 7 278 356 337 336 398 110 201 90 435 128 259 165 463
Route #5: 218 442 113 257 101 196 32 222 409 308 242 171 208 143 87 41 412 293 157 348 186 180 248 42 38 455
Route #6: 316 454 61 291 434 320 219 28 220 67 247 55 326 155 339 15 304 448
Route #7: 400 464 299 147 252 59 170 65 71 236 329 246 431 265 469 45 193 121 371 292 389 460 224 73 381
Route #8: 75 8 21 421 376 173 100 288 81 35 426 78 126 104 466 167 84 277 116
Route #9: 175 142 94 285 272 266 437 366 123 138 273 287 2 372 134 465 342 76 338 62 109
Route #10: 240 40 355 350 213 151 467 166 111 256 234 241 36 48 250 377 373 456 419 24
Route #11: 12 302 408 414 43 333 311 115 392 221 394 415 56 425 172 207 449 459 290 317
Route #12: 102 418 261 383 267 296 306 451 262 305 258 233 27 295 80 411
Route #13: 23 235 390 154 131 177 289 260 203 37 63 453 362 66 328 312 334 458
Route #14: 176 33 327 118 228 107 402 10 223 424 125 401 413 153 323 251 210 120 211 438 370
Route #15: 114 357 137 243 50 205 457 445 368 14 18 360 428 331 388 91 436 150 239 231 340 399 148
Route #16: 96 152 403 446 141 105 349 39 136 103 9 441 89 391 192 197 344 387 283 13 429
Route #17: 174 274 450 212 347 74 367 363 244 325 417 286 447 269 361 190 178 127 282 346 183 276 200 25
Route #18: 343 364 189 44 117 198 135 17 77 352 204 53 49 301 351
Route #19: 229 315 169 321 232 263 375 406 5 133 214 359 122 444 179 227 345 29 439 279 330 385 47
Route #20: 410 271 430 88 254 255 146 374 1 26 82 83 378 182 72 34 405 184 298 264
Route #21: 79 124 407 187 270 386 64 281 313 58 322 382 253 31 443 237 358 164 397 462
Route #22: 303 393 300 314 230 19 427 52 132 209 185 216 324 158 6 108
Route #23: 335 215 369 318 161 354 275 379 163 217 268 199 310 195 202 309 112 162
Route #24: 470 461 85 194 396 404 353 145 119 97 168 68 365 452
Route #25: 60 70 51 422 4 20 297 95 238 156 395 149 139 416 384
Cost 260125
Time 596.76
