Route #1: 141 105 115 116 72 54 3 1 40 140 66 104 23 24
Route #2: 75 50 174 39 144 12 231 13 114 172 35 165 48 151 77 206 224 225
Route #3: 32 191 161 132 142 190 157 147 97 82 228 19 4 62 204 2 226 159 5 36 18 49 7 173 177 156 11
Route #4: 205 148 222 125 135 152 130 10 31 121 208 209 211 223 79 78 52 118 164 123 67 68 143 163 65
Route #5: 92 215 85 108 128 149 16 137 166 155 28 185 25 145 167
Route #6: 221 46 107 86 113 51 88 100 99 58 150 61 179 212 45 112 70 109 160 131 193 171
Route #7: 42 37 38 20 14 136 210 27 64 76 200 176 218 219 227 29 55 60 53 230 59
Route #8: 73 63 81 183 44 133 110 134 111 34 9 26 43 17 47 15 8 122 74 120 98 175 170 181
Route #9: 202 139 169 220 138 126 127 146 69 117 106 101 80 217 214 87 94 207 91
Route #10: 84 129 182 178 154 89 199 30 93 119 216 213 22 71 41 102 184 96 192 153 189 203 194 196 197
Route #11: 187 180 6 90 188 57 103 95 124 21 158 83 229 186 198 168 201 195 33 56 162
Cost 71440
Time 336.693
