Route #1: 87 120 11 25 26 5 260 50 60 51 237 73 209 104 14 153 131 145 8 257 65 54
Route #2: 86 165 107 93 96 52 84 150 102 56 72 66 71 70 227 265 267 266 119 161 231
Route #3: 43 155 41 46 187 248 20 216 157 199 198 223 76 182 111 126 181 53
Route #4: 15 24 105 124 176 1 264 133 256 34 252 246 129 115 112 261 18 40 192 81 132 148 170
Route #5: 21 4 57 186 219 211 95 189 168 169 16 160 149 159 125 106 89 35 49 91 247 108 123 67 164
Route #6: 74 77 45 97 200 88 118 22 47 207 152 188 85 33 101 178 138 139 137 31 64
Route #7: 59 180 140 151 156 99 172 194 103 110 183 191 173 206 23 220 222 2 48 263 251 197 28
Route #8: 80 19 109 68 238 38 37 39 208 83 75 63 117 254 113 12 29 13 136 130 177 205 141 61
Route #9: 142 114 6 9 167 179 58 203 232 244 55 121 30 94 242 92 174 42 62 255 258 259 249
Route #10: 171 175 240 225 166 215 212 226 229 128 143 146 190 224 217 221 228 234 213 196 204 134
Route #11: 184 185 90 3 214 78 154 36 245 253 218 233 201 195 162 241 268 158 44 135 262 122
Route #12: 236 210 230 193 202 147 7 250 116 127 98 69 32 10 17 163 235 82 27 100 239 144 79 243
Cost 105945
Time 734.383
