Route #1: 94 128 92 314 368 360 395 168 91 269 239 311 276 257 123 488 93 469 456 467 484 408 290 496
Route #2: 134 84 103 303 472 199 73 382 53 56 184 80 373 113 411 487 145 68 74 15 125
Route #3: 120 344 173 95 58 13 454 409 177 196 54 87 43 25 226 232 115 437 486 495 499
Route #4: 422 447 267 57 111 14 139 157 272 455 339 424 319 428 442 6
Route #5: 141 71 21 12 332 352 178 405 418 151 265 227 470 384 448 412 406 132
Route #6: 55 410 436 337 219 420 48 423 296 221 398 228 167 260 425 432 31
Route #7: 341 363 369 407 160 483 421 427 218 317 131 142 67 431 383 371 419 117 99 477 485
Route #8: 473 498 401 402 34 88 182 350 435 156 147 385 331 292 278 478 237 36
Route #9: 137 457 133 130 5 493 490 426 78 439 465 213 466 153 172 2 223 208 202 316 302 291
Route #10: 97 183 83 154 230 105 300 297 310 263 329 274 122 124 69 102 90 107 106 77 438 7 494 96
Route #11: 37 38 430 255 116 101 333 254 210 164 224 235 248 41 289 282 281 283 136 149 33 143
Route #12: 214 110 203 262 231 75 222 189 212 258 247 152 211 24 217 188 170 59 433 323 60 180
Route #13: 304 312 306 158 336 347 351 380 440 150 29 85 242 243 471 318 266 176 240 121
Route #14: 204 330 233 30 375 206 251 444 400 307 236 386 392 379 389 387 388 328 453 9
Route #15: 79 308 345 413 187 458 197 126 22 185 277 181 3 63 86 44 18 192 162 127 148 452 376
Route #16: 244 397 378 393 366 361 169 175 146 161 112 155 171 309 163 194 207 356 357 174 215
Route #17: 165 220 273 450 268 11 28 225 348 238 294 138 118 315 287
Route #18: 193 441 62 10 313 35 20 245 4 104 191 108 109 119 1 463 443 492 374 159 65 275
Route #19: 416 299 288 320 190 144 89 81 98 27 40 135 46 140 229 271 298
Route #20: 261 295 129 66 49 377 246 16 166 479 250 264 293 195 491 489 497 252 216 475 474
Route #21: 338 322 364 349 346 417 446 459 464 343 394 114 482
Route #22: 279 284 301 270 201 462 390 179 362 370 186 52 32 209 17 249 280
Route #23: 415 396 372 355 321 354 359 358 19 51 50 47 42 305 8 286 26 327 461 434 326 353 367
Route #24: 429 342 445 256 476 61 64 45 70 82 285 365 391 381 76 403 100 399 200 451 414
Route #25: 460 480 198 404 234 253 468 449 340 335 334 325 481 324 23 259 39 205 241 72
Cost 263593
Time 941.438
