Route #1: 257 238 255 119 233 5 205 141 309 38 92 153 299 324 279 330 273 243 203 47 269 152
Route #2: 157 199 1 78 121 139 140 300
Route #3: 182 105 155 280 222 96 227 2 77 192 6 307 204 242 301 50 87 191 328
Route #4: 294 281 76 183 206 86 267 7 154 168 101 84 94 268 271 118 213 202 85 316
Route #5: 61 175 236 130 290 129 312 327 17 176 186 310 197 45 46 315 272 282 117 172
Route #6: 296 110 109 37 209 216 254 111 321 235 270 25 211 263 194 224 219 165 70
Route #7: 26 266 250 89 284 88 241 326 60 68 67 106 138 161 137 35 317 253 48
Route #8: 303 177 122 82 49 256 230 142 163 181 228 53 63 283 245 21 24 133
Route #9: 160 74 150 302 212 171 52 201 113 208 304 16 329 135 115
Route #10: 34 10 55 287 58 322 196 116 73 104 251 8 318 95 27 81 323 285 4 325
Route #11: 59 178 44 136 128 288 319 90 147 11 252 124 293 156 278 286 36 3 125 40 248
Route #12: 103 32 145 184 265 187 320 311 308 15 80 237 51 112 131 149 200 277 169 244 65 247 220 18 41
Route #13: 234 100 132 158 264 246 71 9 239 66 57 173 258 292 12
Route #14: 249 174 93 144 231 305 151 167 14 99 29 108 33 226 298 164 120 134 215 83 114 260 75
Route #15: 19 22 217 20 159 210 240 291 331 261 123 79 127 207 23 179 102 39 31 221 275 276
Route #16: 188 190 189 13 223 43 274 229 262 314 64 289 97 259 69 225 98 306 198
Route #17: 232 180 62 28 148 56 218 195 72 162 146 214 126 193 185 297 166 313 143 295 42 30 91 170 107 54
Cost 173126
Time 340.519
