Route #1: 66 87 24 58 191 140 121 132 145 163 143 298 28 27 8 95 47 231 167 101 82 122 174 100
Route #2: 201 213 159 258 209 35 129 68 29 103 55 206 297 38 108 6 23
Route #3: 3 290 26 49 284 96 269 229 310 165 253 84 74 139 133 185 183 67 113
Route #4: 281 276 128 147 218 234 36 88 296 41 177 235 273 236 268 279 275 267 280 282 277 278 5 46
Route #5: 117 125 104 19 44 97 304 21 205 13 239 293 172 137 60 240 42 93 102 263 223
Route #6: 153 158 169 162 222 216 114 69 56 54 198 176 208 219 211 80 1 33 221 123 154 251 242 173 288
Route #7: 111 40 43 203 71 311 106 262 130 22 228 166 85 287 286
Route #8: 146 300 264 272 168 63 15 144 188 2 70 271 155 285 261 53 237 254 90 115 107
Route #9: 301 160 135 79 86 317 192 62 78 61 289 75 161 190 98 307 308
Route #10: 225 224 193 180 178 171 7 124 150 152 184 244 226 248 255 274 270 260 227 200
Route #11: 243 303 11 37 39 48 59 196 252 249 12 10 14 210 212 204 20 215 50 45 320 170
Route #12: 83 309 313 52 51 265 32 34 302 319 314
Route #13: 175 247 241 214 189 250 179 138 246 156 151 197 134 220 57 149 217 186 182 9 31 295
Route #14: 4 305 109 119 157 207 257 245 259 72 292
Route #15: 18 73 99 77 25 92 266 136 181 81 312 233 131 116 230 110 64 126 16
Route #16: 299 283 194 112 89 306 148 294 164 291 142 127 316 315 199 120 238 256 202 318 94 76
Route #17: 187 17 105 141 30 65 118 195 232 91
Cost 186221
Time 408.056
