Route #1: 68 159 378 60 154 66 36 239 198 374
Route #2: 245 53 470 478 465 344 276 319 156 477 311 189 171 400 131 498 203 502 38 137 486 151
Route #3: 360 188 386 44 448 39 46 253 43 192 320 331 342 381 252 324 353 287 37 220
Route #4: 100 104 277 126 184 106 412 15 267 326 455 170 242 42 370 264 238 340 482
Route #5: 463 295 345 387 233 256 6 323 492 87 446 32 125 199 79 263 314 254 21 427 278 284
Route #6: 72 269 226 497 456 416 341 440 224 317 45 282 401 312 479 176 451 274 112 288 350 413 262
Route #7: 97 266 23 426 306 469 180 202 249 476 410 490 136 148 382 209 461 290 466 376 483 58
Route #8: 173 283 162 325 437 273 421 207 481 234 213 272 499 83 134 55 92 293 139 61 31 24 388
Route #9: 315 172 111 259 275 271 230 322 285 460 339 34 105 444 321 337 443 40 212 394 403 108 155 187
Route #10: 52 313 78 310 174 141 169 183 407 179 117 369 49 16 248
Route #11: 289 62 398 182 221 127 489 352 493 74 57 56 161 145 17 18 133 447 468 244 364 332 110 208
Route #12: 76 54 88 265 409 235 494 371 163 197 453 81 144 303 103 33 307 205 474 471 487
Route #13: 301 204 143 299 328 225 485 64 80 415 430 300 150 138 343 366 206 257 433 165 258 330 196 294 420
Route #14: 246 181 22 160 210 445 29 402 291 390 86 93 452 396 379
Route #15: 95 175 431 191 218 419 2 436 375 362 395 190 297 255 51 346 397 372 149 178 135 305 260
Route #16: 48 480 41 109 438 462 327 501 361 19 475 214 20 114 435 28 428 279 186 425 65 308 464
Route #17: 240 185 77 251 70 495 7 219 429 115 424 90 99 91 107 82 335 116 168 1 75
Route #18: 333 30 102 63 243 27 98 338 158 329 392 411 358 216 118 84 223 193
Route #19: 120 336 217 157 130 298 194 385 261 69 35 140 59 384 237 432 25 373 270 211 408
Route #20: 121 119 377 11 166 473 450 96 503 414 146 491 14 250 152 304 8 417 12 10
Route #21: 132 439 50 3 201 101 302 309 164 195 356 391 292 215 434 124 280 449 441 454 365 496 13
Route #22: 367 406 363 177 383 334 296 147 318 488 71 123 232 222 268 153 368 281 351 94 231 129 228 4 357
Route #23: 316 359 73 500 405 89 26 47 404 5 380 349 227 393 418 122 459 458 167 422 457 423 229 113 286 85
Route #24: 442 472 354 467 247 347 9 389 128 484 200 236 399 355 67 142 348 241
Cost 243616
Time 407.126
