Route #1: 149 86 299 208 260 264 78 74 357 152 189 100 364 140 270 229 377 116 17 399
Route #2: 411 324 359 218 84 151 48 387 383 287 416 112 38 253 409 419 418 282 259 262 269
Route #3: 417 201 423 42 46 213 114 134 297 21 11 65 95 376 70 256 323 60 105 66 303
Route #4: 68 56 102 200 240 27 233 154 94 155 197 368 315 33 243 185 194 397 403 396 401 400 252 73 405
Route #5: 244 103 280 316 408 132 135 131 137 126 34 236 266 246 199 195 234 215 169 156 53 191
Route #6: 111 40 143 278 181 171 407 271 128 312 349 351 350 348 342 343 347 346 196 292 313 28 142 381
Route #7: 378 325 358 3 217 386 192 319 184 241 133 23 67 204 203 332 295 302 182 16 345 277 235 227 2
Route #8: 26 178 202 336 337 104 15 109 25 55 170 19 410 145 29 13 237 5 308 338 18 136 148 54 275 374
Route #9: 147 166 216 293 257 288 300 101 99 273 226 129 320 139 79 122 385 177 37 265 329
Route #10: 12 207 223 402 392 398 24 225 179 289 406 113 20 63 64 321 206 305 130 353 75
Route #11: 281 245 8 123 121 379 267 285 163 31 44 333 330 371 306
Route #12: 224 425 339 39 263 187 250 168 1 220 173 211 183 7 153 389 175 159 420 209 242 362
Route #13: 119 107 198 77 190 310 106 363 296 210 279 251 298 327 335 284 352 328 283
Route #14: 125 92 71 50 59 32 361 311 322 141 176 331 268 421 247 41 35 395 62 393 424
Route #15: 88 334 10 228 160 367 85 231 248 304 222 307 340 230 91 96 239 188 286 57 58 186 158
Route #16: 167 30 89 83 404 165 261 49 87 61 98 81 82 76 354 290 120 369
Route #17: 314 294 318 118 45 146 412 380 164 221 274 388 249 254 150 93 144 232 14 344
Route #18: 360 301 80 219 138 69 174 309 51 214 413 4 415 341 43 422 291 110 162 161
Route #19: 205 276 72 115 47 384 238 391 394 414 372 157 6 317 255 117 124 22 193
Route #20: 375 36 97 390 258 180 212 52 366 373 356 172 272 127 365 355 370 9 326 108 90 382
Cost 236296
Time 712.165
