Route #1: 182 25 7 67 205 99 78 13 24 73 116 88 60 210 2 127 177 135 209 173 29
Route #2: 16 90 134 202
Route #3: 132 211 76 158 58 31 62 70 17 21 14 168 199 120 179 20 110 201
Route #4: 125 52 77 46 80 216 149 1 49 213 82 207 162 91 146 113 108 206 130 41 43 226
Route #5: 117 139 187 5 4 28 200 164 15 224 223 48 143 40
Route #6: 203 26 68 109 102 22 30
Route #7: 195 196 8 71 186 121 217 138 153 118 10 32 191 33 55 12 178 107 215 172 156 214
Route #8: 119 145 94 131 221 34 111 97 56 193 63 59 122 170 157 128
Route #9: 220 154 194 66 64 86 152 79 147 218 140 74 129 11 42 137 106 155 96 6 18 98 53 142 101
Route #10: 85 72 123 65 57 104 47 219 115 69 185 3 144 150 212 95 192
Route #11: 100 45 169 114 124 189 160 38 166 208 36 44 190 75 184 181 161 27 204 61 81
Route #12: 159 84 35 103 23 151 197 92 93 9 171 180 112 51 222 87 105
Route #13: 174 141 39 198 148 175 225 50 136 167 163 133 183 165 83 176 54 126 37 188 89 19
Cost 177788
Time 183.333
