Route #1: 226 203 346 304 33 99 228 144 132 14 270 236 142 345 8 282
Route #2: 169 255 251 231 263 87 78 84 118 254 3 148 129 92 91 281
Route #3: 309 324 276 271 95 11 190 238 52 348 136 117 47 220 179 191 224 70 213 318
Route #4: 305 75 313 277 330 28 156 112 15 297 67
Route #5: 49 303 278 266 44 53 72 103 55 152 50 45 79 82 66 68 320 155
Route #6: 48 267 207 32 182 325 7 347 244 321 140 242 202 300 302 81 299 312
Route #7: 214 102 274 205 204 211 215 219 272 124 115 193 339 341 201 235 350 342 230
Route #8: 76 154 323 54 56 331 186 338 268 74 60 275 34 35 333
Route #9: 122 198 187 62 248 221 173 306 225 106 98 310 308 88 174 141 335 340 150 18 319
Route #10: 253 284 127 250 294 307 38 264 249 292 287 286 280 283 291 290 288 5 260
Route #11: 101 21 16 121 57 65 1 134 326 194 163 329 334 23 196 126 24 90 168 110 69
Route #12: 185 176 328 197 256 25 279 10 181 119 151 105 97 315 96 13 20 138 258 26
Route #13: 289 29 162 165 189 199 206 222 108 167 104 30 239 125 183 210 71 209 223 159 177 135 233
Route #14: 94 217 157 262 261
Route #15: 160 113 184 180 172 133 131 9 337 246 4 114 111 327 17 296 252 175 120 295 336 42 147 311
Route #16: 170 240 80 83 116 245 109 107 153 12 6 73 123 64 37 61 63 85 145 314 58 51
Route #17: 237 293 343 285 149 171 130 298 128 200 166 93 259 257 227 218 188 178 158
Route #18: 192 39 164 247 27 43 31 22 241 89 243 273 36 229 216 349 332 46
Route #19: 86 139 161 146 195 41 143 212 232 234 59 344 208 265 269 19 100 317
Route #20: 137 322 301 2 40 316 77
Cost 211811
Time 436.607
