Route #1: 123 176 169 168 104 138 241 140 44 109 268 195 16 302 57 132 293
Route #2: 216 253 17 48 53 98 99 22 208 288 58 162 207 91 250 276 25 64 107 97 62 82 108 186
Route #3: 243 85 165 29 248 198 197 171 115 59 137 172 129 93 77 61 92 292 304 81 159
Route #4: 270 305 36 225 269 35 40 27 71 72 75 113 146 46 145 67 68 117 89 65
Route #5: 100 74 83 95 60 133 131 8 10 101 314 87 28 39 299 55 56 246
Route #6: 247 50 47 88 124 167 181 255 266 291 96 69 265 49 263 228 209 202 41 259 111 130
Route #7: 150 170 179 142 114 174 149 153 178 155 151 112 118 94 84 66 76 73 70 63 318 52 51
Route #8: 312 310 9 135 156 143 164 148 128 258 254 221 125 134 220 219 144 191 147 139 120 116 90
Route #9: 127 126 160 119 163 175 193 192 214 215 233 199 230 205 244 237 203 200 166 161 154 110 102
Route #10: 262 251 158 242 204 212 206 183 194 182 184 177 222 217 157 79 80 223 187 211 196 185
Route #11: 226 173 189 274 275 190 287 121 122 78 283 284 289 279 180 152 141 136
Route #12: 286 281 257 260 277 280 218 295 227 236 210 201 303 315 239
Route #13: 273 271 282 297 296 252 306 309 240 300 238 229 285 224 213 235 267
Route #14: 234 4 245 21 38 37 105 106 15 34 188 18 19 24 231 232 264 23 256 249 307 86
Route #15: 316 7 298 31 32 42 103 43 33 20 308 13 54 290 272 278 261
Route #16: 2 14 6 313 5 1 26 12 30 45 11 3 311 317 301 294
Cost 113471
Time 236.793
