Route #1: 110 248 274 213 179 45 196 242 223 152 233 191 266 270 17 124 323 140 50 235 58 170
Route #2: 230 109 280 11 319 275 255 273 116 229 64 163 34 111 65 56 198 41 247 311
Route #3: 246 234 55 83 308 18 24 236 261 176 123 62 28 68 141 282 310 195 184 279 84
Route #4: 144 97 205 316 13 221 129 232 322 82 77 155 143 107
Route #5: 197 93 160 49 267 94 286 183 75 209 225 37 76 165 208 245 27 302 128 154
Route #6: 22 220 189 89 115 293 256 114 48 174 69 71 222 314 157 216 260 290 252
Route #7: 289 19 21 133 142 145 67 127
Route #8: 91 29 78 297 269 253 139 193 54 325 136 190 295 33 303 277 104 53 101 44 244
Route #9: 60 207 315 298 181 159 166 250 168 271 257 185 161 30 137 318 26 52 306 156
Route #10: 4 125 8 263 35 326 23 100 63 292 299 74 9 7 304 201 72 162 148 243 296 1
Route #11: 36 73 169 307 12 268 6 215 5 20 272 51 177
Route #12: 80 203 164 85 120 172 39 305 38 98 204 285 113 265
Route #13: 43 108 61 86 211 126 150 106 281 117 59 90 119 178 188 180 3 146
Route #14: 212 122 237 167 96 231 206 210 218 288 118 259 42 199 25
Route #15: 313 254 87 226 135 262 79 14 121 249 46 95 158 284 153
Route #16: 66 47 149 276 251 287 70 283 224 240 151 186 134 32 187 294 301 88 2 16 320
Route #17: 228 171 15 202 264 57 217 317 92 130 31 239 278 112 324 291 238 99 81 132 309 105 131
Route #18: 321 102 312 300 227 173 214 194 182 219 192 241 175 138 200 10 40 258 147 103
Cost 231008
Time 213.194
