Route #1: 104 33 65 66 62 63 93 88 87 266 275 236 204 155 60 191 91 70 80 48 148
Route #2: 195 145 30 260 214 78 122 120 168 174 19 158 200 255 208 185 141 154 124 262
Route #3: 50 56 57 54 53 41 35 281 31 147 225 52 18 273 274 170 75 258 232
Route #4: 112 45 4 23 223 114 99 111 9 153 163 127 89 67 49 276 5 1 107
Route #5: 90 72 43 279 182 183 259 192 203 210 39 227 234 224 197 239 130 109
Route #6: 207 126 165 68 58 69 86 92 108 98 81 82 257 280 77 243
Route #7: 84 252 74 83 263 44 138 51 129 8 240 47 121 115 55 40 76 71 278
Route #8: 73 42 85 100 113 94 96 103 193 105 101 106 178 169 102 125 146 132 117 97 95 59 17 38
Route #9: 149 156 152 150 135 166 201 199 196 136 134 161 176 159 151 139 118
Route #10: 198 226 256 26 209 218 119 249 231 157 143 142 137 261 216 61 162 140 64
Route #11: 110 128 133 123 144 171 79 179 186 188 184 173 164 206 205 175 189 286
Route #12: 228 237 246 254 247 241 245 180 167 172 269 264 177 248 242 238 190 217 230 213
Route #13: 244 277 212 7 116 21 131 22 160 287 215 221 220 187 6 10 12 282 219 29
Route #14: 194 181 16 24 28 37 3 235 288 36 34 32 27 285 14 253 229 222 211 202
Route #15: 265 13 25 15 271 46 11 267 2 268 283 20 270 272 284 233 251 250
Cost 105272
Time 921.004
