Route #1: 119 84 26 7 201 118
Route #2: 328 228 161 345 240 100 346 5 337 327 330 292 329 54 128 60 198
Route #3: 133 127 203 24 252 50 135 82 6 312 55 183 77 65 20 159 313 342 92 62
Route #4: 30 91 241 246 68 103 70 57 209 188 200 338 239 197 71 213 73 59 218 8 189
Route #5: 214 323 305 249 212 18 41 69 211 95 94 85 251 301 185 242 16 247 45 196 131 348 296 138
Route #6: 129 17 192 336 335 326 31 167 111 233 97 38 43 15 21 306 320 250 13
Route #7: 289 150 61 105 270 143 341 148 334 193 4 324 205 146 172 294 220 98 293
Route #8: 48 182 343 83 272 125 235 236 169 35 124 52
Route #9: 307 14 34 319 123 317 204 113 107 283 152 3 243 134 78 44 93 225 72
Route #10: 165 281 217 202 114 56 271 261 279 145 140 46 244 256 226 344 86 32
Route #11: 253 184 28 349 333 195 210 173 104 158 278 290 76 257
Route #12: 155 88 258 37 142 190 280 160 215 154 136 90 285 180 25 177 115 174
Route #13: 170 75 265 259 221 286 206 49 219 74 350 80 87 300 181 156 10 304 216 53 23 186
Route #14: 260 175 29 318 231 227 110 168 314 340 255 9 321 232 141 275 266 11 147 208 310 273 282
Route #15: 311 1 64 178 33 331 298 22 295 332 262 137 51 27 163 121 171 309 299
Route #16: 229 151 274 325 153 149 12 268 316 277 47 139 58 267 36 284 308 207
Route #17: 166 112 291 287 191 194 63 79 303 238 199 116 144 81 254 222 234 99 245 122 66 276
Route #18: 106 132 302 126 230 42 176 237 187 102 157 109 269 96 248 263 223 322
Route #19: 19 179 297 339 120 101 164 130 108 224 162 315 39 264 67 2 89 40 117 347 288
Cost 211792
Time 408.646
