Route #1: 284 283 9 88 61 6 11 263 33 269 254 323 281 253 212 51 158 123 109 183 171 180 184 225
Route #2: 42 95 89 305 35 90 14 17 132 26 208 162 267 256 161 113 199 141 202 291 229 135 282 144
Route #3: 271 295 273 272 278 19 20 303 217 310 195 68 279 300 121 203 205
Route #4: 224 234 247 260 57 139 325 27 262 241 231 326 266 302 252 259 285 105 3
Route #5: 165 163 296 246 245 114 157 85 86 164 299 213 316 97 67 5 69 81 87 294 169 130 175 188 127 189 159
Route #6: 152 227 193 134 84 37 235 192 146 133 128 83 185 257 32 46 116 228 174 280
Route #7: 216 187 16 226 239 56 106 233 160 292 293 238 2 250 153 322 275 274 315 200 297 156
Route #8: 290 251 248 242 209 166 173 287 270 255 136 107 261 268 249 244 215 243 186 172 207 210 177
Route #9: 276 93 308 64 181 223 240 258 10 59 101 129 15 8 140 34 201 82 22 117 94 31
Route #10: 197 191 198 176 149 148 150 155 58 52 12 23 62 118 301 124 138 311 120 119
Route #11: 131 92 220 70 72 304 103 298 100 137 142 147 1 190 168 179 122 76 221 222 219 327
Route #12: 45 194 196 307 312 313 320 321 306 13 28 318 324 66 319 74 329 29 24 53 43
Route #13: 309 47 48 40 44 78 39 38 151 50 49 79 80 108 91 30 265 63 60 75 126 143 206 218
Route #14: 102 104 98 71 54 73 317 77 96 99 110 115 112 264 236 289 314 211 36 21 288 154 182
Route #15: 237 204 18 25 178 167 170 230 41 55 125 111 214 232 277 145 286 7 328 4 65
Cost 111416
Time 1333.03
