Route #1: 156 382 121 264 118 256 44 301 90 238 339 291 272 69 313 1 168 201 56 361 192 338 381
Route #2: 150 276 377 303 395 359 94 217 265 386 383 356 225 221 143 81 309 353 191 114
Route #3: 30 52 105 316 38 18 60 254 266 89 322 260 358 139 160 35 131 222 329 179 178 241 216 384
Route #4: 403 393 71 360 91 63 328 283 317 199 332 177 401 240 154 230 141 103 296 68 269 185 138
Route #5: 39 92 174 165 239 406 211 87 305 371 352 323 190 73 162 300 72 307 186 104
Route #6: 367 397 19 75 12 76 51 13 77 130 223 161 86 374 280 115 286 247 315 148 110 142 368
Route #7: 10 376 344 65 132 200 284 407 175 380 243 299 214 357 195 5 34 345 388 2 137 109 244
Route #8: 233 351 61 208 202 354 341 366 228 232 278 282 50 78 346 402 14 123 54 129 74 268 215
Route #9: 93 205 204 197 4 206 210 246 398 399 144 348 147 152 207 59 21 226 405 99 234 224 145
Route #10: 151 155 101 106 113 102 82 83 67 97 57 135 146 58 184 400 112 124 125 127
Route #11: 33 293 149 340 133 364 111 6 116 257 261 49 20 378 302 158 198 255 62 321
Route #12: 369 119 27 47 373 375 324 396 25 70 273 108 355 159 252 294 41 84 196 365 188 334
Route #13: 408 100 64 343 391 297 394 372 385 390 392 23 387 363 370 404 22 43 96 389 342 55 11
Route #14: 107 80 95 182 126 153 181 213 136 218 53 227 220 169 171 172 163 189 203 271 306
Route #15: 187 275 310 157 235 248 26 8 298 263 140 3 31 120 24 15 16 98 134 259 209
Route #16: 349 333 231 183 180 327 326 229 320 289 253 319 318 350 335 336 237 290 250 251 176 236 262 122 292
Route #17: 288 285 128 270 258 170 281 85 17 287 312 330 331 167 7 9 219 42 347
Route #18: 40 194 311 362 304 164 295 242 37 28 45 46 193 249 32 245 66 337
Route #19: 36 117 277 274 212 267 379 173 325 48 166 308 29 88 314 279 79
Cost 122252
Time 928.556
