Route #1: 176 145 166 171 207 142 139 148 130 187 67 105 224 208 241 195 245 22 260
Route #2: 215 261 272 20 233 37 23 247 292 218 226 293 210 209 206 223 258
Route #3: 188 152 289 133 100 99 287 283 9 35 155 196 15 19 13 268 288
Route #4: 216 213 271 262 178 167 121 278 164 186 192 8 277 173
Route #5: 239 76 282 234 137 290 285 112 81 169 296 295 83 201 200 203 101 119 229
Route #6: 69 26 107 147 177 111 60 90 94 46 42 150 149 73 18 88 185 129 232 238
Route #7: 159 61 25 87 175 38 41 3 151 44 160 1 267 74 75 197 30 31 91 153 198
Route #8: 214 59 235 236 199 118 219 189 163 21 181 228 157 231 4 5 194
Route #9: 183 122 127 138 156 202 143 11 36 256 108 132 95 211 222 161 136 134 144 126 116 70 103 266
Route #10: 237 50 84 180 146 242 280 193 104 85 55 110 78 77 106 273
Route #11: 64 93 254 165 117 170 297 275 274 172 270 6 125 154 71 220 141 96 68
Route #12: 54 265 276 92 113 248 284 162 243 168 269 56 255 66 227
Route #13: 124 109 114 240 14 82 179 205 7
Route #14: 184 244 298 29 182 230 28 47 217 191 246
Route #15: 250 251 204 253 120 264 98 135 53 281 174
Route #16: 12 257 48 65 97 291 221 263 123 299 294 17 16 86 39 32 279 24 40 80
Route #17: 128 131 57 49 286 158 2 190 259 102 212
Route #18: 63 58 62 52 51 72 27 33 252 45 43 140 34 89 115 225 249 79 10
Cost 181823
Time 294.667
