Route #1: 199 230 209 207 21 260 25 167 176
Route #2: 51 86 87 43 77 74 252 78 255 3 213 251 217 49 55 30 246 242 215
Route #3: 180 164 182 181 197 110 92 59 190 193 76 188
Route #4: 220 243 258 231 26 222 108 5 229 73 60 138 56 144 29 117 19 23 18 22 4 186 228 223 206
Route #5: 262 11 12 8 10 248 247 111 235 241 244 257 38 233 236 216 238 173 192 154 17 106 200
Route #6: 53 148 107 160 175 139 105 195 132 134 162 178 166 131 152 159 85 126 47 39 177
Route #7: 250 46 24 196 7 9 13 234 66 50 33 35 32 122 119 124 120 158 261 170 245
Route #8: 68 104 100 156 6 98 83 62 149 115
Route #9: 218 256 179 16 15 187 40 75 198 143 171 112 114 79 2 94 27 214 202 232 239
Route #10: 163 41 136 116 128 72 96 109 113 157 142 145 184 151 146 155 97
Route #11: 150 44 1 121 48 102 61 140 65 58 183 42 88 91 101 125 84 31
Route #12: 130 129 63 52 103 205 168 253 194 203 204 227 71 185 54 141 37 69
Route #13: 99 201 191 14 224 240 249 254 172 161 127 123 165 118 67 93 82 57 95
Route #14: 64 226 137 153 259 237 90 28 45 34 221 210 208 219 225 169 133
Route #15: 189 211 20 36 81 80 135 174 70 89 212 147
Cost 151311
Time 231.078
