Route #1: 213 193 35 44 76 104 31 1 36 69 68 157 16 219
Route #2: 217 151 113 90 136 8 14 47 121 12 204 10 202 39 19 118 124 150 24 81
Route #3: 86 114 146 92 103 100 192 189 126 176 181 72 88 173 154 177
Route #4: 152 37 112 180 42 49 67 64 89 123 130 98 93 107 20 134 142 167 216
Route #5: 187 178 159 160 164 153 163 116 132 143 145 188 108 186 122 144 139 133 125 128 105
Route #6: 18 78 54 85 96 97 115 79 53 71 30 32 206 185 23
Route #7: 9 41 34 21 17 95 48 83 43 45 110 51 62 183 182 172 158
Route #8: 101 147 55 25 26 205 59 11 135 156 195 194 199 52 22 99 91 70 66 3
Route #9: 38 191 211 127 148 15 27 61 77 179 155 201 5 111 214 171 184
Route #10: 102 87 50 75 46 63 60 174 140 196 165 170 175 190 212 13 6 161 4 7 57
Route #11: 162 74 2 138 149
Route #12: 80 131 94 84 120 200 166 209 210 215 141 40 33 29 218 65 137 168 28
Route #13: 208 119 117 106 56 58 198 207 73 82 197 109 203 129 169
Cost 129913
Time 344.821
