Route #1: 266 76 168 217 138 123 162 84 163
Route #2: 75 97 9 296 223 173 277 3 124 113 301 18 251 141 111
Route #3: 23 263 51 117 116 93 205 245 191 66 1 214 242 128
Route #4: 248 50 65 13 188 57 125 284 282 267 132 268 40 41 285 53 204 8 109 235 203 293 237 196
Route #5: 176 161 135 221 253 16 211 281 208 201 96 298 146 213 131 99 126 47 46 71 151 271
Route #6: 195 78 98 38 94 154 212 26 184 69 145 144 55 177 249 21 24 80 233 130 28 156 48 254 100
Route #7: 280 256 87 86 286 264 260 61 29 255 252 90 4 158 35 199 148 36 68 224 289 42 105
Route #8: 14 210 32 287 239 64 91 295 174 187 294 198 229 261 107 147 185 153 265 133
Route #9: 190 95 227 279 250 101 137 216 262 247 297 169 34 45
Route #10: 299 120 5 241 189 37 197 246 243 160 44 39 230 33 232 257 170 228 149 12 15 31 58
Route #11: 186 222 10 159 43 127 27 6 288 276 56 17 20 218
Route #12: 30 172 54 72 106 192 179 290 92 115 259 103 102 178 74 272 67
Route #13: 300 215 63 274 73 270 79 236 231 85 202 206 59 11 88 292 200
Route #14: 193 275 129 278 122 225 104 181 283 164 114 240 152 22 110 207 2
Route #15: 157 49 136 244 166 165 167 220 194 139 155 209 142 269 150 175 226 182 171 140
Route #16: 143 108 7 134 83 219 60 121 82 70
Route #17: 62 119 238 273 118 258 183 234 302 291 77 25 89 112 52 81 19 180
Cost 131969
Time 298.126
