Route #1: 48 59 300 299 297 5 9 290 254 255 241 231 210 203 169 22 51 310 32 268 19
Route #2: 116 101 28 52 43 57 34 13 7 68 288 279 61 292 303 282 3 306 294 283 276
Route #3: 246 121 152 258 286 103 114 29 197 244 77 309 37 54 85 186
Route #4: 83 35 218 202 36 213 71 122 135 150 204 118 140 88 153 295 70 266 211
Route #5: 198 194 168 296 86 12 81 76 162 176 308 4 173 120 92 214 193 84
Route #6: 149 156 160 159 137 143 129 125 273 157 155 151 178 111 154 127 65 267 98 30 66 94 79 274
Route #7: 42 175 136 40 39 64 247 69 148 72 93 104 182 188 189 181 99 95 96 124 105 73 109 97 107
Route #8: 259 208 209 219 123 100 112 161 167 174 190 201 20 158 166 132 207 163 171
Route #9: 2 110 74 108 87 106 177 195 102 180 200 117 119 278 115 260 264 277 225 222
Route #10: 80 67 262 58 55 227 49 56 47 196 187 53 192 179 170 146 141 44 165 287 185 291 199
Route #11: 234 253 263 275 133 293 205 191 184 183 128 130 145 147 142 139 138 144 134 280 281 126 302 305
Route #12: 113 249 224 226 245 272 301 269 284 304 10 27 270 251 21 242 311 11 239 6 229 215 257
Route #13: 237 24 18 46 8 16 17 23 41 25 26 89 15 75 307 298 285 1 252 63 248 221
Route #14: 220 233 289 235 238 243 230 232 236 240 223 265 261 271 217 14 212 206 228 216
Route #15: 78 250 172 62 45 256 38 91 50 60 33 90 82 164 131 31
Cost 140175
Time 424.161
