Route #1: 324 325 286 321 311 106 300 303 310 291 288 313 307 277 209 208 264 323
Route #2: 248 24 26 204 36 250 254 97 113 58 249 57 54 245 18 16 19 229 228 215 42 253 260 55 41 33
Route #3: 322 301 316 337 334 241 279 278 281 280 283 282 235 219 220 232
Route #4: 267 262 292 212 304 298 296 302 308 199 203 184 192 289 182 164 159 150 155 149
Route #5: 236 221 168 143 148 13 332 340 12 339 338 162 128 137 30 157 342 320 257
Route #6: 207 187 172 173 186 217 188 225 227 247 246 213 201 197 200 216 251 218 195 156 205 181 193
Route #7: 266 268 211 234 329 151 261 198 124 160 158 133 131 163 117 68 21 5 22
Route #8: 115 170 141 180 177 189 176 178 171 174 224 237 243 233 191 223 222 154 185 134 119 107 56 102
Route #9: 326 263 230 202 153 112 85 84 60 276 273 145 226 319 239 265 242 270 294 295 116 92 67
Route #10: 290 89 110 118 120 122 123 130 114 139 127 135 138 95 70 76 175 196 63 258 132 231 179
Route #11: 103 79 274 104 51 121 73 96 100 87 86 61 59 98 82 48 62 77 71 52
Route #12: 99 136 64 144 140 4 161 74 78 81 10 126 91 90 331 256 169 8 105 50 3
Route #13: 244 9 27 333 40 37 94 315 314 284 47 240
Route #14: 318 6 65 111 109 108 101 69 93 72 88 147 83 259 167 269 285 14 165 293 206 38 35
Route #15: 146 11 214 330 1 66 309 31 238 183 210 194 32 297 166 129 125 152 75 28 142 190
Route #16: 20 44 336 335 15 39 45 2 46 80 312 49 43 327 328 23 317 306
Route #17: 17 299 305 29 341 255 34 53 25 287 7 275 272 271 252
Cost 121338
Time 601.479
