Route #1: 139 119 111 43 100 92 72 109 97 120 113 98 143 133 149 147 99 79 90 181
Route #2: 105 237 238 106 115 127 128 138 84 131 110 184 30 51 46 35 34 164 166 225 210 122
Route #3: 136 134 135 140 192 89 101 216 215 104 94 95 78 76 141 77 91 55 63 69 61 58 47 37
Route #4: 201 130 117 124 145 146 165 161 155 180 194 195 174 169 172 167 170 191 173
Route #5: 60 162 179 188 193 214 213 16 205 187 8 5 156 163 234 10 123 114 116 189 152 132
Route #6: 11 12 236 198 26 203 59 66 168 175 190 82 220 227 88 228 87 36 68 67 54
Route #7: 158 151 150 153 176 160 212 223 202 154 209 217 177 178 185 19 211 14 230 218 208 229 221 196 71 148
Route #8: 159 171 64 65 17 31 41 44 102 24 22 86 15 62 39 42 45 38 204 20 206 13 186 183 231
Route #9: 142 200 73 29 6 2 107 137 118 197 199 207 70 49 157 52 224 50 32
Route #10: 182 235 222 219 53 33 57 112 3 9 4 232 233 7 1 83 27 25 23 28 80 144
Route #11: 96 56 40 226 125 18 121 81 103 85 21 126 108 93 75 74 48 129
Cost 113188
Time 438.788
