Route #1: 243 14 12 95 27 17 251 266 241 34 16 21 272 30 267 13 269 262 257 206
Route #2: 202 205 94 7 164 190 22 9 81 57 58 210 224 24 26 18 271 219 220 240 245
Route #3: 255 181 236 242 154 176 158 150 168 246 244 235 237 170 180 171 252 165 195 254 231
Route #4: 199 179 216 239 238 229 247 201 194 178 197 183 188 163 193 191 68 138 155 145 137
Route #5: 125 146 143 123 139 116 175 132 167 233 131 117 253 250 261 96 15 5 3 6 268 226
Route #6: 223 218 221 217 203 189 161 162 149 152 142 177 133 173 156 151 128 134 124 54
Route #7: 32 76 74 157 200 215 108 1 234 232 106 172 166 93 160 113 112 92 99 86 31
Route #8: 209 211 60 84 87 55 59 62 115 105 88 100 102 127 130 147 136 129 91 89 119
Route #9: 28 46 44 126 2 135 169 213 97 37 19 20 204 214 198 41 43 11 263 49 259
Route #10: 208 4 64 63 79 29 90 66 51 50 56 83 85 72 65 70 182
Route #11: 120 141 212 222 38 109 174 148 122 121 40 104 98 23 69 153 230
Route #12: 270 77 196 10 8 207 25 265 103 144 192 36 35 39 248 227 48 47
Route #13: 256 228 186 114 260 78 107 33 187 225 184 185 159 118 140 71 80 53
Route #14: 111 110 73 67 61 249 258 45 82 101 264 75 42 52 273
Cost 99095
Time 627.839
