Route #1: 60 76 305 263 272 141 137 160 36 231 116 388 87 51 400 171 179 176 234 223 253 206 243 248
Route #2: 63 65 210 180 84 119 117 115 197 166 133 220 132 239 121 228 254 161 277 309 356 110 105
Route #3: 334 382 396 299 293 4 181 49 227 58 64 109 238 233 240 46 50 48 232 229 59 61 52 182 207 213
Route #4: 224 2 255 249 276 283 154 199 262 266 282 298 300 295 287 294 288 291 278 389 265 302 286 247
Route #5: 242 200 235 241 256 209 173 134 219 217 225 387 304 306 9 8 18 70 312 321 320 319 318 7 311 310 403
Route #6: 72 360 108 174 379 381 335 336 349 279 355 363 343 167 187 186 185 188 332 359 101 156
Route #7: 3 401 251 237 38 37 397 6 23 41 370 368 26 39 31 364 366 367 96 341 71 53 55 54 330 73 308
Route #8: 292 260 261 281 280 297 325 326 324 317 322 148 347 365 362 399 371 342 351 340 331 329 344 369 296
Route #9: 268 218 338 354 352 100 89 25 21 106 375 138 128 107 43 45 42 30 146 143 144 139 386 361 152 140
Route #10: 111 142 327 348 346 357 372 315 314 12 374 377 384 378 383 80 79 81 358 66 373 345 333 391 20 10
Route #11: 77 204 150 22 290 78 252 303 246 205 398 316 385 98 99 274 271 285 393 201 273 1
Route #12: 390 392 29 44 56 35 153 211 301 323 28 19 5 11 16 269 230 32 120 14 168 129 192 337
Route #13: 27 67 221 284 85 91 250 102 47 245 215 93 212 178 155 158 112 114 147 162 170 75
Route #14: 376 216 62 82 74 15 125 236 95 118 159 40 135 226 177 88 163 259 289
Route #15: 189 24 267 353 350 184 313 94 214 264 270 127 69 339 164 136 172 194 169 83 17 151 165
Route #16: 244 86 307 13 57 190 131 130 198 193 202 195 275 380 149 394 68 113 124 257 258 328 175 208
Route #17: 90 92 97 122 196 222 191 103 157 183 33 145 123 104 126 203 395 34 402
Cost 175849
Time 956.424
