Route #1: 203 255 297 168 137 136 125 133 159 206 202 182 79 78 111 101 103 104 256 105 278 166
Route #2: 213 234 162 47 50 63 59 87 64 53 173 218 177 176 192 164 154 155 150 151 149 201 175 172
Route #3: 106 91 208 197 194 67 181 179 184 165 92 117 1 88 65 130 163 57 97 102 84 77 262 219
Route #4: 109 279 304 301 257 142 139 222 123 214 112 108 110 113 132 293 127 138 250 207 178 129
Route #5: 216 233 273 253 239 263 227 235 242 244 245 7 12 15 22 267 35 33 241 237 230 229
Route #6: 251 277 283 8 16 44 285 39 68 52 54 264 284 34 280 288 27 25 122 43
Route #7: 4 198 225 236 240 224 254 265 258 275 274 268 276 270 296 243 249 231 223 220 196 6
Route #8: 21 9 24 99 96 69 75 42 90 10 286 61 302 299 282 295 298 287 232 228 209
Route #9: 86 272 49 100 281 131 36 215 169 205 271 121 195 3 80 261 153 118 135 260 160 81 13
Route #10: 147 171 19 51 107 66 187 60 290 246 266 247 183 189 204 212 18 5 95 48 41 116 26
Route #11: 167 156 46 17 199 303 72 292 289 226 221 238 252 45 14 217 248 158 211 180 188 210
Route #12: 93 55 38 98 120 161 56 70 170 74 82 23 71 200 28 141 124 40 30 174
Route #13: 115 114 193 31 37 186 94 300 134 58 89 76 32 185 191 190 145 157 291
Route #14: 148 73 2 140 269 11 294 20 119 62 143 144 146 128 29 152 259 85 83 305 126
Cost 142863
Time 794.233
