Route #1: 429 160 81 176 322 205 488 290 7 162 330 237 19 239 194 265 3 221 253 291
Route #2: 5 273 337 9 105 74 423 439 95 222 357 238 317 462 87 292 263 327 212 190 328
Route #3: 100 91 133 233 225 114 234 293 326 370 77 191 308 244 259 189 60 117 161 143 323 201 4 277 333 78
Route #4: 351 344 335 319 364 243 188 412 249 168 196 208 356 297 339 281 257 255 252 247 216 217 192 325 186
Route #5: 93 305 99 213 123 122 136 67 246 251 215 224 279 296 301 304 169 286 145 121 8 416
Route #6: 195 284 280 134 120 409 485 131 174 146 152 230 159 313 311 206 268 275 276 471 264 242 349
Route #7: 340 341 185 430 472 181 180 207 443 427 198 200 309 35 204 501 496 12 102 461 442
Route #8: 318 312 332 96 405 384 366 331 414 418 433 441 480 182 478 473 449 392 415 218 179 375
Route #9: 419 413 431 436 393 377 373 368 460 338 468 352 354 353 403 385 383 446 399 379 283 299 298 306 310 320
Route #10: 367 500 499 18 387 394 28 426 51 453 44 455 456 452 40 50 55 85 459 86 447 52 49 451
Route #11: 33 54 83 479 457 11 450 444 492 476 388 389 498 380 390 27 15 396 397 382 381 372
Route #12: 324 97 103 128 16 17 157 37 41 69 66 132 94 104 477 23 25 36
Route #13: 355 359 363 376 361 422 435 432 29 464 470 484 493 68 130 404 407 148 282 43 32 278 428
Route #14: 347 75 411 56 65 398 295 438 469 474 475 108 63 115 118 483 486 454 448 465 424 420 425 365 374
Route #15: 410 487 156 135 84 92 400 199 254 348 245 395 445 466 21 1 20 106 53 167 300 48 42 260
Route #16: 71 45 256 250 172 149 34 116 223 329 240 125 110 109 64 494 202 321
Route #17: 107 266 402 271 57 458 467 72 10 13 14 22 334 302 137 203 193 141 303 497 90 39
Route #18: 73 26 408 61 417 482 124 144 463 362 46 127 171 371 269 360 294 336 267 165 288 210 491
Route #19: 314 31 406 258 386 434 346 307 70 343 378 119 261 2 184
Route #20: 101 270 228 481 289 62 248 79 272 175 164 113 178 138 80 126 142 76 111 154 112 30
Route #21: 350 369 262 440 345 24 38 59 316 315 153 139 183 158 211 241 229 214 220 235 391 98
Route #22: 147 231 58 170 177 197 163 150 155 287 166 151 89 401 342 421 140
Route #23: 274 232 226 227 236 173 88 285 219 209 47 6 489 187 82 129 358 495 490 437
Cost 227248
Time 1177.08
