Route #1: 36 21 13 9 207 202 189 10 15 41 253 229 245 270 279 247 246 235 27 8 214
Route #2: 316 319 304 241 254 322 237 320 236 289 267 126 217 260
Route #3: 196 188 315 286 148 259 185 174 191 193 223 271 72 106 239 234 218 198 328 12
Route #4: 280 219 275 248 183 26 142 29 40 35 89 56 60 1 176 151 208 266 276
Route #5: 65 54 59 62 63 61 53 86 190 20 23 291
Route #6: 105 313 88 166 150 317 153 52 70 165 17 116 250 107 240 290 203
Route #7: 213 99 117 329 28 51 14 200 128 251 30 57 32 311 4 206 258 140
Route #8: 273 64 178 244 216 228 114 46 44 201 215 277 184 125 138 50 71
Route #9: 210 296 257 301 48 297 104 295 294 231 288 233 230
Route #10: 127 120 94 115 96 268 272 130 204 108 163 158 76 226 135 323 100
Route #11: 222 122 227 91 164 18 205 5 326 293 102 68 33 11 287
Route #12: 73 110 146 168 141 147 93 221 74 137 69 255 169 282 303 112 306 308 307 305 186 47 162 143
Route #13: 81 92 43 192 121 25 109 80 90 87 212 278
Route #14: 167 252 159 172 181 327 6 37 152 103 38 39 66 133 249 139 42
Route #15: 78 129 31 187 175 155 118 2 314 157 156 173 124 284 3 299 300 220 132 170 154 95 98
Route #16: 195 7 177 171 111 211 238 263 265 264 84 182 136 75
Route #17: 225 144 197 113 58 49 97 19 34 24 283 318 134 131 325 312 160 149 281
Route #18: 242 292 161 45 101 274 82 309 321 180 145 232 194 310 22 16 119 55 85 285 324 123 256
Route #19: 262 243 269 261 302 209 179 199 298 83 79 67 77 224
Cost 200239
Time 231.495
