Route #1: 120 143 96 9 128 103 2 181 206 130 87 184 207
Route #2: 46 216 19 21 48 85 35 64 63 5 214 138 125
Route #3: 188 129 135 115 107 174 167 132 196 198 185 18 217 61 111 173 57 40 153 41 39
Route #4: 31 225 81 54 104 106 105 36 15 113 223 186 133 179 12 160 137
Route #5: 82 68 98 97 100 101 155 162 150 123 134 119 118 91 29
Route #6: 195 215 219 76 42 141 6 27 227 169 142 159 49 32 70 80
Route #7: 116 92 201 25 175 11 187 194 226 229 59 199 45 78 33 16 233
Route #8: 193 114 126 163 140 170 4 191 149 171 222 161 176
Route #9: 210 208 84 77 47 182 58 156 75 73 94 88 7 165 180 112 95
Route #10: 172 157 3 152 145 158 190 189 183 178 147 151 131 124 110 148 146 102 136 122
Route #11: 53 89 90 44 67 74 8 52 22 99 34 23 10 164 177 237 127 144 203 200 197
Route #12: 168 24 26 30 72 166 117 50 51 108 55 121 83 139 154 62 213
Route #13: 71 28 224 230 231 234 232 60 202 79 86 192
Route #14: 20 14 209 56 93 218 1 65 220 228 69 17 38 66 43 13
Route #15: 205 212 211 235 221 204 37 236 109
Cost 145744
Time 285.285
