Route #1: 143 163 4 1 114 116 31 67 89 78 32 244 137 6 241 62
Route #2: 165 183 18 148 104 176 48 188 189 169 49 74 55 111 58 17
Route #3: 100 2 56 108 107 246 27 227 212 125 233 135 29 5
Route #4: 63 181 119 178 97 85 68 150 28 64 88 102 81 77 230 15 25 42 91 122 182 106 154
Route #5: 153 180 79 30 151 179 128 83 126 82 96 103 99 133 203 92 57 157 19 166 221 36 254
Route #6: 234 3 76 53 120 231 138 86 204 8 23 171 149 124 37 43 131 132 16 174 118 12
Route #7: 190 242 21 59 216 141 247 172 40 22 136 232 121 220 240 245 249 243 35 41 45 84 72 70
Route #8: 93 87 173 69 187 110 52 54 109 105 20 200 61 146 75 71 168 144 175 197 195 237
Route #9: 33 51 235 90 98 219 167 193 156 215 214 145 26 239 229 226 152 199 184 44 13 34 9
Route #10: 217 248 115 140 164 251 155 38 147 238 46 7 159 170 130 177 213 250 225 47 11 206 117 95 65
Route #11: 39 10 252 73 236 66 80 101 94 60 123 129 139 134 127 160 222 223 207 208 209 218 158 24 185
Route #12: 205 161 196 202 201 198 210 224 162 211 191 192 50 14 113 142 228 112 194 253 186
Cost 89854
Time 635.278
