Route #1: 110 134 90 88 87 6 37 27 74 93 209 94 201 76 29 89 83 197 198 5 176 170
Route #2: 62 187 193 1 132 184 136 73 4 23 145 21 75 115 148 85 66 119 46 80
Route #3: 44 141 30 14 19 42 34 143 204 9 208 55 49 40 111 65 200 120 25 36 35 16
Route #4: 188 125 131 190 189 146 79 191 149 179 156 45 31 8 192 185 11 54 168 12 24 48 39
Route #5: 52 194 169 196 82 32 20 172 13 33 212 214 15 77 78 114 130 53 70 64 135 173 113 98 108 177 133 22
Route #6: 137 124 123 95 202 86 99 112 159 43 175 153 163 162 51 183 207 174 101 72 50 213 205 63 68 100 60 186
Route #7: 171 69 57 56 129 155 59 58 17 161 154 167 158 116 47 118 166 127 97 126 107 128 92 104 140
Route #8: 91 178 38 41 18 151 160 105 7 96 211 67 195
Route #9: 81 164 106 180 152 182 121 102 122 199 103 165 26 138 181 210 28
Route #10: 84 147 71 203 157 10 3 150 142 139 206 2 61 117 144 109
Cost 67893
Time 161.247
