Route #1: 243 14 12 95 27 17 251 266 241 34 16 21 272 30 267 13 269 262 257 206
Route #2: 94 7 164 190 22 9 81 58 57 210 224 24 26 18 15 5 3 6 226
Route #3: 202 205 255 176 158 154 242 236 235 181 167 132 117 253 250 261 96 268 271 219 220 240 245
Route #4: 239 238 247 246 244 168 150 131 233 237 170 180 171 252 165 195 254 231 229
Route #5: 199 179 216 178 194 201 161 162 163 193 191 68 188 183 197 177 155 138 127 54
Route #6: 223 218 221 217 203 189 149 152 145 137 142 133 173 147 136 129 134 128 119
Route #7: 125 146 143 123 115 139 116 157 200 215 108 1 234 232 106 93 160 92 99 83 86 31
Route #8: 209 211 60 84 87 76 74 88 100 102 105 113 112 166 172 175 130 156 151 124 91 89
Route #9: 28 46 44 126 2 135 169 213 97 59 62 55 37 19 20 204 214 198 41 43 11 263
Route #10: 29 90 79 32 63 64 4 49 51 50 56 85 72 66 65 70 182
Route #11: 256 228 260 114 186 196 207 208 259 10 8 25 265 103 230
Route #12: 120 141 33 187 212 222 38 109 174 148 122 121 40 104 98 23 69 153
Route #13: 270 144 77 248 192 39 35 36 227 48 47 264 101 75 42 52 273
Route #14: 111 110 73 67 61 249 258 78 107 225 185 184 159 118 140 71 80 53 82 45
Cost 99067
Time 796.225
