Route #1: 111 100 156 56 119 84 121 128
Route #2: 112 108 290 60 27 146 280 255 286 76 64 212 90 163 157 15 199 204 155 71 70 74 61 278
Route #3: 248 106 1 67 25 95 45 53 55 41 13 40 142 251 243 148
Route #4: 262 150 250 158 159 26 20 18 44 39 33 116 47 54 98 57 78
Route #5: 240 97 43 28 29 281 203 241 93 92 94 288 192 266 302 120 247 214 58
Route #6: 69 42 37 72 75 285 178 282 147 211 9 260 258 224 223 245 179 34 19 82 22 149
Route #7: 30 17 117 189 198 31 35 123 118 32 51 52 46 77 66 38 68 63
Route #8: 81 36 65 80 113 133 87 127 130 132 145 162 176 173 107 160 151 153
Route #9: 49 48 103 164 188 183 193 167 144 137 126 217 91 191 182 140 134 135 104
Route #10: 122 174 83 252 110 124 114 270 99 105 101 234 129 184 85 86 138
Route #11: 50 136 271 277 125 292 143 131 139 161 185 225 141 171 219 181 169 152 200 165 154
Route #12: 168 210 205 201 170 172 186 187 228 206 197 194 209 202 215 264 195 273 253 249
Route #13: 207 267 190 177 276 196 180 274 221 226 293 301 300 299 236 233 220 216 222 229 298 227
Route #14: 3 308 309 166 175 8 115 88 89 96 10 102 109 310 208 231 24 244 62 283
Route #15: 73 2 79 242 21 230 5 6 307 218 213 7 59 237 232 256 269
Route #16: 265 254 235 268 263 257 246 239 295 284 294 305 291 279 272
Route #17: 306 4 11 287 12 297 16 23 238 259 14 261 296 304 289 303 275
Cost 140106
Time 622.59
