Route #1: 189 68 209 232 61 222 81 118 106 154 137 105 97 112 113 40 83 228 165 211 109 204 201
Route #2: 163 110 124 198 34 44 49 197 135 79 80 92 71 98 130 128 121 45 126
Route #3: 64 63 95 32 89 195 101 43 27 21 48 25 12 73 58 51 30 86 157 170
Route #4: 139 203 153 233 152 46 114 120 35 143 74 175 111 87 136 146 123 172 213 147 14 138 107
Route #5: 22 5 28 181 102 24 2 132 142 133 15 42 20 47 131 1 10 72 31 57 122 52 11
Route #6: 171 199 212 231 224 39 29 33 223 53 54 3 55 19 17 69 38 23 220 9
Route #7: 77 36 62 214 205 104 60 164 174 184 215 186 216 200 194 208 70 8 166 190 188 67 66 59 129
Route #8: 156 155 150 151 4 140 141 148 99 37 76 75 117 202 230 235 207 65
Route #9: 50 236 219 221 218 18 13 56 82 91 26 217 226 41 196 192 191 237 234 227 145 134 206
Route #10: 158 182 160 168 169 167 225 177 180 193 6 7 183 185 178 116 187 16 93 210
Route #11: 176 161 149 96 90 78 84 103 119 115 159 173 179 229 85 125 127 100 88 94 108 144 162
Cost 109649
Time 244.073
