Route #1: 221 228 43 227 13 72 74 19 41 150 239 95 92 237 14 176 169 147 52 112 157 16
Route #2: 215 219 170 167 145 36 54 58 28 64 194 199 193 202 198 132 34 174 183
Route #3: 187 42 77 201 78 220 8 12 182 23 22 188 9 189 47 186 110 218 175 79 71 25
Route #4: 181 32 101 17 31 63 245 244 138 27 57 106 3 66 139 168 133 241 21 109 35
Route #5: 214 195 164 216 226 116 136 149 11 20 6 184 165 161 73 235 158
Route #6: 177 10 29 173 178 179 180 140 163 210 185 171 156 97 129 130 154 162 123 238
Route #7: 225 236 190 159 243 85 115 111 152 143 113 224 75 217 248 212
Route #8: 137 122 91 88 197 200 5 87 222 107 51 207 211 142 209 45 37 53 89 223 65
Route #9: 18 67 155 172 135 69 39 84 100 55 128 93 230 82 246 247 232 231 234 233
Route #10: 242 96 141 240 50 229 203 148 144 68 166 213 196 38 44 30 40 124 191 81 126 60 127
Route #11: 206 4 24 76 146 104 99 98 1 2 125 61 59 121 62 70 49 26 103 86 131
Route #12: 105 56 108 120 153 83 208 192 48 151 160 134 15 118 114 117 119 205 204 102 90 94 33 80 7 46
Cost 137252
Time 250.951
