Route #1: 162 84 2 262 128 300 4 177 49 198 203 35 142 152 141 239 185 297 89 102
Route #2: 285 107 41 226 122 169 202 281 117 294 246 138 27
Route #3: 76 13 18 296 120 173 55 108 66 280 243 311 183 322
Route #4: 30 276 174 20 44 193 86 39 22 148 176 279 28
Route #5: 214 14 291 290 258 52 114 57 75 220 310 65 23 131 153 231 54
Route #6: 158 255 213 37 5 327 70 165 329 133 234 309 230 223 259 257 318 293 242 229 157 328 33
Route #7: 278 317 181 7 36 34 275 260 103 303 172 29 190 272 140
Route #8: 115 81 191 268 256 218 104 194 15 58 267 305 208 67 244 212 126 121 74 182
Route #9: 127 271 222 79 307 319 235 189 170 264 209 325 45 167 46 216 146 129 64 160 304 112
Route #10: 144 80 274 87 97 3 301 324 47 163 99 72
Route #11: 6 32 232 106 314 206 252 51 25 233 48 53 111 71 151 197 168 313 205 90 217
Route #12: 16 201 100 24 282 219 63 110 19 221 92 178 288 150 164
Route #13: 249 136 245 277 94 188 284 96 109 17 251 312 61 125 116 105 134 130 135 1
Route #14: 187 12 95 11 254 180 295 62 186 265 59 326 228 236
Route #15: 316 298 85 154 42 321 26 50 139 269 155 10 166 207 60 240 315 69
Route #16: 299 68 40 159 21 210 266 145 149 9 98 179 199 200 241 175 137 302
Route #17: 119 227 192 224 123 161 283 289 38 88 286 8 78 156 323
Route #18: 82 93 237 43 270 83 147 132 184 143 101 171 91 306 287 118 225 113
Route #19: 263 308 292 253 247 261 248 77 31 56 250 238 273 320 195 215 211 204 124 196 73
Cost 227207
Time 623.717
