Route #1: 493 76 78 83 434 454 468 181 95 164 307 311 265 427 68 326 296 408 94 92
Route #2: 58 465 487 25 115 500 124 119 503 15 491 112 122 117 118 114 110 5 41 335 432
Route #3: 398 424 233 144 261 314 482 154 291 321 504 345 401 404 421 428 433 410 409 389 346 302
Route #4: 255 130 53 344 393 414 431 435 438 469 452 479 494 472 458 446 489 456 54 283
Route #5: 353 13 391 39 300 440 450 463 80 47 44 492 28 480 464 449 413 403 384 395 478 386 471 467
Route #6: 325 22 290 350 333 372 348 368 152 135 150 177 351 369 361 343 341 359 366 365 340 396
Route #7: 40 52 26 138 153 159 169 161 176 162 156 43 42 38 158 148 31 439 420 322 34 411 416 388 387
Route #8: 357 84 455 56 447 448 55 69 65 96 105 104 453 1 86 89 87 93 85 81 417 429 394 14
Route #9: 336 385 371 412 381 374 367 445 354 352 355 349 370 405 379 380 390 437 444 358 332 459
Route #10: 276 443 457 475 382 19 402 495 497 502 29 18 6 501 377 376 484 324 315 451 319
Route #11: 278 308 249 216 219 253 268 280 327 305 281 303 316 313 356 284 301 134 37 107
Route #12: 250 215 207 187 184 201 228 257 236 206 277 271 264 209 188 309 179 178 218 204 266 282 360 272
Route #13: 462 415 45 97 423 147 140 139 214 470 466 180 100 131 270 477 425 202 476
Route #14: 242 221 237 232 312 286 486 165 51 116 77 229 248 238 275 244 241 339 234 163 174 259 436
Route #15: 102 123 167 298 224 63 225 103 226 243 213 231 197 88 189 57 203 199 168 208 142
Route #16: 378 245 198 185 132 288 20 399 173 172 33 247 338 375 106 30 99 246 7 9 8 426 400
Route #17: 183 101 392 267 10 306 263 192 200 442 481 48 149 141 145 74 121 157 136 422 485
Route #18: 269 295 337 383 329 334 49 120 186 60 113 252 260 46 217 32 72 196 170 151 128 222
Route #19: 373 194 254 91 90 79 82 109 133 98 293 70 317 323 211 127 190 191 230 239 498 418
Route #20: 223 363 473 227 111 289 318 59 61 193 499 496 23 27 4 24 11 16 21 2 137 66 71 75
Route #21: 36 67 331 364 240 342 294 175 330 297 274 279 143 195 287 166 182 285 347 488
Route #22: 155 125 210 304 146 474 310 160 73 273 205 262 220 299 129 490 419 320 235 258 251 62
Route #23: 407 406 171 292 328 397 212 430 460 461 483 12 3 256 64 441 17 362 126 108 50 35
Cost 206375
Time 978.899
