Route #1: 206 405 38 263 186 301 176 143 288 268 5 138 244 280 161 289 13 230 139 6 31 180 240
Route #2: 23 304 412 37 131 391 169 203 210 307 332 265 3 361 113 269 367 383 94 364 290 54
Route #3: 79 360 128 205 170 137 134 402 256 328 4 322 97 26 1 273 303
Route #4: 408 313 382 177 236 404 40 392 211 370 192 414 369 77 132 264 152 167 70 270 355
Route #5: 146 108 135 48 208 234 60 223 212 349 250 53 105 8 221 341 252 52 342 106 246 133
Route #6: 266 35 231 222 314 267 44 83 395 7 396 418 142 21 247 49 218 323 165 55 19 171 204
Route #7: 358 386 388 381 377 39 374 71 80 82 68 66 193 196 76 32 378 348 261 320 67 116 33 30
Route #8: 123 258 168 103 112 400 101 149 104 151 130 172 129 110 100 89 401 228 224 217 340
Route #9: 14 225 233 197 72 125 154 277 215 293 287 163 254 15 339 2
Route #10: 330 324 352 363 365 373 387 331 329 335 350 368 41 362 375 359 198 200 114 147 121 85 93
Route #11: 73 12 279 274 257 238 283 286 294 316 308 384 393 380 379 351 276 284 159 216 281 248
Route #12: 160 87 84 162 62 43 25 119 353 28 413 406 17 411 417 337 336 345 334 319 309 346 297
Route #13: 191 296 306 326 311 312 333 357 344 366 371 372 376 99 310 325 140 318 315
Route #14: 189 178 115 124 47 188 50 409 398 389 399 394 385 42 343 338 327 9 275 285 259
Route #15: 27 65 18 416 22 235 45 51 227 317 58 145 16 20 136 96 59 184 36 407 29 403 390 81
Route #16: 148 75 150 185 302 245 415 10 141 88 347 109 295 242 292 179 354 305
Route #17: 272 298 207 74 195 220 69 199 226 157 321 282 183 241 260 243 209 232 397 95 249
Route #18: 219 202 201 92 56 90 253 61 239 78 255 229 158 144 91 237 63 46 86 278 107
Route #19: 118 117 127 155 122 111 64 173 156 166 164 175 174 57 181 187 190 120 102 300 271 262 213 153
Route #20: 299 251 410 356 98 24 11 182 194 126 214 291 34
Cost 215195
Time 1283.21
