Route #1: 122 101 346 413 417 19 102 343 305 275 393 291 248 52
Route #2: 238 406 339 259 274 249 322 187 306 148 161 325 337 254 255 296 197 85 369
Route #3: 99 264 30 316 382 320 271 8 33 266 74 366 78 402 71 215 387
Route #4: 341 134 226 273 194 294 172 32 192 87 189 233 241 416 267 401 420 400
Route #5: 39 165 154 146 183 144 116 131 377 27 350 65 378 240 133 289 105 173
Route #6: 293 372 330 35 414 212 359 358 360 355 357 351 47 314 319 334 335
Route #7: 206 156 284 155 149 170 211 236 245 242 243 153 23 56 312 411 379 235 340 292 285
Route #8: 57 151 175 143 132 129 118 104 107 127 342 113 128 191 208 326 231 218 280 60 336
Route #9: 25 138 94 190 66 98 64 265 163 126 112 234 93 303 123 34 362 26 28
Route #10: 217 386 86 73 139 141 166 298 277 331 20 29 384 216 276 150 221 408 171 195 14
Route #11: 54 46 152 349 188 40 321 37 307 185 309 392 58 77 354 2 178 356 308 83 376
Route #12: 158 111 310 18 214 13 36 225 409 196 198 199 200 180 169 244 44 11 5 315 24 313 84
Route #13: 361 279 193 202 286 256 262 290 119 247 117 12 260 9 232 220 224 297 223
Route #14: 352 300 22 70 136 318 137 125 184 124 412 404 405 230 272 268 38 295 371
Route #15: 227 347 63 261 394 287 301 324 147 410 311 323 252 344 106 181 201 130
Route #16: 72 385 250 327 403 79 45 332 304 3 135 204 257 17 15 246
Route #17: 329 373 176 263 389 120 68 115 364 370 69 157 399 415 407 41 182 203
Route #18: 317 164 142 381 396 10 282 62 6 100 333 67 92 299 228 367 374 140 4 288 328
Route #19: 213 237 269 345 145 391 390 21 278 210 283 81 270 397 160 395 375
Route #20: 302 177 76 48 348 95 1 205 353 418 186 103 239 159 419 388 49 179 168 338 365 51 383
Route #21: 121 43 368 7 207 253 281 219 229 31 209 61 80 114 363 89 96 42 380 55 398
Route #22: 174 97 109 108 82 16 222 88 91 90 167 53 50 59 110 75 162 251 258
Cost 219672
Time 458.312
