Route #1: 390 221 98 58 200 145 305 87 104 288 210 44 291 169 382 161 3 92
Route #2: 168 140 152 154 156 378 172 164 8 74 303 110 124 38 187 211 236 283 268 218 239 241 50
Route #3: 30 223 203 312 264 189 6 276 24 269 131 262 381 249 301
Route #4: 296 333 243 391 254 348 274 146 37 47 127 116 351 220 134 204 36 177 144 356
Route #5: 46 340 355 16 360 234 9 277 4 328 2 180 120 379 22 270 342 155 137 7 224 257 260 280 253
Route #6: 258 307 341 142 118 159 315 75 185 179 298 235 65 114 176 240 29 361 256 275 302
Route #7: 282 20 133 61 117 209 373 71 53 108 183 39 266 64 170 246 245 115 327 292 345
Route #8: 150 263 191 119 162 35 138 205 160 5 377 126 326 40
Route #9: 85 201 232 237 217 216 90 82 96 102 103 171 193 192 173 84 93 88 79 62 60
Route #10: 228 294 207 196 198 188 322 385 215 226 69 86 323 109 371 195 358 194
Route #11: 304 343 374 335 339 344 350 349 314 338 337 300 364 319 317 244 265 252 208 230 229 123 136
Route #12: 267 278 363 392 14 320 132 31 34 384 332 15 331 313 316 318 330 388 336 56 175 33 324
Route #13: 311 105 99 97 100 367 89 77 54 66 51 370 67 57 106 112 45 32 26 19 366
Route #14: 165 225 91 289 329 81 285 386 158 271 286 247 242 251 139 238 113 174 309 95 212 273 48
Route #15: 27 372 383 151 78 359 70 80 72 17 376 369 365 354 321 347 310 297 295 299 287
Route #16: 231 389 222 380 255 308 353 148 135 279 281 261 63 157 259 178 147 293 59 387 76 122 290
Route #17: 41 346 362 227 125 334 143 190 357 368 83 21 272 128 153 213 25 141
Route #18: 352 325 197 149 219 49 375 73 306 11 248 130 206 43 284 94 101 111 107 186 233
Route #19: 199 55 166 181 167 129 214 28 163 42 12 1 68 52 121 182 23 18 13 10 202 184 250
Cost 201717
Time 499.225
