Route #1: 100 167 95 255 245 9 14 250 249 281 198 61 184 185 181 118 129 163 149 277 276
Route #2: 252 22 66 85 69 125 114 192 263 105 58 275 59 89 42 220 38 191 196 195 160 15 86
Route #3: 227 221 171 223 152 130 43 40 165 8 31 236 231 235 229 237 238
Route #4: 147 71 225 271 39 217 92 218 219 52 44 35 48 55 259 53 150 98 170 286 65 251 267 122
Route #5: 262 3 26 60 68 115 101 25 117 175 169 155 107 138 137 123 18 136 135 133 93 70 111 112
Route #6: 76 126 265 132 106 119 32 168 139 1 182 81 77 134 102 197 180 74 30 154 50 47 103 78 57 54
Route #7: 232 285 79 226 224 213 194 67 49 153 36 90 207 116 215 127 80 64 108
Route #8: 131 228 21 4 240 63 45 23 24 178 72 269 264 143 273 242 96 99 73 10 173 270 104 56 91 29
Route #9: 190 84 28 151 234 2 258 75 243 109 121 280 145 278 162
Route #10: 159 292 94 156 148 140 283 142 141 87 230 6 246 41 5 88 16 157 257 128 260 222
Route #11: 248 200 186 254 266 268 282 83 291 199 37 205 201 206 19 34 17 177 272
Route #12: 166 158 13 33 27 208 211 51 209 210 20 12 183 290 193 202 216 241 212 233
Route #13: 284 293 11 288 274 256 253 203 204 113 244 110 124 146 164 179 239 289 97
Route #14: 279 261 172 120 187 144 188 82 62 176 247 161 174 189 214 287 7 46
Cost 152340
Time 320.29
