Route #1: 209 171 123 120 271 176 214 178 189 191 175 204 119 168 166 158 159 220 179 199 211
Route #2: 48 183 201 202 197 181 81 84 85 66 77 82 86 69 49 160 157 135 303
Route #3: 83 111 116 172 200 208 131 95 118 313 106 97 109 186 184 177 195 145 125 295 18 112 12
Route #4: 51 62 251 272 266 146 144 136 133 280 126 284 273 121 257 240 221 227 244 246 242
Route #5: 225 258 259 276 297 287 30 17 268 3 254 5 247 230 291 213 215 190 173 132 103 170 182 216 92
Route #6: 140 229 233 237 243 98 263 264 277 241 249 239 236 232 253 260 13 255 245 312 311 219 226 231 224
Route #7: 6 286 304 19 22 31 24 29 73 9 309 52 292 26 269 43 57 42 293 55 289 290
Route #8: 288 265 207 307 60 63 78 90 108 4 261 285 283 279 267 238 250 228 223 161 310 308 99 193 7
Route #9: 54 45 33 39 306 88 10 14 296 274 256 218 169 28 8 50 46 71 70 80 301 302 294 281
Route #10: 59 2 96 61 206 40 16 56 205 139 270 41 1 165 107 117 75 87 150 164 100
Route #11: 235 141 143 156 23 298 74 38 282 25 188 275 11 153 101 212 113 299 180 72 187 217 15
Route #12: 174 35 76 37 203 192 68 65 67 278 89 234 27 53 185 210 102 167 222
Route #13: 151 155 152 163 162 34 79 47 58 36 196 91 115 122 21 154 149 129 127 142 64 44 248
Route #14: 32 148 130 137 114 124 110 93 94 105 194 198 138 20 134 104 147 305 300 262 252 128
Cost 138941
Time 306.822
