Route #1: 47 114 160 101 86 112 163 81 20 37 98 116 117 103 131 148 99 276 142
Route #2: 57 69 106 93 167 91 320 208 232 230 209 151
Route #3: 74 171 85 218 258 50 318 271 290 321 107 193 241
Route #4: 83 6 31 45 88 135 126 65 61 145 274 42 104 39 40 110 268 263 94 280 264
Route #5: 84 87 260 132 3 138 180 287 154 157 270 269 4 198 100 204 231 35 97 159 33 315 317 184
Route #6: 149 49 143 125 108 109 26 34 15 90 95 92 38 16 78 46 54 70
Route #7: 237 72 77 21 23 53 58 62 89 59 76 115 64 158 136 141 150 147 140
Route #8: 66 2 113 60 56 233 300 278 273 255 1 259 55 248 48 305 217 67 118 52
Route #9: 44 63 68 79 120 121 144 146 181 168 240 249 256 239 199 156 197 124 127 137
Route #10: 111 80 96 128 139 164 165 207 186 195 203 205 221 229 216 185 173 162 174 175 123 122 170
Route #11: 182 190 176 192 179 178 225 220 102 224 223 222 227 238 196 187 194 188 189
Route #12: 75 71 73 133 161 169 242 267 183 304 153 322 172 155 19 134 17 211 43 257 29 32 291
Route #13: 253 10 8 325 201 206 296 129 298 299 219 226 228 210 246 202 213 214 236 277
Route #14: 266 245 234 212 272 297 288 289 200 293 191 177 166 152 119 105 215 235 251 283 284 285
Route #15: 250 247 252 309 262 316 303 22 36 281 28 261 24 275 279 9 5 11 243 324 254
Route #16: 306 292 307 302 130 313 311 82 295 319 294 314 265 310 244 282
Route #17: 301 312 12 13 7 30 41 25 27 323 18 51 308 14 286
Cost 116625
Time 731.895
