Route #1: 27 76 354 197 391 151 219 132 203 123 66 333 356 230 387 384
Route #2: 287 286 269 208 106 30 292 117 314 313 239 1 48 366 365 392
Route #3: 181 178 111 40 183 211 255 192 301 121 347 18 3 158 359 381 8 378 155 67
Route #4: 218 149 122 380 71 93 134 189 342 271 282 19 321 312 144 284 265 262 268 137 376 115 116 246
Route #5: 81 78 83 36 12 127 37 107 154 138 87 126 302 133 267 5 131 168 145 200 293
Route #6: 329 130 247 289 280 112 167 303 23 17 164 300 96 88 59 285 7 283 393 174 152 63
Route #7: 379 52 350 315 22 21 2 120 4 140 166 270 241 320 318 317 319 316
Route #8: 382 232 249 114 173 308 352 206 362 198 24 323 245 236 72 234 68 205 204 169 177 252
Route #9: 62 251 237 201 278 171 214 281 274 163 103 139 29 229 128 141 258 374 243 110 77 50
Route #10: 389 35 51 109 383 16 259 162 213 160 348 60 98 385 231 233 273 272 194
Route #11: 298 334 253 327 188 296 6 325 377 224 375 373 339 351 223 364 85 217 118 136
Route #12: 326 212 119 330 195 179 41 20 225 311 369 295 15 33 124
Route #13: 69 360 361 49 92 10 309 337 332 100 61 64 185 90 143 235 14 228 368 345 343
Route #14: 336 148 105 240 13 346 390 89 56 9 38 25 297 187 39 157 153 306 307 310
Route #15: 242 261 254 276 388 304 370 11 355 129 257 113 176 156 340 147 142 248 101 186 44 305
Route #16: 135 102 58 215 45 210 207 193 86 277 125 222 226 104 82 191 349 357 338
Route #17: 32 288 227 28 159 371 43 358 46 75 165 95 91 108 73 84 74 150 47
Route #18: 290 34 220 26 238 264 275 324 216 170 260 331 344 94 202 53 328 54 266 42 80
Route #19: 291 279 250 199 209 221 172 79 256 180 190 97 263 146 182 299 294 322 363 244 386 65
Route #20: 335 99 175 196 367 184 57 353 372 55 31 70 341 161
Cost 224328
Time 287.189
