Route #1: 21 71 57 148 102 1 94 54 59 60 62 61 64 56 72 93 2 145 87 86 51 173
Route #2: 235 223 280 241 242 23 27 42 265 269 255 254 83 251 89 165 182 174 9 8
Route #3: 38 189 77 211 205 225 245 244 248 250 228 229 258 212 214 268 262 106 110 136 187
Route #4: 208 198 192 218 203 206 186 188 13 270 237 217 216 236 238 213 226 246 99 210
Route #5: 252 195 196 117 124 115 257 163 289 290 220 219 221 233 273 256 103 55 231 215 200 154 101 25
Route #6: 85 227 249 266 65 66 73 31 11 277 283 282 281 137 155 279 276 263 24 264 47 46
Route #7: 162 222 232 284 138 171 132 193 230 271 35 185 45 179 197 159 114 125 158 169 168
Route #8: 278 157 156 151 178 5 34 29 39 79 181 33 107 272 253 146 152 6 37 22 12 275
Route #9: 95 76 207 202 90 204 161 48 53 260 267 52 7 3 26 199 201 150 40 100
Route #10: 58 285 149 20 224 50 143 164 118 240 10 139 172 288 82 180 160 153 176 112 142 292 144 74
Route #11: 15 166 28 123 120 167 147 122 140 170 68 17 80 105 92 247 129 36 41
Route #12: 134 261 18 63 133 96 175 67 239 108 291 259 128 135 121 116 32 141
Route #13: 184 113 111 104 98 119 126 49 30 191 131 130 4 234 243 78 91 75 84 97 286 88 194
Route #14: 190 70 16 209 274 81 43 19 287 127 177 183 109 44 14 69
Cost 143741
Time 591.791
