Route #1: 203 117 212 30 106 162 148 159 48 44 21 98 118
Route #2: 104 49 50 153 123 205 164 146 9 183 137 161 2 140 61 43 151 122 68 62 191
Route #3: 204 171 55 138 83 179 121 127 108 22 70 197 196 214 200 20 218 13 187 120 194
Route #4: 109 10 202 80 215 189 188 27 165 81 33 11 69 181 143 97 46 34 72 59 145 124 86 51
Route #5: 155 170 53 133 112 160 102 126 57 132
Route #6: 150 173 107 58 36 199 208 52 45 158 67 88 31 75 77 1 16 217 195 82
Route #7: 213 37 74 85 115 110 152 190 175 134 193
Route #8: 172 105 89 35 95 154 185 131 129 186 101 169 163 141 219
Route #9: 192 184 147 206 136 114 139 19 157 142 60 92 40 198 96
Route #10: 90 42 100 23 26 47 64 84 144 168 182 119 210 174 156 166 73 15 87 135 94 220
Route #11: 28 17 3 38 4 76 130
Route #12: 99 103 41 216 14 79 116 12 66 39 78 111 71 7 209 201 8 6 18 65 176 5
Route #13: 93 54 24 207 128 211 63 149 125 180 167 56 91 178 177 32 25 113 29
Cost 149238
Time 126.792
