Route #1: 155 35 14 189 175 316 55 48 158 31 229 20 19 246 224 235
Route #2: 270 67 267 86 232 225 231 283 215 171 174 199 206 17 21 12 13
Route #3: 236 226 318 221 240 64 243 59 44 51 23 296 266 259
Route #4: 183 242 216 230 166 218 152 173 116 238 239 147 244 289 311 15 329
Route #5: 43 60 54 47 28 245 306 220 204 237 196 8
Route #6: 39 161 314 165 247 142 149 79 76 74 68 33 30 213 16
Route #7: 111 250 42 130 121 50 4 37 217 326 227 190 254 308 323 317 302 160 77 284 312 315 320 201
Route #8: 262 271 45 151 179 207 233 322 62 57 202 81 118 139 69 269 274
Route #9: 249 290 299 95 97 66 295 313 279 287 94 96 268 261 192 241 203
Route #10: 105 260 288 258 257 145 106 22 108 272 310 122 89 212 119 82 137 138
Route #11: 319 164 65 300 265 177 187 91 124 123 32 157 99 234 185 208 280
Route #12: 126 83 136 113 292 198 73 25 11 10 205 38 85 146 178 70 109 40 24 209 131
Route #13: 132 125 34 72 1 193 168 84 5 154 328 303 304 305 148 7 29 52 276 46 26
Route #14: 58 80 120 140 163 162 141 144 78 100 101 112 156 214 53 182 293 2 88 297 56 298 129 134
Route #15: 281 301 188 49 75 107 110 36 115 61 103 104 92 135 133 150 222 143 181 159 6
Route #16: 211 176 256 186 172 93 114 282 219 252 248 255 253 9 41
Route #17: 184 195 170 223 251 117 191 18 98 71 263 273 307 169 3 153 127 277 264 275 102 210
Route #18: 228 285 294 286 194 200 87 278 90 321 167 327 180 324 197 63 27 309 325 128 291
Cost 194370
Time 194.844
