Route #1: 152 93 130 77 162 211 99 94 85 79 78 76 136 70 117 120 140 124 62 153 161 155 151 9 109 158
Route #2: 197 177 186 205 217 214 210 232 10 7 193 185 184 164 144 139 138 87 102 143 168 90 92 225 133
Route #3: 72 35 187 172 178 180 173 169 208 227 219 16 220 216 215 213 19 199 191 192 8 181
Route #4: 189 17 25 34 37 51 53 65 32 88 20 26 68 18 44 233 212 27 22 24 203 176 165
Route #5: 137 4 47 221 43 49 48 228 57 12 202 89 60 170 196 206 226 223 188 171 222 156 36 229 135
Route #6: 3 163 154 106 101 63 148 128 61 159 183 52 179 194 182 29 119 1 132 23 224 69 118 97 204
Route #7: 98 167 104 31 231 41 175 160 190 42 157 142 234 235 15 149 30 134 174 112 54 71 131
Route #8: 122 127 201 207 6 14 126 146 82 95 96 58 129 200 218 125 64 11 141 145 46 80 39 74 73
Route #9: 5 55 67 33 28 38 198 105 83 86 75 66 59 50 40 45 84 81 108 236
Route #10: 150 56 121 115 100 116 110 113 107 103 114 91 2 123 209 147 166 13 195 21 230 111
Cost 105527
Time 257.499
