Route #1: 89 79 55 111 52 251 238 265
Route #2: 219 221 50 40 88 83 78 74 225 227 103 133 104 90 272 29 126 124 255
Route #3: 63 117 249 113 259 214 160 147 2 191 144 101 244 93 241 96 250 70 27
Route #4: 62 10 215 258 128 243 216 203 116 72 205 60 54 154 235 25 1 85 186 76
Route #5: 208 39 73 246 254 15 102 12 270 44 19 20 28 280 239 248
Route #6: 58 7 207 97 172 209 143 137 201 178 148 47 269 77
Route #7: 282 176 129 184 5 173 210 35 151 65 17 206
Route #8: 260 91 153 224 253 48 263 234 276 199
Route #9: 168 121 164 145 56 68 37 228 51 94 273 4 149 279 268
Route #10: 162 53 71 75 41 257 157 171 46 213 159 161 135 261 49 6 155 275
Route #11: 8 267 3 175 252 112 110 69 245 38 30
Route #12: 22 198 211 284 36 264 223 278 9 21 146 262 86 92 106 226 187 84 125
Route #13: 109 156 218 115 61 231 220 87 99 274 190 82 277 134 59 23 183 204 107 80
Route #14: 169 114 229 202 163 16 32 283 196 197 237 122 140 236 188 271 193
Route #15: 42 119 152 182 233 232 167 185 181 192 200 98 189 81 14 139 195 24 217 141 170 230 45 130 131 266
Route #16: 105 194 240 108 158 118 165 11 179 31 67 180 150 212 222 123 120 33
Route #17: 95 34 142 174 100 43 132 64 26 57 138 247 18 66 256 242 136 127 177 13 281 166
Cost 224274
Time 202.728
