Route #1: 257 255 240 237 234 179 158 229 300 249 200 245 242 243 221 24 189 214 154 120 267 157 209 215 236 210 217 227
Route #2: 383 80 141 136 108 191 169 122 90 233 254 47 54 62 48 49 57 70 211 130 182 226
Route #3: 151 180 193 194 349 360 359 174 152 149 168 164 165 251 248 133 135 123 92 107 88 143 241
Route #4: 188 81 187 220 261 115 138 232 153 341 159 357 337 172 170 192 348 167 350 347 340 351 148 280
Route #5: 396 298 397 387 311 321 319 18 19 73 61 368 55 361 69 327 68 308 306 110 276 250 262 246
Route #6: 271 358 299 305 369 314 335 342 343 324 326 323 303 287 284 307 292 291 288 266 247 273 260 318 1
Route #7: 310 315 252 27 378 374 366 375 372 362 363 379 364 365 394 312 313 320 309 393 392 373 295
Route #8: 277 395 147 121 30 26 94 95 42 66 41 13 20 11 98 118 113 17 25 29 111 33 21 63 58
Route #9: 44 281 286 285 297 274 2 244 126 293 294 296 316 317 336 356 339 345 328 325 127
Route #10: 67 75 344 60 38 86 380 346 388 352 381 384 45 46 10 389 40 390 74 282 270 205 391
Route #11: 385 265 183 354 239 338 289 32 334 131 382 216 22 137 370 101
Route #12: 28 31 85 116 36 7 256 34 155 173 353 59 139 224 50 301 23 82 79 156 377
Route #13: 83 177 93 322 228 268 263 275 283 259 132 279 76 39 56 218 290
Route #14: 332 386 105 103 64 253 8 3 6 9 51 278 65 52 166 178 106 37 35 114
Route #15: 272 78 77 87 195 185 125 119 53 109 99 269 96 186 14 162 84 161 329 190 89 175 104
Route #16: 304 4 367 198 184 201 208 203 199 333 134 117 91 100 355 231 238 230 331 225 264 102 12 171
Route #17: 219 258 330 142 144 235 97 145 206 128 213 150 5 223 71 129 302 163 212
Route #18: 15 176 207 160 112 222 16 371 43 376 146 124 196 197 140 72 181 204 202
Cost 181891
Time 1158.26
