Route #1: 44 34 7 53 11 300 311 306 308 16 19 24 23 310 25 84 69 66 37 281
Route #2: 324 9 8 321 290 285 271 256 235 320 315 312 247 237 227 231 269 259 273 295
Route #3: 207 213 236 244 284 293 296 286 319 294 307 3 5 303 302
Route #4: 265 240 204 21 201 14 246 252 26 241 239 4 325 206 322 323 242
Route #5: 216 326 187 185 189 164 167 169 15 131 12 95 96 18 327 328 171 186 176 217 10 13 253
Route #6: 258 255 268 262 263 264 224 211 249 251 208 219 198 199 181 177 179 183
Route #7: 51 117 136 132 133 141 142 159 163 178 195 153 112 210 245 250 270 309
Route #8: 63 160 46 243 214 274 279 59 98 130 194 190 289 225 223 229 304 299 298
Route #9: 184 122 261 254 89 106 114 292 120 170 126 125 116 260 267 280 101
Route #10: 92 152 203 220 226 230 139 233 238 151 143 140 196 192 197 191 91 88 113 90
Route #11: 107 72 156 172 174 121 129 165 158 150 108 157 147 148 127 135 161 138 173 86 145
Route #12: 228 232 283 200 266 188 182 175 162 209 100 104 144 134 99 118 85 70 67 32
Route #13: 149 313 52 288 218 74 49 193 257 272 212 287 48 58 57 42 291 297 78 77 79
Route #14: 30 36 43 56 82 28 39 128 41 54 64 62 61 75 27 47 317 316 318
Route #15: 155 103 305 17 50 105 38 29 6 94 81 109 33 55 45 278 73 65 180 282 168
Route #16: 277 276 31 221 35 40 119 1 301 314 215 60 111 93 123 146 76 83
Route #17: 154 137 97 80 68 202 205 222 275 234 248 20 110 2
Route #18: 124 22 166 102 115 87 71
Cost 141711
Time 415.798
