Route #1: 89 189 206 76 2 182 55 175 148 145 9 243 150 215
Route #2: 92 257 204 245 179 173 128 276 44 50 135 258 202 122 15 21 84 63 109
Route #3: 163 79 216 193 177 237 26 105 147 6 83 110 174 168 113 23 233 85 25 156 187
Route #4: 176 269 229 3 29 209 191 120 112 66 67 255 268 30 88 247 24 197 232 64 240
Route #5: 246 17 61 99 71 1 121 181 34 77 13 36 43 225 250 130 59 58 97 272 81 70 213 27 131
Route #6: 192 117 118 114 129 185 125 235 274 116 140 252 141 271 166 45 198 87 162 157 101 220 266 212
Route #7: 261 46 75 138 108 262 35 62 107 263 33 100 37 38 165 49 56 133 164 211
Route #8: 270 236 119 226 91 171 152 203 11 5 144 210 19 273 264 65 8 28 104 14
Route #9: 95 102 190 103 53 69 217 106 178 180 126 207 42 80 267 132
Route #10: 73 98 32 72 68 54 277 200 228 188 224
Route #11: 160 218 93 167 239 158 40 186 222 184 137 154 195
Route #12: 253 234 256 194 214 221 96 47 94 139 259 231 143 201 230 248 155 241 74 124
Route #13: 260 136 169 205 208 254 238 123 82 219 249 134 251 115 60 146
Route #14: 149 39 31 78 265 16 244 18 41 12 196 111 159 170 227 52 151
Route #15: 22 90 242 86 10 183 142 57 4 127 153 7 161 275 48 51 20 172 199 223
Cost 121529
Time 213.601
