Route #1: 110 71 243 10 114 201 82 287 185 267 29 183 146 62 126 225
Route #2: 26 60 270 139 150 213 205 273 226 216 66 171 210 42 3 222
Route #3: 155 283 227 15 280 261 219 51 296 295 117 9 113 167 131 40 236 182 196 259
Route #4: 6 72 97 281 112 180 260 264 128 166 275 16 38 144 197 248 203 258 186 140 268 69
Route #5: 92 278 240 2 141 156 57 87 55 256 282 262 4 50 118 181 165 133 136 286 200 39
Route #6: 209 96 75 265 153 257 12 59 106 235 250 8 239 49 158 246 85 249 11 77 124 242
Route #7: 184 292 251 25 244 19 94 255 274 217 14 63 81 238 135 7 175 138
Route #8: 99 208 70 64 154 176 123 20 178 192 187 90 206 130 21
Route #9: 288 65 23 145 58 89 151 159 241 188 179 83 108 285 293 24 56 214 43
Route #10: 134 190 48 169 189 231 1 212 120 161 88 152 78 95 271 202 272 198
Route #11: 168 115 234 211 195 269 233 45 18 218 129 137 230 102 34 160 245 28 54 125 289 252
Route #12: 237 157 84 73 121 119 67 223 30 132 104 142 291 147 103 277 266 143 46 91 35 193 37
Route #13: 204 199 105 107 80 53 279 79 207 149 194 163 172 101 44 109 27 284 127 177 228
Route #14: 31 74 164 224 263 290 162 47 173 68 220 52 174 215 247 33 98 76 148 93 116
Route #15: 61 232 17 229 111 22 170 254 5 122 32 294 191 86 100 13 221 253 276 41 36
Cost 163473
Time 365.556
