Route #1: 219 134 113 20 34 230 241 242 88 217 83 229 111 100 145 200
Route #2: 76 166 249 149 128 96 156 18 240 244 245 115 143 41 120 117 90 135 12 3 232 95 105 98 29
Route #3: 168 121 129 92 148 14 104 107 108 73 186 82 146 65 74 99 7 173 97
Route #4: 179 124 69 71 55 38 79 15 237 122 44 13 125 165 189 11 62 238 231
Route #5: 206 174 4 167 188 93 70 123 75 84 68 57 94 218 64 184 24 67 159
Route #6: 198 176 170 180 185 164 136 60 154 6 169 45 203 202 201 196
Route #7: 61 126 56 110 91 172 48 49 101 8 103 150 133 220 59 204 5 216 112
Route #8: 119 106 193 16 26 109 2 118 222 85 42 236 77 247 199 28 81 138 162
Route #9: 224 52 208 207 63 30 21 239 177 243 227 226 141 223 137 102 144
Route #10: 215 250 228 51 212 211 87 171 181 155 58 234 246 158 127 22 86 9 116 233 43 40
Route #11: 214 89 78 53 66 39 19 47 114 151 130 35 32 33 27 54 213
Route #12: 210 190 25 225 192 23 147 37
Route #13: 46 1 175 142 140 178 80 50 139 132 163 195 72 235 187 152 131 205
Route #14: 209 191 197 36 194 183 182 17 160 157 10 31 221 248 153 161
Cost 147526
Time 301.156
