Route #1: 14 102 132 310 228 137 154 160 316 74 308 101 121 219 174 220 271 318 149 18 317 91
Route #2: 127 128 17 109 81 58 104 106 26 239 89 129 103 62 69 130 155 40 235 210 259
Route #3: 84 188 291 48 184 167 261 66 203 68 120 105 257 141 254 125 100 53 49 15 5 315 54
Route #4: 183 98 221 264 233 241 321 283 232 77 2 70 224 238
Route #5: 8 162 186 289 311 214 234 181 82 65 285 296 295 207 61 35 286 12 320
Route #6: 11 138 279 312 313 32 9 21 22 304 282 13 284 192 38 37 44 273 274 277 290 222 251 73 41
Route #7: 47 158 299 301 293 287 19 20 118 119 7 29 30 36 322 55 57 306 28 33 59 267
Route #8: 256 250 265 263 258 272 270 45 275 300 88 212 85 227 206 209 196 190 93 163 110 216 294
Route #9: 43 80 95 1 107 189 213 230 243 123 292 298 117 280 281 148 134 147 139 145 159 297 140 24 323 87
Route #10: 249 211 198 182 146 126 112 240 246 113 225 268 236 305 245 255 262 276 194 179 172 200 144 16 226
Route #11: 135 161 178 218 23 319 52 56 99 108 96 111 133 75 116 51 3 60 42 195
Route #12: 64 31 63 67 177 152 34 50 114 86 288 124 164 46 176 173 25 170 252
Route #13: 260 79 153 157 6 71 309 302 237 193 122 10 94 78 165 278 72 187 4 90 76 115
Route #14: 175 143 180 242 247 248 229 201 185 151 253 217 191 205 27 39 171 131 169 202 204 199 223
Route #15: 136 208 231 166 244 307 156 97 142 92 83 150 314 303 215 266 197 168 269
Cost 167522
Time 527.208
