Route #1: 161 139 52 182 206 157 224 31 214 188 106 8 56 64 25
Route #2: 105 75 30 132 28 20 65 39 190 102 220 133 54 151 90 144 10 202 185
Route #3: 159 1 174 140 26 7 172 87 79 207 126 99 127 37 45 146 138 129 135 123
Route #4: 176 5 170 173 29 80 22 108 6 51 212 33 179 156 171 114 223
Route #5: 149 201 203 71 24 9 131 91 183 197 163 62 136 186
Route #6: 93 109 96 158 58 4 21 164 66 128 57 142 209 82 86 32 59 226
Route #7: 227 204 213 42 150 147 193 78 13 94 36 97 69 148 181 208 178 89 60
Route #8: 11 222 211 200 198 177 194 215 47 217 72 111 115 92 119 73
Route #9: 210 43 68 225 189 120 18 53 85 34 219 16 143 154 196 19
Route #10: 61 124 112 41 180 175 27 95 121 168 169 187 84 152 221 100 153 48 122 14
Route #11: 118 167 166 40 216 98 15
Route #12: 35 191 103 199 155 74 88 125 192 83 77 23 67 184 205 76 104 134
Route #13: 165 44 137 145 3 141 2 55 12 110 49 101 160 107 113 116
Route #14: 81 117 162 70 50 46 38 130 63 17 218 195
Cost 161154
Time 94.4984
