Route #1: 293 486 97 106 68 370 56 441 15 308 416 174 332 478 320 457 166 387 285 472
Route #2: 125 422 43 336 47 240 516 471 54 495 177 163 364 8 139 173 518 102 127 124 514 523 110
Route #3: 470 135 14 178 169 481 299 140 70 239 210 109 113 397 148 126 181
Route #4: 108 59 409 408 11 455 69 9
Route #5: 449 376 82 241 291 267 371 434 525 494 328 329 260 6 101 415 508 493 315 275 228
Route #6: 128 474 399 374 167 91 274 283 237 238 337 373 295 289 284 350 248 244 358 259 482 509
Route #7: 466 25 483 507 510 393 487 485 497 201 233 207 469 313 520 529
Route #8: 473 377 464 294 290 272 306 305 342 401 378 18 398 23 413 517 384 380 503 480
Route #9: 499 383 359 52 365 414 402 391 75 280 66 58 45 17 531 10 34 326 41 345 42 310
Route #10: 395 439 437 440 277 270 339 475 453
Route #11: 225 532 406 51 196 22 143 292 296 519 521 512 504 282 29 448 447 430 179
Route #12: 335 311 460 484 133 144 442 477 500 511 222 524 528 190 19 223 445 39 446 363
Route #13: 7 341 340 60 232 501 394 243 67 435 424 37 214 491 208 451 298 334 381 379 385
Route #14: 202 80 26 253 183 322 189 321 129 137 94 104 369 276 73 421 420 418 419 21 62
Route #15: 211 273 35 429 458 203 99 83 255 191 33 405 490 403 205 417 388 354 122 136 121
Route #16: 307 151 146 226 213 349 197 159 170 142 423 366 111 107 344 346 168 396 28 522 502 461
Route #17: 297 149 216 206 463 155 352 355 5 382 433 218 63 71 468 3 157 16 44 407 220
Route #18: 84 160 161 200 156 20 465 303 72 286 165 515 79 116 367 343 48 301 254 194 119 2
Route #19: 65 410 24 319 467 217 221 198 312 150 265 246 256 257 27 40 309 426 250 12 235 247 32 324
Route #20: 258 53 245 103 131 251 249 30 1 219 215 269 431 411 86 330 171 57 360 325 147 327 114 61 172 162 175 262
Route #21: 123 443 4 353 425 145 98 120 404 50 76 81 74 96 338 134 513 356 182 87
Route #22: 158 236 38 234 212 375 505 492 489 488 278 438 176 117 93 64 498 261 85 184 180 138 204
Route #23: 268 479 314 199 362 318 78 36 361 55 153 192 506 317 526 527 287 300 209 390
Route #24: 112 152 279 288 302 266 281 348 347 89 141 187 188 193 333 331 316 450 386 400 105 95 428
Route #25: 92 476 496 530 357 224 252 115 130 118 427 185 100 230 227 164 351 456
Route #26: 77 372 195 186 432 263 412 389 392 13 304 242 46 271 31
Route #27: 444 452 323 154 132 229 231 368 459 462 88 49 436 454 90 264
Cost 265870
Time 366.444
