Route #1: 213 209 199 216 230 241 118 99 133 142 172 171 174 5 205 257 269 234 3 22 21 6 270 242
Route #2: 243 7 244 12 251 253 252 233 225 222 219 193 189 190 176 163 162 197 214 218 220 240
Route #3: 232 236 8 259 11 256 20 10 9 19 267 203 100 245 60 207 202 195 16 15 92 223 180
Route #4: 58 63 24 148 194 191 67 38 51 70 68 83 102 117 178 201 248
Route #5: 268 126 86 87 57 28 17 263 217 265 56 46 27 127 125
Route #6: 35 258 42 43 48 66 79 101 113 135 115 94 88 73 75 55 26 139 122 81 261 2
Route #7: 181 149 192 224 14 1 44 247 32 13 62 61 170 65 266 45 49 36 34 33 231
Route #8: 246 53 198 264 154 151 104 29 103 41 4 262 23 54 229 64 186 196 166 164 227 228 208 50
Route #9: 98 96 91 78 80 90 107 106 112 109 134 141 140 146 138 82 77 74 85 40 30
Route #10: 124 111 110 69 156 145 155 175 204 95 93 18 206 84 97 173 105 143 114 123 71 25
Route #11: 72 76 120 116 169 152 129 128 159 168 183 167 177 161 131 165 150 136 158 59
Route #12: 52 47 39 37 210 221 237 31 250 255 119 226 153 239 185 211 215 260
Route #13: 212 147 157 238 89 249 254 132 144 235 130 160 187 188 137 182 184 121 179 108 200
Cost 98675
Time 542.337
