Route #1: 174 247 275 321 300 310 266 249 14 156 155 183 198 184 162 205 235 338 342 378 341 348
Route #2: 471 476 71 76 319 75 141 158 121 142 124 1 110 147 11 87 18 259 73 74 276 278 285 283
Route #3: 95 455 456 459 206 251 267 190 295 330 167 298 293 151 317 359 139 388 414 101 407 273 28
Route #4: 171 68 72 466 421 424 169 225 216 447 475 477 200 173 489 450 457 197 195 117 122 438
Route #5: 458 483 480 479 468 434 503 506 17 15 16 430 505 507 22 379 504 395 396 463 402 423 418 432
Route #6: 252 365 394 405 428 107 98 91 69 63 467 465 38 448 446 431 437 439 429 383
Route #7: 236 493 19 97 498 93 77 114 128 54 134 39 494 487 92 78 33 48 470 32 419 412 410
Route #8: 149 363 381 442 401 403 393 420 187 49 29 194 104 391 260 168 70 389 108 133
Route #9: 25 406 404 364 220 413 132 119 58 125 433 384 131 372
Route #10: 2 144 472 452 254 209 35 150 294 460 416 154 56 339 382 20 82 88 12 9 23 268 308 411
Route #11: 500 334 368 373 130 399 34 213 182 323 118 318 322 229 497 13 36 161
Route #12: 175 454 50 274 127 81 148 86 46 31 257 328 375 228 163 326 223 10 165 496 204 100 253
Route #13: 203 353 66 59 153 422 231 263 90 212 115 57 55 136 126 233 199 230 219
Route #14: 427 360 189 440 185 47 43 186 425 201 170 250 207 234 217 218 232 85 102 222 172 481 113 21
Route #15: 62 361 474 415 408 138 106 441 135 51 176 478 196 370 210 444 488 309 313 337 284 221 181 27 461
Route #16: 347 314 103 178 65 469 443 64 140 473 279 8 270 316 244 37 286 30 374 180 376 392 380 352 226
Route #17: 502 484 344 7 297 214 356 111 302 451 303 112 366 499 485 109 371 255 336 331 482 188 215 145 390 495 166
Route #18: 40 490 345 53 453 445 486 240 238 264 123 179 464 5 325 501 246 290 288 277
Route #19: 282 398 369 377 409 271 387 367 292 84 289 301 462 400 299 41 280 296 258
Route #20: 417 304 335 83 224 327 491 241 89 346 80 320 79 60 311 354 324 343 307 44 99 4 355 492 52 436 306
Route #21: 350 193 269 159 42 129 426 357 305 157 239 202 449 281 26 351 291 146 3 262 349 192
Route #22: 105 164 152 177 143 24 332 362 315 243 358 245 242 265 227 67 208 160 94 137
Route #23: 435 385 386 45 6 116 96 61 272 287 191 237 397 340 211 120 256 261 248 312 329 333
Cost 234599
Time 410.733
