Route #1: 101 237 114 166 44 197 179 198 135 146 67 32
Route #2: 86 210 84 16 102 215 234
Route #3: 91 60 14 98 15 220 150 139 203 222 181 136 261 260 256
Route #4: 126 21 133 50 156 208 207 250 43 172 176 259 83 38 19 73 163 168 258 247
Route #5: 229 69 30 182 211 244 47 141 61
Route #6: 223 81 262 218 206 255 231 26 253 180 155 225 224 161 212 87 129 35 195 265 52
Route #7: 216 111 137 238 5 257 49 39 185 123 93 157 1 109 202 99 134 31
Route #8: 209 214 196 118 148 68 71 115 10 97 96 204 78 122 125 191 190 187 153
Route #9: 17 160 164 132 40 239 113 112 145 74 128 25
Route #10: 6 34 241 23 143 246 41 227 80 121 193 213 104 264 90 20 13 217 159
Route #11: 173 92 120 2 165 82 29 103 251 249 188 228 178 130 221 170 201 22 56 63 70
Route #12: 53 105 54 177 64 110 142 175 12 240 7 194 226 230 48 27 18
Route #13: 266 76 245 58 124 199 131 162 254 79 89 3 171 4 37 138 183 184
Route #14: 33 149 72 94 242 263 107 158 117 151 127 106 119 189 11 65 252 233 236
Route #15: 167 45 46 116 169 51 8 219 154 100 108 200 24 62 248 144 205 75 186 59 88 192
Route #16: 95 147 152 235 85 57 66 174 232 28 267 55 42 9 77 243 36 140
Cost 188431
Time 175.065
