Route #1: 259 17 5 278 271 26 23 239 88 217 221 28 20 30 22 276 38 146 256
Route #2: 254 233 219 197 210 227 238 230 267 274 283 284 275 277 273 246
Route #3: 231 195 198 7 27 204 215 214 25 13 12 15 16 14 11 9 285 206 241
Route #4: 128 126 131 135 203 211 35 265 155 175 186 264 207 212 272 232 255 258 281
Route #5: 10 263 260 257 250 237 180 172 208 205 166 170 168 174 200 158 153 143 133 140
Route #6: 167 181 147 163 149 173 169 188 182 171 177 120 183 185 234 225 244
Route #7: 184 252 176 235 248 142 136 134 245 106 154 98 253 251 178 249 192
Route #8: 87 150 159 164 148 151 141 130 132 127 95 70 107 119 47 118 123 125 39 89
Route #9: 51 65 68 115 266 124 73 189 222 247 236 46 54 61 270 41 52 102 101 71 42 261
Route #10: 81 79 80 91 94 109 110 113 108 93 103 100 92 78 72 75 64 69 62 1 44
Route #11: 40 55 157 56 53 268 48 213 187 199 179 269 114 19 262 280
Route #12: 216 218 59 43 224 137 3 8 63 160 161 162 138 34 279 228 243 145 4 156 31 191 104 209 99
Route #13: 33 50 242 45 194 66 18 57 60 36 74 76 85 84
Route #14: 105 165 190 220 201 116 117 121 282 29 24 58 112 139 196 240 21 152 77 129
Route #15: 82 83 96 97 86 144 122 111 90 32 223 49 202 226 193 229 6 37 67 2
Cost 107175
Time 781.484
