Route #1: 31 107 41 285 89 297 77 248 226 152 141 239 185
Route #2: 4 300 2 84 203 198 162 122 169 202 281 117 294 246 138 27
Route #3: 30 276 174 20 44 193 86 177 262 128 49 35 142
Route #4: 76 13 18 296 120 173 55 108 66 280 243 311 183 322
Route #5: 214 14 290 291 258 52 114 57 75 220 310 65 23 131 153 231 54
Route #6: 278 275 34 36 7 317 181 303 29 172 260 103 140 272 190 39 22 148 176 279 28
Route #7: 158 255 213 37 5 329 70 165 230 58 267 305 208 67 244 212 126 129 64 160 304 112
Route #8: 16 201 115 81 191 268 256 15 194 104 218 133 234 309 223 257 259 318 293 242 229 157 328 33
Route #9: 327 144 80 274 87 3 301 324 47 163 99 72
Route #10: 127 271 222 79 307 319 235 189 170 264 209 325 45 167 46 216 146 74 182
Route #11: 6 32 232 106 314 206 252 51 25 233 48 53 111 71 151 197 97 313 168 205 90 217
Route #12: 100 24 121 282 219 63 110 19 221 92 178 288 150 164
Route #13: 249 136 245 277 94 188 284 96 109 17 251 312 61 125 116 105 134 130 135 1
Route #14: 187 316 298 59 154 85 321 42 139 269 155 10 166 207 60 240 315 69
Route #15: 263 119 227 95 11 254 180 295 62 186 265 326 228 236
Route #16: 299 68 40 159 21 210 266 145 149 9 98 179 199 200 241 175 137 302
Route #17: 12 192 224 123 161 283 225 289 38 88 286 50 26 323
Route #18: 82 93 237 43 270 83 147 132 184 143 101 171 91 306 287 118 113
Route #19: 308 8 247 261 253 292 238 273 320 250 56 156 73 78 196 124 204 211 215 195 102
Cost 227263
Time 247.185
