Route #1: 8 295 219 140 113 277 11 273 123 90 228 241 233 88 37
Route #2: 42 208 49 220 156 237 135 205 40 134 100 71 215 19 148 117 60 20 163 170 323
Route #3: 47 185 175 141 209 186 78 109 106 126 116 99 132 150 139 114 48 94 70 92 67 149 227 299 213 146 168
Route #4: 13 93 68 66 81 308 309 138 91 320 319 64 39 200 322 69 72 62 282 97 230 189 262
Route #5: 246 182 152 224 202 194 255 164 306 17 294 5 245 300 176 161 217 211 165 105 65 83
Route #6: 127 171 179 317 260 259 234 193 190 184 159 296 238 129 232 101
Route #7: 290 180 212 118 169 307 197 181 12 145 155 158 183 147 174 80 151 166 136 130 160 218
Route #8: 43 51 244 73 108 316 75 266 18 195 267 2 314 225 268 313 293 288 289 74 46
Route #9: 178 31 38 28 36 187 85 89 207 216 96 95 298 29 57 312 26 198 157 142 24 153 256
Route #10: 325 53 41 54 55 45 59 1 86 76 87 98 154 191 192 206 223 271 258 253 254 56 34 33 30
Route #11: 214 196 177 172 167 143 162 231 249 199 221 10 324 25 239 236 310 301 111 133 115 173 204 203 210 222
Route #12: 229 304 242 270 327 326 7 269 9 286 23 276 251 280 291 112 131 125 247 243 318
Route #13: 257 235 226 124 119 120 128 144 137 275 284 297 107 104 103 122 110 4 14 84 102 121 22 32 305 35 281 252
Route #14: 82 79 283 261 311 263 16 303 3 315 279 264 77 250 248 240 265
Route #15: 302 321 15 27 50 52 6 274 188 61 44 58 21 287 292 285 272 278 63 201
Cost 165353
Time 893.189
