Route #1: 320 315 311 317 20 13 342 350 25 12 39 15 1 304 331 352
Route #2: 355 260 3 106 117 82 278 27 209 22 289 178 133 340 344 24 334 321
Route #3: 8 286 318 337 285 264 266 231 237 254 279 271 305 247 263 270
Route #4: 288 291 292 322 235 226 201 346 229 7 6 262 272 252 347 349 325 284
Route #5: 282 351 269 353 158 152 141 19 177 14 261 274 265 256 5 18 10 11 246 240
Route #6: 295 281 280 332 259 338 336 244 316 307 131 132 301 300 293 171 96 335 343 354
Route #7: 55 142 206 258 236 242 217 251 215 213 176 299 195 309 207 184 313 221 314
Route #8: 84 79 105 154 166 193 155 232 248 245 241 243 218 216 255 250 203 214 253 225 228
Route #9: 146 94 170 159 120 124 187 202 188 211 196 224 220 230 179 186 189 183 100
Route #10: 164 330 111 153 341 287 150 144 148 294 147 73 319 308 277 173 257 222 41 298 126 296
Route #11: 38 58 110 75 95 81 78 77 62 204 210 208 162 160 167 165 129 136 127 119 118 121 290
Route #12: 192 93 310 138 37 64 198 52 161 157 48 59 83 143 128 112 113 123 9
Route #13: 273 312 26 327 21 67 32 43 30 17 85 72
Route #14: 28 33 51 44 56 76 35 68 45 63 65 66 74 88 53 23 61 302 40
Route #15: 49 297 182 104 149 101 163 174 134 238 16 145 249 275 69 54 116 97 70 42 92 89
Route #16: 71 276 125 50 29 200 219 4 199 172 135 122 115 47 303 267 2 323 324 86 57 205
Route #17: 109 333 345 169 339 190 46 87 60 114 90 107 306 283 99 180 233 326 185 137 98 36
Route #18: 34 175 194 197 31 80 348 223 239 212 328 329 268 181 102 227 191 234 91
Route #19: 168 103 151 139 156 140 130 108
Cost 145005
Time 559.928
