Route #1: 168 433 69 243 43 479 448 261 196 230 318 409 123 516 359 506 70
Route #2: 286 462 46 451 6 83 436 534 249 413 39 457 303 422 84 94 25 149 402 59
Route #3: 75 333 504 257 182 125 8 399 107 102 28 527 452 268 36 104 141 426 50 555 62 468 497 370
Route #4: 351 441 218 371 195 510 281 153 454 379 529 29 464 389 533 523 295 282 508 444 396 412 438 250 33 80
Route #5: 161 390 528 342 14 167 96 97 186 482 35 32 165 128 388 325 10 391 480 484 248 477 458 327
Route #6: 364 93 377 459 395 306 209 341 549 17 476 472 293 52 190 242 126 56 72 21
Route #7: 532 142 301 264 202 184 174 66 421 224 134 470 272 223
Route #8: 91 287 446 7 157 445 203 57 1 374 431 172 276 30 74 192 244 67 178 147 526 353 156 387 308
Route #9: 552 461 116 415 95 241 189 188 442 217 117 410 339 507 539 11 500 430 466 206 471
Route #10: 365 22 176 216 352 488 375 376 393 53 260 221 16 356 181 284 265 401 419 407 372 145
Route #11: 175 152 210 49 73 199 311 3 408 267 71 557 100 302 177 187 200 179 323 18
Route #12: 246 385 108 68 79 63 109 321 337 309
Route #13: 89 556 434 392 317 514 183 13 137 40 41 47 193 78 258 550 545 305 328 146 320 449
Route #14: 148 120 275 515 143 111 23 541 538 61 269 197 363 505 37 469
Route #15: 60 81 522 384 547 358 551 406 511 283 495 520 456 501 130 394 115 212 397 400 378 122 251
Route #16: 429 503 417 558 548 101 169 274 348 132 380 492 360 27 288 159 121 154 340 198 543 24 439 554 336
Route #17: 256 369 222 138 512 386 381 291 162 160 124 518 15 113 349 234 329 316 465 428 463 194 227 252 346
Route #18: 279 347 483 330 205 334 263 297 26 424 140 366 300 180 45
Route #19: 171 155 98 416 453 373 519 544 64 294 166 450 467 76 245 478 232 19 207 77 345 313 164 235
Route #20: 432 486 229 163 338 253 191 151 5 314 435 517 240 307 106 112 90 404 535 87 99
Route #21: 530 255 225 129 326 44 455 231 85 173 2 170 357 344 322 304 65 361 237 335
Route #22: 51 502 185 119 236 460 540 150 82 319 86 443 133 55 219 233 215 420 521 367 485
Route #23: 247 398 491 531 273 414 103 383 213 277 58 546 331 513 498 368 204 427 214 536
Route #24: 299 239 278 382 262 487 474 136 208 405 139 144 48 201 525 481 238 271 411 211 499 135 494 54
Route #25: 403 343 270 259 553 292 42 542 312 350 324 228 418 440 220 88 114 425 315
Route #26: 31 354 496 92 127 9 490 38 355 226 332 362 489 447 266 110 12 158 289
Route #27: 296 131 524 118 509 473 285 20 310 537 254 34 4 437 493 105 423 290 298 280 475
Cost 293463
Time 462.369
