Route #1: 19 65 80 460 214 472 477 245 288 382 471 405 37 423 278 5 449 177 448 221 107 136 50
Route #2: 154 242 170 163 211 248 198 217 162 128 46 251 250 259 315 310 193 233 188 145 138 8
Route #3: 116 82 256 57 102 34 291 238 22 27 91 131 101 69 111 257 389 258 191 323 168 215
Route #4: 7 247 218 280 348 374 62 117 152 166 210 158 207 223 209 178 206 204 190 194 249 175
Route #5: 340 373 359 130 341 332 306 297 345 393 42 390 197 331 230 95 246 261 295 343 134
Route #6: 79 227 299 269 54 77 12 14 23 270 328 305 157 120 74 47 268 450 15 4 3
Route #7: 466 442 475 21 155 143 56 304 243 200 192 156 129 73 135 11 119 453 105 430 25
Route #8: 292 132 121 271 127 51 219 322 282 239 415 164 302 254 420 262 26 30 64 161 179 201
Route #9: 52 58 72 76 83 126 137 13 148 59 90 61 98 97 99 96 93 437 467 213 60 122 53 33
Route #10: 263 414 106 88 252 237 462 43 110 402 350 344 376 380 335 333 401 445 458 470 352
Route #11: 133 45 427 118 468 313 318 342 363 354 351 416 396 391 385 397 400 399 413 421 425 426 381 360 176
Route #12: 17 398 312 428 48 432 41 32 439 36 20 438 31 463 436 435 451 419 409 365 362 353 433
Route #13: 464 473 369 476 10 474 478 372 386 18 388 63 404 75 431 429 441 444 443 29 49 66 71 422 86 89
Route #14: 387 169 459 202 231 403 412 447 446 457 196 461 465 172 171 146 144 125 24 9 35 39 38 40 28 355
Route #15: 347 357 349 378 377 361 406 364 366 434 440 330 371 301 324 319 307 266 336 260 329 321 316
Route #16: 358 356 383 424 411 417 418 395 407 379 469 375 16 384 392 199 68 267 55 87 92 100 103 81
Route #17: 1 94 367 368 394 408 153 181 195 205 220 236 225 222 346 232 339 228 326
Route #18: 370 123 147 281 186 293 308 229 320 216 44 224 314 317 244 235 410 456 226 452 454 455 327 141
Route #19: 311 300 276 274 290 289 338 84 149 334 165 284 286 150 185 113 108 85 279 67 298 309
Route #20: 159 272 78 255 109 104 6 115 124 208 142 139 2 112 114 140 212 253 285 287 173 174 160
Route #21: 296 294 337 277 273 240 151 265 70 182 241 234 187 325 189 183 203 283 167 184 264 180 275 303
Cost 200671
Time 689.569
