Route #1: 269 273 274 279 223 123 127 176 232 226 231
Route #2: 194 69 252 169 112 314 70 33 240 239 64 234 307 198 264 309 268 4 283 224
Route #3: 158 193 192 261 135 107 108 67 237 244 302 277 180 181 173 139
Route #4: 282 9 19 121 178 105 170 202 119 163 162 53 259 289 290 271 56 311 306 189 183 280 312 295
Route #5: 211 228 159 101 292 304 72 124 25 100 23 44 227 294 296 291 117 131 125
Route #6: 45 245 106 297 14 185 204 171 161 256 150 146 22 34 54 300 94 254 215 5 129 61 18 195
Route #7: 154 55 222 206 210 87 1 199 201 233 236 62 196 316 281 83 136 82 167 128 92 90 81
Route #8: 130 174 219 230 79 16 241 113 310 73 74 77 299 48 188 151 152 148 284 116 126 98
Route #9: 246 134 75 42 46 7 114 102 153 2 225 109 160 8 257 86 24 52 97
Route #10: 27 35 78 186 164 157 209 208 182 137 132 144 85 89 238 141 142 235 140 93 68 242 270 80 221 47
Route #11: 187 147 285 95 110 220 133 111 66 184 40 30 217 26 255 247 253 248 76 120 84
Route #12: 3 293 10 71 88 29 50 49 96 6 262 43 177 138 172 20 276 303 175 305 17 63 122
Route #13: 214 91 298 155 308 156 190 197 13 200 191 212
Route #14: 12 251 286 260 203 229 149 99 166 115 216 258 145 65 11 315 313 266 250 249 218 287 263
Route #15: 267 272 165 278 38 37 36 103 31 32 104 28 288 243 118 207 205 301 213 41 275
Route #16: 179 51 58 59 21 39 57 265 15 168 143 60
Cost 164005
Time 509.76
