Route #1: 4 198 255 297 168 137 136 125 133 159 202 206 182 79 78 111 101 103 104 256 105 278 166
Route #2: 162 47 50 181 179 67 184 165 65 59 63 130 163 53 1 88 57 97 102 84 77 262 219
Route #3: 109 279 304 301 257 142 139 222 123 214 112 108 110 113 132 293 127 138 250 207 178 129
Route #4: 64 87 117 106 92 194 197 208 91 68 54 52 264 39 34 280 288 27 25 122 241 229
Route #5: 100 251 277 224 236 223 225 231 203 218 173 176 177 192 164 154 155 150 151 149 201 175 172
Route #6: 227 213 230 234 235 237 242 244 245 7 12 15 22 267 35 33 284 43
Route #7: 216 233 9 24 8 283 273 253 249 239 263 243 275 274 268 258 254 265 240 220 196 6
Route #8: 21 44 285 69 96 99 26 75 42 61 302 282 299 295 298 287 296 276 270 232 228 209
Route #9: 86 272 49 281 131 36 215 169 205 271 121 195 3 80 261 153 118 135 260 160 81 13
Route #10: 171 19 107 66 76 60 290 246 266 247 183 189 204 212 18 5 95 48 41 116 16
Route #11: 93 55 114 115 98 120 38 286 10 90 303 199 17 45 221 238 14 217 248 126 174
Route #12: 167 156 46 252 289 292 72 161 56 70 170 74 82 124 40 30 226 158 211 180 188 210
Route #13: 147 193 31 37 186 187 94 134 58 300 89 51 32 185 191 190 145 146 157 291
Route #14: 148 73 2 140 269 11 294 20 119 62 143 144 23 71 200 28 141 128 29 152 259 85 83 305
Cost 142411
Time 373.974
