Route #1: 321 287 196 23 388 381 409 378 408 109 165 435 186 130 89 149 164 270
Route #2: 312 364 264 25 198 52 24 6 346 119 313
Route #3: 184 197 211 226 333 325 32 78 338 352 229 77 359 438 443 428 423 354
Route #4: 310 261 291 292 327 278 231 228 253 259 422 66 65 104 262 400 207 132 127 12
Route #5: 126 230 425 447 55 290 114 445 134 449 185 433 396 399 173 194 135 430 319 205 342 98 151
Route #6: 68 330 156 195 436 45 48 49 168 246 283 266 284 100 373 243 193 188 33 63 81
Route #7: 414 236 108 103 30 407 9 58 34 41 44 348 118 182 222 172 117 82 57 169 206
Route #8: 265 67 155 105 79 419 340 311 362 152 341 21 204 50 125 380 431 223 59 62
Route #9: 304 22 377 88 94 120 26 303 320 437 14 36 4 225 28 298 328 358 257 144 203 10 29
Route #10: 343 326 317 232 220 178 162 167 40 382 307 219 372 367 370 199 345 347
Route #11: 227 92 235 288 148 39 336 138 351 375 139 91 166 2 160 324 189 175 216 301 275 215
Route #12: 281 363 238 241 322 295 263 258 260 37 80 440 420 439 170 441 27 143 293 450 234
Route #13: 158 5 201 123 142 141 140 277 306 402 147 350 404 200 250 56 302
Route #14: 209 86 365 150 405 163 153 154 115 146 137 122 159 124
Route #15: 208 446 444 308 296 20 61 3 249 177 111 314 38 1 237
Route #16: 357 397 394 395 393 353 74 53 268 286 11 410 434 240 274 279 267 285 392
Route #17: 221 337 269 254 171 212 210 282 299 297 245 280 84 418 415 390 389
Route #18: 112 97 316 93 379 87 161 329 129 387 356 384 334 424 376 239 60 83 95
Route #19: 133 411 401 360 7 43 31 335 251 71 73 180 69 252 72 75 113 8 371
Route #20: 110 300 101 187 368 35 218 448 355 349 233 145 202 191 131 374 190 128 102
Route #21: 344 369 107 214 17 442 318 47 192 242 416 406 217 85 272 248 244 276 181 96 256
Route #22: 136 157 361 417 309 332 76 247 366 331 46 99 421 176 179 426 183
Route #23: 224 255 294 19 174 42 323 15 429 64 432 427 13 403 398 305 315 273 289 412
Route #24: 413 385 271 213 70 54 18 51 383 116 106 90 339 16 121 386 391
Cost 229864
Time 529.142
