Route #1: 164 55 327 237 191 267 223 317 333 114 325 26 205 35 312 307 221 342 111 44 243
Route #2: 36 261 133 309 84 213 67 302 175 282 278 152 207 179 178 122 181 248 82 156
Route #3: 96 47 126 117 7 1 315 345 299 119 98 105 39 176 78 212 144
Route #4: 346 331 143 228 48 217 193 76 57 290 348 305 255 266 162 230 195 310 311 339 163 4 53 287 270
Route #5: 284 149 140 64 190 283 264 127 347 332 34 274 173 134 288 330 135 102 180 153 304 192 251 88
Route #6: 158 121 115 165 65 268 90 160 71 214 42 113 68 226 334 336
Route #7: 254 125 120 62 95 239 265 77 306 136 128 131 94 91 320 235 38 155 291 252 211 28 6 234
Route #8: 177 227 294 89 298 87 260 54 233 308 316 350 236 130 253 159 46 341 224 56 41 79 8
Route #9: 183 19 199 73 40 256 50 58 262 292 32 24 194 216 326 343 5 13 276 116 60 198
Route #10: 244 37 93 81 31 285 314 138 225 321 61 218 129 108 171 11 206 296 247 209 170 174
Route #11: 322 196 151 146 344 123 150 169 168 188 297 275 319 45 208 279 9 182 328
Route #12: 157 167 189 29 203 27 52 201 204 187 186 21 103 106 80 197 249 263 240 200 148 101
Route #13: 30 269 241 49 210 242 349 231 118 100 83 289 318 70 97 142 110 109
Route #14: 277 222 12 23 132 257 238 293 72 139 43 104 172 184 258 124 185 166 59 280
Route #15: 92 340 303 69 154 51 17 245 161 63 313 273 215 15 141 335 85 14 66
Route #16: 229 2 137 33 99 22 323 75 329 337 202 16 301 220 286 86 147 271
Route #17: 18 232 324 259 281 246 74 295 219 112 10 107 250 3 338 272 20 145 300 25
Cost 144804
Time 451.763
