Route #1: 156 71 215 182 3 247 453 310 166 211 333 455 2 111 397 294 380 334 359 66 236
Route #2: 313 384 174 293 61 18 343 301 93 376 138 443 32 392
Route #3: 47 157 296 447 8 450 155 425 412 178 184 442 249 355 420 403 12 254 191 185 273 108 34 196
Route #4: 97 122 315 287 223 449 240 154 123 231 205 192 91 159 242 146 118 1 260 81 11 100 116 204
Route #5: 125 428 266 179 45 115 127 131 6 364 134 220 324 4 189 7 349 289 186 197 13 327 344 213 375 363
Route #6: 387 374 433 311 35 72 393 142 434 200 337 413 408 360 284 88 314 407 251 153 427 160 278 279
Route #7: 357 383 30 245 456 342 378 435 44 253 124 21 5 267 262 64 292 369 181 421 356 417 36 42
Route #8: 330 9 99 49 401 224 441 323 277 218 244 390 22 348 137 69 141 147 268 168
Route #9: 20 225 195 68 151 103 322 283 129 346 436 317
Route #10: 78 329 350 203 446 202 89 126 172 235 431 399 432 51 452 389 373 396 438 448 440 46
Route #11: 451 319 92 65 398 23 365 135 303 445 113 367 109 304 388 424 409 241 87 263 229 358 208
Route #12: 219 161 152 217 38 102 237 74 271 149 86 199 238 422 95 80 338 106 416 77 169 105 366 250 222 58 328
Route #13: 70 368 395 101 183 201 415 227 309 269 256 414 94 98 298 63 439 410 299 133 308 221 75 173 255 259 29
Route #14: 162 331 302 429 233 385 312 180 83 404 27 406 190 418 318 386 187 457 226 321 117 60 354 353 423
Route #15: 362 96 430 426 90 230 188 56 145 295 419 10 246 144 50 26 382 57 33 82 132 39 402 454 41 31 379 140
Route #16: 28 176 112 165 261 257 372 411 341 335 59 130 143 243 54 248 136 340 232 264 332 361 53 286
Route #17: 67 275 170 175 258 14 280 281 128 37 119 300 228 234 207 104 316 216 73 370 405
Route #18: 351 114 15 16 85 377 272 171 391 139 325 339 274 79 55 52 212 352 198 347 381 76 148 297 194 444
Route #19: 19 25 110 282 121 291 394 193 400 43 48 84 120 210 239 24 17 320 288
Route #20: 371 62 206 270 336 437 305 158 107 345 306 214 150 307 265 276 177 164 163 167 326 285 252 209 290 40
Cost 222767
Time 635.254
