Route #1: 213 132 153 169 194 83 203 39 82 196 182 181 5 174 168 65 133 96 98 52
Route #2: 8 7 47 33 55 100 121 43 84 204 29 177 115 80 127 183 126 76 162 179 134 165
Route #3: 189 188 102 87 81 44 25 22 201 137 28 59 41 206 207 197 110 46 104 208 105 101
Route #4: 79 75 63 15 45 94 54 53 50 161 136 11 175 17 18 62 6 166 78 56 191 192 184 195
Route #5: 180 131 42 72 112 214 68 31 37 38 71 91 114 34 176 171 173 49 74 86 19 85
Route #6: 90 57 99 95 10 51 140 172 36 135 24 212 27 77 120 119 116 198 209 202 129 2
Route #7: 210 144 149 154 21 157 146 12 123 88 205 167 155 138 159 158 145 125 139 164 152 93 23
Route #8: 97 141 30 211 92 147 178 200 185 26 143 113 156 190 89 107 122 13 128
Route #9: 106 186 109 60 64 73 148 160 32 170 35 16 163 117 108 3 151 150 70 9 193
Route #10: 118 66 130 124 103 142 20 69 187 111 40 58 61 67 14 48 1 199 4
Cost 67876
Time 337.996
