Route #1: 133 417 141 124 422 101 325 314 260 7 149 254 312 60 201 8 418 400
Route #2: 379 345 31 107 114 137 194 227 375 387 295 142
Route #3: 23 259 105 58 43 85 73 238 128 173 13 16
Route #4: 376 347 215 352 143 75 284 190 34 258 41 209 317 191 14 179 181 77
Route #5: 53 90 370 278 289 292 349 96 410 381 268 171 386 286
Route #6: 204 341 271 15 402 103 76 28 175 69 174 426 395 51 63 319 290
Route #7: 11 348 256 64 116 163 222 266 154 88 298 309 307 188 217 146 208 83 308 240 356 65
Route #8: 274 33 324 200 270 408 264 389 24 398 156 251 221 148 322 234 416
Route #9: 212 326 226 39 218 122 46 81 44 346 245 233 48 280 177 195 207 412 123 405
Route #10: 403 19 305 150 93 394 362 374 118 187 339 47 414 424 186 366 25 241 404
Route #11: 160 363 296 35 159 52 205 265 168 72 213 262 269 273 415 12 30 185 38 42
Route #12: 121 74 397 287 111 211 353 246 140 94 230 135 113 338 68
Route #13: 350 225 237 131 136 147 102 263 361 406 385 382 183 407 250
Route #14: 331 70 203 320 423 202 172 126 26 61 193 343 261
Route #15: 104 162 27 411 210 56 288 86 29 393 125 369 6 224 2 1 10 165 197 232 303 276 71 332
Route #16: 282 253 49 192 391 9 132 388 329 337 323 59 302 297 189 327 178 396
Route #17: 219 419 368 95 92 310 335 157 129 306 115 255 321 267 243 106 99 383 91 248 199 40 413
Route #18: 318 176 334 235 367 32 340 390 5 299 294 57 45 36 300 138 4 110 169 50 228
Route #19: 231 229 151 304 333 315 401 313 180 62 55 342 167 196 239 358 360 301 87 153 166
Route #20: 18 380 364 372 392 82 206 293 378 198 283 285 79 336 120 275 54 22 21 98 108 420
Route #21: 144 66 249 161 97 216 354 291 78 257 316 17 399 277 421 130 20 117 377 89 409 214 351
Route #22: 365 384 242 152 67 109 223 373 84 425 155 272 252 355 357 119 37 100 170 127 359
Route #23: 184 134 244 330 182 3 279 328 164 220 145 158 311 344 112 281 371 247 236 139 80
Cost 172719
Time 644.315
