Route #1: 429 160 81 176 322 205 488 290 7 162 330 237 19 239 194 265 3 221 253 291
Route #2: 5 273 337 9 105 74 423 439 95 222 357 238 317 462 87 292 263 327 212 190 328
Route #3: 100 91 133 233 225 114 234 293 326 370 77 191 308 244 259 189 60 117 143 161 323 201 4 277 333 78
Route #4: 73 344 335 364 243 188 412 249 168 196 208 356 339 297 281 257 255 252 247 216 217 192 325 186
Route #5: 93 305 99 134 8 120 409 485 131 174 146 152 122 123 213 251 206 268 276 275 471 264 242 349
Route #6: 340 341 284 280 230 159 313 311 215 136 246 67 224 279 296 301 304 169 286 145 121 416
Route #7: 351 367 185 430 472 441 309 35 204 331 414 418 433 480 478 473 449 392 415 218 179
Route #8: 410 54 83 479 128 97 103 96 405 384 366 501 496 338 468 446 399 379 319 283 299 298 306 310 320
Route #9: 324 195 200 198 427 443 207 182 180 181 41 37 157 17 16 461 442 375
Route #10: 18 387 394 396 397 500 389 388 492 28 27 390 15 498 380 372 476 465 424 448 444 382 381 499 12
Route #11: 368 373 377 393 435 432 457 29 455 456 452 40 50 52 49 85 459 102 86 447 451
Route #12: 355 359 363 376 385 383 460 352 354 353 403 431 422 407 361 374 365 425 436 420 404 148 282 43 278
Route #13: 318 312 332 426 33 55 51 453 44 464 470 484 68 130 493 483 110 109 104 25 36
Route #14: 428 75 411 56 65 295 438 469 475 63 115 118 92 94 69 66 132 64 494 90 39
Route #15: 419 413 398 474 116 223 240 149 34 108 23 486 11 450 454 141 32 303 497 360 378
Route #16: 487 156 135 84 107 400 266 402 199 254 348 245 395 445 458 466 172 329 125 477
Route #17: 71 45 106 14 256 250 271 57 467 72 10 13 22 21 334 302 137 142 126 80 260 211 241 229
Route #18: 314 31 406 258 386 434 346 307 70 343 294 171 269 371 408 26 119 2 184
Route #19: 147 231 58 170 177 163 197 112 316 315 203 193 111 154 30 127 46 321 440
Route #20: 261 491 350 369 262 150 155 287 82 158 183 139 153 59 495 437 267 336 165
Route #21: 61 347 417 463 362 482 202 124 144 490 345 38 24 151 166 89 401 421 140 342 288 210
Route #22: 101 270 228 481 289 62 248 79 272 175 164 113 178 138 76 167 48 1 20 53 300 42
Route #23: 274 232 226 227 236 173 88 285 214 219 209 47 6 489 220 235 187 129 358 391 98
Cost 227767
Time 866.505
