Route #1: 45 32 93 191 211 212 36 208 76 190 72 92 145 56 50 123 20 15 46 25 114
Route #2: 63 104 84 86 62 71 105 108 107 91 127 78 161 66 47 55 38 59 57 52
Route #3: 220 23 106 218 90 41 118 102 100 101 8 16 73 30 140 189 51 155 122 58 133 60
Route #4: 1 219 74 77 28 81 143 112 126 132 128 121 115 111 177 109
Route #5: 134 129 82 65 95 54 35 80 125 2 70 69 29 183 192 14 34 12
Route #6: 119 171 103 130 19 43 21 138 168 4 136 96 216 131 166 68 49 141
Route #7: 165 182 7 40 6 193 42 44 206 214 213 39 17 203 209 205 210 204 202 195
Route #8: 196 197 3 37 9 22 24 26 27 31 10 75 67 48 53 201 18 13 11 221
Route #9: 199 116 172 217 97 64 87 159 152 135 158 154 185 187 179 148 150 142 137 186 200
Route #10: 33 157 156 173 194 85 176 175 174 79 180 181 83 88 94 89 178 151 153 163 167 164
Route #11: 124 170 160 149 146 139 144 198 147 188 184 162 5 222 215 207 169 113 120 110 98 99 61 117
Cost 110779
Time 233.453
