Route #1: 345 39 4 103 238 257 61 113 264 213 304 249 59 23 374 366 154 217 350 121 174
Route #2: 172 157 20 142 276 110 368 265 302 361 151 178 80 367 320 148 77 301 223 44 186 234 195
Route #3: 159 184 359 355 31 208 319 339 38 337 273 269 71 33 231 218 270 318 245 135
Route #4: 118 107 28 30 281 73 75 211 336 72 65 303 373 139 17 248 188 185 192 334
Route #5: 167 67 205 193 29 175 266 197 140 220 14 144 283 279 258 209 316 284
Route #6: 124 274 123 308 16 111 24 112 329 202 7 21 299 267 221 292 56 96 152 91 348 85
Route #7: 351 94 349 25 222 105 346 8 63 347 372 344 1 9 325 76 95 147 369 97
Route #8: 363 156 210 324 237 35 312 127 255 364 379 277 342 181 155 187 49 333 43 86 27 338 190 183
Route #9: 310 54 5 313 19 173 322 81 340 161 133 371 214 53 250 235 358 300 242 260 328 224
Route #10: 90 69 46 126 343 365 317 122 362 150 332 62 278 42 256 60 201 282 229 309 370 275
Route #11: 88 179 200 244 381 253 241 252 212 305 294 230 380 375 102 11 83 236
Route #12: 377 356 37 13 12 239 153 15 307 141 189 352 87 169
Route #13: 251 315 58 145 331 6 196 293 295 297 191 134 106 288 171 286 137 109 261 298 263 341 272 40 84
Route #14: 138 48 177 215 160 326 47 57 132 327 162 323 22 321 232 32 18 233 206 79
Route #15: 146 117 166 45 199 164 311 246 271 268 93 51 74 280 101 125 194 243 170 228 82 114 240
Route #16: 354 254 291 68 357 289 36 34 55 50 165 219 378 314 92 247 330 285 176 3 353
Route #17: 52 10 226 306 262 108 89 158 26 128 2 182 163 287 335 225 99 119 290 216 180 64 116 129
Route #18: 104 70 296 207 149 143 41 204 120 360 78 131 98 198 168 136 130 203 259 376 100 66 115 227
Cost 216237
Time 442.907
