Route #1: 214 80 137 85 103 198 149 34 45 159 43 69 56 168 117 104 134 204 98 91 100
Route #2: 197 74 203 177 166 113 239 257 11 81 22 182 108 70 52 79 200 185 173 120 38 167
Route #3: 50 2 190 75 179 19 131 23 30 124 102 82 133 83 143 118 199 145 140 123 10 68 47 260
Route #4: 154 95 119 89 67 87 66 62 178 78 169 170 93 99 183 92 1
Route #5: 101 129 130 228 135 136 138 209 125 171 94 96 88 86 152 146 49 132 44 144 262 187
Route #6: 184 20 181 186 213 115 122 148 147 151 174 176 188 211 205 207 229 212 249 164 163
Route #7: 201 208 216 6 8 24 243 114 240 107 105 219 193 175 157 165 127 121 244 116 109 28 128
Route #8: 9 3 245 227 220 232 77 26 25 27 106 71 72 63 13 65 64 51 46 7 252 48 55 53 57
Route #9: 210 221 234 241 218 259 250 248 254 237 238 226 224 231 233 73 33 160 5
Route #10: 32 35 206 141 258 39 40 41 54 14 12 246 242 111 223 16 15 97 192 61 195 126
Route #11: 139 142 60 42 76 29 155 153 215 230 59 261 58 256 247 251 31 21 236 235 112 253 217
Route #12: 110 150 225 156 84 158 255 37 180 90 222 191 17 196 36 172 4 18 194 162 202 189 161
Cost 122912
Time 293.033
