Route #1: 136 212 203 200 198 84 88 77 93 112 83 69 70 146 124 118 102 100 123 143 163 19 17
Route #2: 6 158 154 157 133 129 128 160 145 119 167 184 135 138 226 144 134 12 194 195 193 186 183 175 179 73 161 153
Route #3: 86 196 192 209 187 236 4 74 217 215 221 40 56 57 81 20 23 90 39 41 35 22 224 21
Route #4: 58 64 25 36 98 99 24 29 16 3 228 223 216 229 232 227 211 210 206 204 190 180 191 68 189 42 181
Route #5: 15 231 225 48 49 47 34 174 45 115 182 185 91 172 142 7 14 169 132 85 72
Route #6: 53 62 164 151 44 96 31 149 150 148 156 27 51 8 11 9 166 50 234 5 220 235
Route #7: 177 1 233 197 114 108 2 61 87 147 139 170 13 32 222 60 59 207 52 171 101
Route #8: 65 202 18 152 168 218 137 10 219 38 37 205 106 80 214 131 111 140 125 126 94 105 116 71
Route #9: 201 33 176 103 213 92 122 109 66 30 199 104 110 43 208 188 78 82 76 75 165 230
Route #10: 120 121 95 28 26 89 162 130 141 107 113 117 127 178 173 97 63 46 79 54 55 67 155 159
Cost 108899
Time 624.561
