Route #1: 44 214 84 188 119 81 121 27 11 83 146 49 85 156 6 29 14 76 118 111 98 131 164
Route #2: 215 66 173 50 25 75 142 20 70 72 151 114 159 112 93 181 160 165 138 147 12
Route #3: 183 95 101 79 145 199 213 30 42 108 3 48 200 107 148 1 43 22 94
Route #4: 134 195 120 163 64 204 5 38 4 216 56 39 110 99 97 177 7 106
Route #5: 15 206 130 178 196 162 157 36 170 179 168 55 117 116 136 174
Route #6: 182 54 161 167 185 171 193 8 10 141 127 82 169 31 137 17 180 60 37 47
Route #7: 158 207 59 13 103 144 208 198 40 2 52 129 201 67 189 65 68 155 135
Route #8: 202 210 191 35 92 203 45 46 63 176 187 166 57 125
Route #9: 205 71 132 153 16 124 21 96 80 78 102 139 77 33 100 105 51 69 113 19
Route #10: 86 133 184 91 73 58 192 194 89 32 87 211 172
Route #11: 109 74 28 143 34 62 104 90 152 41 88 186 140 115 154 212 128 9 122 175
Route #12: 190 61 24 123 26 126 209 18 149 217 23 150 197 53
Cost 130697
Time 278.247
