Route #1: 160 138 140 145 113 106 112 109 73 100 101 107 111 128 118 123 158 153 223 98
Route #2: 172 147 141 89 66 85 234 60 64 186 65 130 86 91 99 55 62 56 72 88 1 76
Route #3: 131 119 120 132 124 126 45 50 59 97 61 79 78 148 151 149 170 193 202 194 198 205 105 142 135 102
Route #4: 232 3 181 152 14 24 52 214 40 195 185 168 134 47 44 144 38 4 233 129 137 159 161 150
Route #5: 32 104 103 114 110 191 108 208 96 229 16 21 28 29 77 5 227 221 84 43
Route #6: 155 146 139 127 133 13 154 167 169 187 200 204 163 178 176 165 166 179 164 212 228 122 117
Route #7: 162 197 190 180 201 199 206 196 213 211 210 215 2 188 182 173 184 183 175 192 12 189 177 174 171
Route #8: 54 41 36 92 94 30 93 224 87 80 75 63 209 22 143 20 31 39 48 34
Route #9: 83 74 15 68 25 17 19 230 216 225 219 222 220
Route #10: 42 82 125 116 115 58 207 226 69 37 10 217 218 46 51 57 231 49 70
Route #11: 33 53 71 95 121 26 11 67 81 136 157 18 9 27 6 90 203 156 35 23 7 8
Cost 114752
Time 611.732
