Route #1: 236 206 233 15 180 36 164 44 200 240 295 10 11 182 16 294 290 270
Route #2: 201 266 286 267 258 256 177 249 251 162 277 279 129 116 299 12 291
Route #3: 212 101 297 292 111 287 268 150 130 159 289 143 225 239 153 155 276 275 117 132 220
Route #4: 123 199 151 68 91 64 95 40 41 171 73 48 218 21 1 198 272 210 205 135 213
Route #5: 172 119 281 282 83 161 4 33 98 100 81 259 260 196 43 2 264 115 139
Route #6: 22 224 227 228 226 165 72 190 194 89 82 88 96 257 104 152 262 56 189 7
Route #7: 160 163 18 133 169 280 92 255 78 13 174 76 120 138 146 131 248 28 216
Route #8: 50 93 8 208 176 214 197 25 71 252 97 6 55 296 5 84 274 273 168 173 126 154 181 80 285
Route #9: 17 232 94 231 20 113 112 38 86 47 166 32 293 158
Route #10: 3 60 67 109 118 136 148 57 99 241 53 191 183 90 69 147 26 125 128
Route #11: 51 170 221 254 253 237 34 37 62 140 271 250 186 75 175
Route #12: 207 202 203 193 238 157 58 46 247 52
Route #13: 103 187 31 283 19 209 244 110 14 222 29 127 142 141 74 85 223 49 178 134 121 27 54 246 87
Route #14: 124 234 204 288 243 265 219 106 156 35 137 149 145 108 245 278 102 66
Route #15: 59 105 45 42 122 23 269 242 61 65 70 63 211 215 39 235 30 230 167
Route #16: 284 24 77 217 263 185 195 9 229 184 188 107 179 114 79 144 192 261 298
Cost 184027
Time 200.764
