Route #1: 60 70 51 130 92 22 225 93
Route #2: 106 129 226 432 11 191 140 160 98 284 16 341 307 188 181
Route #3: 420 468 423 54 294 144 3 206
Route #4: 319 159 7 278 356 440 110 337 336 398 435 201 90 99 332 86 433
Route #5: 46 101 257 113 218 442 143 87 208 171 242 412 293 157 41 180 248 42 38 259 165 455 128 463
Route #6: 30 57 69 380 280 381 224 460 308 196 222 32 45 193 121 371 292 389 348 409 186 73
Route #7: 316 252 147 464 299 454 61 291 434 320 219 28 220 67 247 55 326 155 339 15 304 448
Route #8: 94 285 272 266 437 59 71 170 65 273 2 329 246 236 431 265 469 78 126 75 84 277 48 377 373 456
Route #9: 267 306 296 261 383 392 115 305 258 256 123 366 138 287 372 134 465 342 76 338 62 109
Route #10: 43 355 350 175 142 166 111 213 173 100 466 426 35 81 167 288 151 467 234 241 36 290
Route #11: 240 116 8 104 400 21 421 376 250 40 394 459 221 425 172 207 449 311 233 27 295 80 411
Route #12: 414 333 56 418 415 102 362 66 328 312 334 458 317 419 24
Route #13: 12 176 33 327 118 228 107 402 10 424 223 262 451 63 453 387 283 429 13
Route #14: 410 430 88 23 390 154 131 177 289 146 254 255 204 53 49 301 351
Route #15: 408 302 37 203 260 235 125 401 197 192 361 190 269 447 276 200 25 391
Route #16: 114 357 137 243 50 205 457 445 368 14 18 360 428 331 388 91 436 150 239 231 340 399 148
Route #17: 141 446 403 152 286 417 325 349 39 136 103 105 9 441 89 153 413 323 251 210 120 211 438 370
Route #18: 174 274 375 315 232 169 321 5 133 214 359 227 179 444 122 282 346 183 178 127 344
Route #19: 96 244 363 367 347 74 212 281 313 322 58 358 237 443 382 253 31 345 29 439 279 330
Route #20: 44 117 229 354 275 379 406 263 72 182 378 385 47 34 405 184 298
Route #21: 343 364 189 198 135 17 271 352 77 374 82 83 26 1 202 309 112 162 264
Route #22: 450 124 187 407 303 386 64 270 52 427 209 132 185 216 79 164 397 462
Route #23: 85 161 318 369 215 199 163 393 300 314 230 19 217 324 158 6 268 108 335 97
Route #24: 245 249 422 396 194 404 353 168 119 145 310 195 68 365 452
Route #25: 470 461 4 20 297 95 238 156 395 149 139 416 384
Cost 261361
Time 348.199
