Route #1: 9 118 114 110 131 39 134 137 63 83 95 170 77 48 1 252 129 249 116 204 56 165 222 161 160 150 148 98
Route #2: 205 162 5 213 17 97 103 121 120 89 142 135 132 119 102 122 139 29 143 146 80 86
Route #3: 87 177 181 76 81 238 179 200 214 65 42 69 46 22 209 240 18 52 7
Route #4: 84 187 3 149 35 34 73 138 208 192 239 155 159 218 31 49 145 43 156 15 194 130 32
Route #5: 203 90 188 25 27 13 210 211 206 38 59 10 72 94 104 85 74 55 228 67 93
Route #6: 54 99 108 44 113 79 75 51 30 60 124 219 70 251 58 28 236 11 220 244 235 227
Route #7: 216 233 16 246 20 111 26 23 107 45 123 127 126 41 40 36 24 61 14 247 234 53 78 82
Route #8: 190 198 91 71 66 64 62 243 237 229 231 47 232 221 224 33 223 225 226 37 21 197 6 174 175
Route #9: 158 19 171 172 169 168 166 167 112 164 2 183 178 140 57 176 180 154 136 230
Route #10: 173 245 250 196 199 68 12 8 253 195 193 184 189 191 186 202 217 215 207 241 182 248 254
Route #11: 201 151 152 212 153 117 88 105 141 92 96 109 125 133 50 242 4 147 144 128 115 101 100 106 185 163 157
Cost 117354
Time 323.259
