Route #1: 17 299 305 29 341 255 34 53 25 19 18 16 229 228 215 42 253 260 55 41 33
Route #2: 322 301 316 337 287 7 275 272 271 252 241 235 257
Route #3: 324 325 286 321 311 106 300 303 310 246 247 225 188 217 197 213 264 277 313 291 288 323
Route #4: 326 263 334 278 279 283 282 281 280 332 220 232 342 320 199 308 307
Route #5: 236 221 24 36 250 254 97 113 58 249 57 54 245 148 30 157 12 339 338 162 128 137 219
Route #6: 267 262 292 212 304 230 202 203 184 192 302 296 298 289 182 164 159 150 155 149
Route #7: 115 170 141 187 180 173 172 186 177 176 178 171 158 174 224 237 243 233 191 223 222 209 208 201 200 179
Route #8: 290 89 110 118 120 122 139 133 131 117 163 207 205 156 195 218 227 216 251 181 193
Route #9: 248 204 26 143 13 340 168 153 112 85 84 60 276 273 145 226 319 239 265 242 294 295
Route #10: 266 268 211 189 234 329 151 261 198 124 160 135 127 123 130 114 119 107 68 21 5 22
Route #11: 99 51 136 144 270 64 95 138 70 76 175 196 63 258 132 231 154 185 134 56 102
Route #12: 244 9 333 94 315 314 37 40 86 100 73 121 116 87 92 67 77 71
Route #13: 103 79 104 140 4 161 74 78 81 10 274 91 90 331 96 61 59 27 284 47 240
Route #14: 146 8 105 50 3 169 256 259 167 269 285 14 165 293 206 38 35
Route #15: 318 6 65 111 109 108 101 69 93 72 88 147 83 126 98 82 48 62 52
Route #16: 11 214 330 1 66 309 31 238 183 210 194 32 297 166 129 125 152 75 28 142 190
Route #17: 20 44 336 335 15 39 45 2 46 80 312 49 43 327 328 23 317 306
Cost 120652
Time 634.701
