Route #1: 234 200 90 220 149 8 7 274 183 23 81 34 131 141 2 91 37 243 40 297 293
Route #2: 106 275 62 59 60 88 76 115 46 169 56 117 212 78 146 66 35 142 160 296
Route #3: 265 254 217 143 120 157 151 75 175 31 173 247 108 294 74 266 174 298 260 214 136
Route #4: 130 45 107 197 118 6 33 203 153 50 96 126 201 248 264 127 244
Route #5: 57 237 144 195 77 210 72 27 29 207 176 135 226 193 70 65 282 51 116
Route #6: 206 26 109 58 15 71 154 52 204 236 16 83 132 104 276 67 122
Route #7: 18 216 235 241 69 168 198 49 250 111 257 223 178 145 300
Route #8: 269 53 230 185 273 238 291 290 80 82 256 179 289 225 228 287 119 188 187 184
Route #9: 101 271 164 222 30 224 92 129 63 196 68 270 253 249 28 221 89 139 189 246
Route #10: 209 14 231 281 181 186 5 165 278 134 9 95 32 284 85 299 48 167 61 140 245 191 55
Route #11: 280 233 194 128 166 100 205 180 148 283 87 79 43 73 258 137 262 3 113 42 125 251
Route #12: 215 240 277 25 98 110 103 261 86 47 301 24 190
Route #13: 163 99 152 13 263 12 20 208 156 285 288 295 64 39 102 252 192 172 162 17
Route #14: 239 1 158 272 159 218 133 4 10 199 292 227 202 38 36 259 177 229 279 211 54 242
Route #15: 268 155 182 84 44 11 93 232 41 219 267 22 255 19 97 170 147 105 121
Route #16: 112 161 171 94 213 123 114 286 138 124 150 21
Cost 210680
Time 235.757
