Route #1: 309 130 9 16 139 73 328 167 168 166 219 144 102 133 93 117 47 245 152
Route #2: 23 112 137 114 138 26 313 318 217 191 85 60 281 43 263 218 272 110
Route #3: 162 204 30 108 34 153 56 197 317 234 223 250 192 29 21 196 31 20 249 283 179 17
Route #4: 224 127 175 19 182 254 67 107 38 311 342 40 301 319 148 212 151 39 200
Route #5: 65 100 226 8 140 135 229 260 302 210 72 63 169 334 94 118 161 177 201 4 5 41
Route #6: 178 173 128 181 230 188 312 314 187 186 64 91 255 335 300 180 237 336 261 129 155 193
Route #7: 176 343 174 213 247 339 53 126 231 280 171 227 75 296 106 105 164 90 59 50 51 125 145
Route #8: 83 295 119 77 121 2 123 141 97 96 14 62 36 25 98 159 172 6 239 220 221 69
Route #9: 228 136 333 142 299 154 214 215 202 194 203 225 122 282 298 124 305 306 146 149 158 163 160 308 322 74 45
Route #10: 264 150 294 57 76 323 95 344 101 33 42 156 44 49 52 257 345 235 232 244 170 157 134 131 143 198 207
Route #11: 68 206 216 189 190 310 331 211 338 24 48 37 22 32 28 325 315 316 286 290 246 287
Route #12: 104 81 329 27 293 340 278 277 268 303 341 274 15 80 109 279 13 271
Route #13: 276 269 99 253 259 256 267 265 291 284 285 307 252 297 7 78 18 262 92 222 183
Route #14: 258 332 330 87 84 70 10 120 320 289 288 205 233 12 292 88 11 337 266 1 243 304 209
Route #15: 184 195 55 66 199 273 248 147 103 275 35 208 240 111
Route #16: 321 89 113 79 115 46 251 326 185 270 54 165 132 324 327 71 3 82 86 236 116 58 241 238 61 242
Cost 167098
Time 286.871
