Route #1: 238 84 254 283 279 286 17 43 32 59 24 288 34 33 38 271 18 14
Route #2: 290 305 293 287 242 31 26 183 37 230 229 39 35 36 97 67 44 221 218 13 11 199 200
Route #3: 74 270 272 304 278 273 29 133 241 232 23 220 213 20 171 109 128 19 212 291 302 224
Route #4: 257 295 289 216 185 184 248 252 249 250 251 253 306 219 299 243 245 262 12 303 294 7 297
Route #5: 167 176 189 191 187 190 192 168 155 156 201 231 234 269 258 285 284
Route #6: 239 188 161 267 268 266 148 132 124 125 123 129 9 198 15 307 160 274 181 105 203 211 228
Route #7: 42 99 111 177 127 202 197 143 145 144 154 166 170 204 196 153 195 157 146 130 115 83 117
Route #8: 209 172 259 240 260 264 263 60 88 126 255 137 136 174 214 208 210 169 186 173 165
Route #9: 63 95 108 87 101 142 151 102 164 159 158 163 182 222 235 236 292 207 206 175 152 131 104
Route #10: 5 57 100 265 8 55 180 226 46 246 217 114 247 244 227 49 280 139 140 65 66
Route #11: 276 275 261 73 89 93 92 103 76 91 80 41 51 1 300 45 25 225
Route #12: 30 70 96 141 69 52 58 62 120 61 64 77 79 86 112 68 106 237
Route #13: 223 85 6 107 98 178 3 134 135 162 179 301 113 54 72 122 10 50 147 28 233 116
Route #14: 78 110 16 27 281 256 81 21 4 298 296 47 205 194 56 71 2
Route #15: 118 150 282 277 40 75 94 82 53 149 215 193 138 121 119 22 90 48
Cost 110063
Time 404.099
