Route #1: 198 235 64 272 273 169 142 216 171 106 150 195 10 57 21 54 52
Route #2: 248 46 41 31 15 32 190 37 7 168 199 129
Route #3: 256 60 278 100 233 267 49 180 34 266 30
Route #4: 211 212 286 217 200 271 102 113 25 181 138 143 27 50 36 33 92 61 67 120
Route #5: 209 6 65 117 116 109 101 170 264 261 122 186 300 258 161 70 227 160 78 26
Route #6: 164 153 165 269 222 193 88 115 159 187 226 105 276 19 132 126
Route #7: 51 254 275 283 145 144 38 228 223 53 218 287 8 280 277
Route #8: 240 208 18 185 73 1 118 154 16
Route #9: 225 108 201 40 39 207 251 94 107 183 298 292 176 9 22 28 44 12 68 151 139
Route #10: 162 294 288 243 246 244 14 137 82 127 156 43 80 55 152 112 196 197
Route #11: 79 76 86 131 182 219 230 71 59 268 232 121 166 250 262 98 241 158 146 135 147 242 97 13
Route #12: 11 296 295 111 175 99 29 42 202 177 85 194 84 110 249 167 83 148 45 23
Route #13: 245 291 203 133 220 184 136 81 17 178 188 119 173 172 149 140 123 130 87 237 72 125 224
Route #14: 163 279 90 205 174 191 134 58 93 270 247 3 238 265 239 114 157 66 74 215
Route #15: 48 2 124 236 206 179 189 192 213 204 290 56 75 91 281 299 282 103 96 221 285 293 104
Route #16: 63 253 274 252 297 141 231 62 210 5 289 4 214 284 77 255 128 89
Route #17: 234 155 35 20 69 229 263 47 24 260 95 259 257
Cost 167107
Time 212.807
