Route #1: 38 50 233 66 52 63 80 88 92 89 75 82 81 62 59 120 37 138 140 46 44 40 30 28
Route #2: 12 238 173 35 34 158 160 164 157 86 151 90 128 103 72 94 65 101 83 48 13
Route #3: 163 202 143 142 168 137 135 105 39 148 149 161 193 2
Route #4: 98 178 209 114 119 118 212 235 232 215 228 108 225 110 156 112 117 216 210 96 179 169
Route #5: 126 174 127 132 177 182 184 180 171 213 104 234 145 85 129 133 144 147 155
Route #6: 113 84 167 195 231 229 205 7 21 219 36 208 186 192 49 196 16 6 200 10 185 1 190
Route #7: 71 54 68 18 102 27 29 19 95 15 76 74 230 91 226 79 77 73 189
Route #8: 11 43 47 222 227 32 60 61 56 26 224 237 53 3 201 197 199 172 123
Route #9: 203 42 23 20 150 204 211 218 223 8 58 25 99 45 4 141 220 22 17 236 9 188 221
Route #10: 206 51 176 166 153 198 93 106 121 207 33 152 14 239 187 131 165 159
Route #11: 170 175 57 55 97 100 181 124 146 116 115 139 64 41 67 130 5 31 24 154 194
Route #12: 125 78 122 217 87 134 214 111 69 70 183 162 107 136 191 109
Cost 123448
Time 200.609
