Route #1: 169 167 159 244 53 50 111 139 90 77 253 193 243 54 151
Route #2: 185 75 232 212 4 2 138 67 225 172 173 140 115 247 86 83 191 164 188 126 29
Route #3: 250 156 104 73 79 261 70 158 246 125 100 60 16 129 38 106 105 81 12
Route #4: 118 95 63 66 218 97 78 64 39 128 30 204 186 48 127 13 181 192 194 200 58 87 176
Route #5: 42 45 120 214 124 61 195 180 179 96 119 55 94 150 147 136 22 143 114 6 74 102 189
Route #6: 171 37 1 10 3 14 88 93 213 107 208 211 187 62 170 177 153 121 206 166 91 15 209 49
Route #7: 258 254 260 146 233 152 43 76 98 27 228 160 255 112 251 56 198 72
Route #8: 203 226 57 144 145 26 21 236 205 161 130 99 199 201 135 157 256 7
Route #9: 19 210 238 110 234 202 165 196 182 20 35 248 239 242 235 59 241 245 122 109 222
Route #10: 69 80 33 123 131 133 44 46 163 65 51 230 257 41 148 34 36 219 220 5
Route #11: 168 174 31 11 137 71 113 92 141 142 149 89 68 47 40 116 23 217
Route #12: 215 197 183 85 82
Route #13: 227 184 178 190 52 134 154 207 18 28 229 155 9 8 252 101
Route #14: 216 249 224 84 240 32 24 259 175 17 223 25 231 221 162 103 108 237 117 132
Cost 144914
Time 207.771
