Route #1: 211 104 87 89 107 127 101 159 186 297 331 46 85 202 203 171 30 346 40
Route #2: 65 133 2 308 246 277 176 57 299 271 281 249 302 284 102 45 110 26 123 90 304 325 324
Route #3: 245 1 115 151 155 259 32 55 112 70 28 81 86 113 109 209 213 219 239 232 150 75 77 243
Route #4: 128 100 260 122 119 157 208 212 215 225 83 148 166 69 74 42 73
Route #5: 44 38 337 240 31 305 56 58 17 50 79 82 78 7 8 92 91 336 96 95
Route #6: 222 223 224 20 36 41 62 60 80 93 66 106 114 108 105 51 27
Route #7: 152 118 64 116 134 194 18 231 268 276 53 61 327
Route #8: 126 98 94 43 76 67 68 132 244 19 196 124 282 250 252 229 39 52 59 48 63
Route #9: 144 160 139 178 190 189 198 207 120 221 131 137 165 197 205 142 204 180
Route #10: 214 200 199 195 161 153 234 130 121 272 294 149 187 141 140 135 103 97
Route #11: 169 156 168 164 185 174 184 167 170 177 188 228 227 147 216 218 138 117 182 181 146 125
Route #12: 35 47 54 88 309 143 162 71 192 288 191 291 179 163 296 301 193 298 341
Route #13: 236 6 16 10 9 3 136 158 154 173 172 129 23 22 210 5 183 235 247 256
Route #14: 338 278 329 175 310 226 217 220 258 242 230 206 251 201 241 254 253 274 303
Route #15: 289 332 248 318 316 326 237 264 335 342 263 345 25 12 145 238 21 267 233 34 99 37
Route #16: 287 269 266 255 257 261 292 293 285 279 72 270 265 275 280 283 262
Route #17: 295 111 314 29 15 322 24 4 307 315 340 320 286 333 328 339 343 317 84
Route #18: 312 311 313 319 344 49 14 13 33 11 334 330 321 323 306 300 290 273
Cost 125298
Time 1182.89
