Route #1: 118 10 24 38 72 71 206 291 252 314 317 31 50 273
Route #2: 280 113 98 70 232 247 243 220 213 59 268 265 246 188 49 37 125
Route #3: 231 184 172 167 176 137 218 60 63 211 187 245 180 73 168 306 282 269
Route #4: 240 9 214 228 32 241 225 47 250 256 242 43 285 284 191 192 215 300
Route #5: 266 279 186 299 141 151 108 312 212 208 210 316 175 198 271 287 224 221 263 259
Route #6: 6 315 181 21 28 169 101 58 128 140 183 194 14 185 308 292 251
Route #7: 92 301 22 89 103 20 81 87 116 1 222 253 257 182 29 39 8 233 238
Route #8: 204 205 144 159 157 173 158 51 166 56 202 147 189 156 90 100 95 94 201 255 230 7
Route #9: 203 88 162 171 84 249 99 18 110 109 78 126 219 79 260 91 96 119 236 160 154 121 105 143 229 135
Route #10: 130 122 262 200 223 261 148 127 311 57 3 4 12 163 129 217 244 195 178
Route #11: 26 177 93 17 35 27 309 77 75 33 254 149 111 288 277 197 80 134 174
Route #12: 258 19 97 138 155 146 152 86 164 153 142 117 131 145 302 303 54 55 61 227 196 190 13 274
Route #13: 132 270 272 102 264 310 313 298 296 297 294 295 307 286 281 115 42 165 120 104 2
Route #14: 276 289 290 304 30 207 76 267 293 305 83 106 235 226 82 85 15 179 133 107 239
Route #15: 62 34 53 248 170 123 112 114 234 68 278 11 237 199 69 5
Route #16: 216 16 139 193 283 74 124 150 136
Route #17: 275 44 209 41 45 36 48 40 46 65 67 23 64 25 66 161 52
Cost 171072
Time 282.333
