Route #1: 397 147 317 104 143 72 43 118 305 205 208 135 2 344 19 326 290
Route #2: 96 371 425 226 225 204 404 105 161 188 449 10 429 424 352 295
Route #3: 245 283 334 316 125 195 266 271 440 395 138 79 153 413 365 296 300 428
Route #4: 417 430 137 401 131 9 444 313 60 342 467 327 218 68 40 39 442 141 411
Route #5: 416 42 101 470 196 213 318 85 122 360 194 464 175 376 111 84
Route #6: 93 190 89 114 115 469 455 12 102 112 149 210 462 435 44 335 310 169 70 178 396
Route #7: 448 221 254 267 454 18 231 160 5 253 298 250 246 142 272 278 264 120
Route #8: 97 100 422 431 17 34 324 232 90 52 7 11 443 181 180 107 103
Route #9: 426 355 350 383 32 58 279 280 412 409 98 59 56 177 110 168 466 306
Route #10: 106 109 187 87 173 129 75 260 99 150 82 25 338 229 48 261 445 452 398
Route #11: 465 294 281 282 297 152 164 341 189 340 92 95 438 227 374 381 308 312 320 202 358
Route #12: 406 241 463 333 403 83 67 302 293 289 35 380 343 453 447 434
Route #13: 410 367 379 375 133 399 408 457 432 301 315 468 303 20 223 420 165 215 415 285
Route #14: 24 314 446 328 154 6 55 159 41 28 172 191 174 235 144 186 182 176 219
Route #15: 148 291 74 171 76 134 123 145 146 31 419 276 427 372 242 237 385 458 183 121
Route #16: 71 222 437 255 240 128 132 119 170 387 386 64 211 456 259 66 331 337 26
Route #17: 270 346 124 439 357 336 362 86 140 15 80 377 130 192 220 228 287 214 325 414 373
Route #18: 433 461 418 321 197 348 185 22 384 69 21 421 29 127 441 309 402 284 136 88 65
Route #19: 62 339 345 157 292 166 356 392 38 13 307 230 151 3 155 450 451 198 193 179 207 49 50
Route #20: 369 349 263 265 51 400 304 258 330 234 390 391 423 353 370 388
Route #21: 47 273 163 251 248 249 236 238 54 209 269 274 4 14 23 37 319 394 257 252 256 244 46
Route #22: 378 108 224 288 156 94 16 262 45 460 57 33 117 359 27 368 459 323 61 363 217
Route #23: 311 233 393 1 216 436 73 36 247 184 200 167 158 199 201 354 286 243 78
Route #24: 277 322 275 81 77 30 239 382 63 268 364 212 405 366 91
Route #25: 53 351 332 116 389 203 347 299 361 126 329 113 139 206 407 8 162
Cost 248646
Time 925.155
