Route #1: 116 101 28 52 43 290 254 255 241 231 210 203 169 22 51 310 306 294 3 303 282 304 229
Route #2: 48 59 299 300 61 279 297 288 68 5 9 7 13 34 57 88 153 66 211
Route #3: 35 218 82 90 256 38 91 50 244 77 202 36 266 70 295 71 309 37 54 85 186
Route #4: 246 121 152 213 286 258 103 114 29 197 60 33 164 131 31
Route #5: 137 159 156 178 160 111 154 127 65 267 98 135 150 204 118 140 122 30 143 151 155 273 274
Route #6: 296 198 194 157 149 129 125 81 12 94 86 79 76 176 308 173 4 162 168 120 92 214 193 84
Route #7: 42 175 136 40 39 64 247 69 148 72 93 104 182 188 189 181 99 95 96 124 105 73 109 97 107
Route #8: 259 219 209 208 166 123 100 112 161 167 174 158 190 201 20
Route #9: 2 110 74 108 87 106 177 195 102 180 200 117 119 278 115 260 264 277 225 222
Route #10: 80 83 227 49 56 47 196 187 53 192 179 170 146 141 44 165 287 132 207 163 171
Route #11: 234 253 263 275 133 293 205 191 184 183 128 130 145 147 142 139 138 144 134 280 281 126 302 305
Route #12: 6 237 24 270 276 27 18 239 242 311 11 10 283 32 1 285 268 251 21 19 291 185 199
Route #13: 289 235 272 301 269 284 238 215 220 257 233 243 230 216 228 206 212 62
Route #14: 55 262 58 67 46 8 16 17 23 292 41 25 26 89 15 75 307 298 252 63 248 221
Route #15: 78 250 172 113 249 226 232 224 236 240 245 223 265 261 271 217 14 45
Cost 140565
Time 673.835
