Route #1: 227 136 111 122 223 26 126 268 28 260 291 30 280 134 255 79 115
Route #2: 4 167 264 75 259 238 279 289 31 81 286 164 165 73 70 173 267 218 157 184 215 83
Route #3: 17 224 160 125 149 178 127 129 183 2 64 5 108
Route #4: 47 63 53 190 27 37 101 114 32 107 72 43 202 243 3 179
Route #5: 66 6 237 144 56 57 9 263 58 13 42 253 271 272 16 246 95 251 139 62 239 284
Route #6: 231 281 275 162 269 188 229 77 159 168 152 191 106 23 35 141 256 226 276 175 292 300 15
Route #7: 274 103 211 130 54 10 45 51 216 65 217 287 110 137
Route #8: 59 142 283 113 49 102 118 213
Route #9: 193 138 254 228 180 250 143 140 61 293 52 174 197 285
Route #10: 87 294 14 212 150 46 1 147 123 109 172 240 171 100 290 105 80 207 124 67 204 208
Route #11: 24 249 186 221 119 41 116 219 181 170 161 120 69 244 201 169 177 50
Route #12: 262
Route #13: 18 34 273 282 76 22 206 12 145 236 128 91 132 189 195 248 48
Route #14: 210 200 163 230 21 192 220 203 225 135 257 131 148 297 270 155 104 99
Route #15: 241 301 151 29 85 196 96 19 78 36 146 38 258 82
Route #16: 153 154 266 265 40 94 74 33 7 25 302 60 261
Route #17: 156 187 112 185 278 245 222 295 166 214 205 277 194 199 8 299 298 68
Route #18: 39 176 117 98 158 133 252 44 88 288 55 247 121 84 89 232 233 71
Route #19: 11 182 209 20 198 92 234 93 86 97 235 90 296 242
Cost 210847
Time 230.437
