Route #1: 97 147 149 306 54 12 101 203 181 298 127 31 293 179 76 17 180 94 254 284 311
Route #2: 130 187 197 21 77 288 245 23 112 13 253 278 114 177 45 141 56 138
Route #3: 308 266 10 186 7 119 68 133 90 106 212 144 153 24 183 118 303 61 312 322 244 67 305
Route #4: 205 290 252 11 299 43 60 121 9 98 176 83 222 301 19 88 16 87 275 105 218 276
Route #5: 246 313 46 42 27 317 72 182 262 168 47 185 225 52 285 40 178 139 166 174 223 310 92 146 81 140
Route #6: 320 230 78 283 294 124 279 189 129 269 49 191 195 228 38 55 319 243 51 211
Route #7: 86 100 73 217 53 316 85 291 202 226 264 65 221 220 309 318 233 123 280
Route #8: 200 277 162 304 2 163 96 152 158 256 113 154 235 213 300 157
Route #9: 314 39 18 207 286 57 29 239 120 25 255 289 172 62 271 50 75 251
Route #10: 190 33 209 8 148 282 103 193 79 122 71 216 20 167 161 232 173 125 196 194
Route #11: 150 4 240 143 82 5 214 272 268 22 296 95 66 247 281 155
Route #12: 102 208 164 44 229 237 111 297 259 151 91 64 74 26 156 315
Route #13: 34 263 59 48 41 201 287 234 219 273 128 270 258
Route #14: 14 265 89 115 171 261 192 210 35 131 116 188 241 135 109 267 70
Route #15: 224 126 6 238 248 250 15 108 136 28 132 292 32 307 145 242
Route #16: 302 160 80 37 99 169 36 110 199 137 159 117 206 231 249 142
Route #17: 236 175 84 295 165 69 63 184 170 257 107
Route #18: 58 274 204 260 3 321 227 1 198 134 215 30 93 104
Cost 227692
Time 194.198
