Route #1: 91 70 191 245 198 111 190 263 299 252 226 248
Route #2: 54 283 18 266 23 251 131 14 223 68 10 216 240
Route #3: 108 217 96 110 275 267 209 130 203 256 151 205 178 171 159 64 277 265 182 129 81
Route #4: 71 232 2 213 257 28 135 200 204 36 106 269 29 230 104 30 188
Route #5: 241 17 146 228 58 298 124 177 6 102 86 133 144 32 84 31 285 238 82 264
Route #6: 98 207 262 274 116 287 35 4 253 119 189 197 214 290 59 225 105 192 126 9 33 123 16
Route #7: 268 19 78 288 219 235 90 1 211 145 115 293 297 148 161 92 141 48 52 160 140 118 12 62
Route #8: 231 85 56 26 27 7 50 291 51 39 97 152 15 57 42 249 272 153 101 89 239 247 206 221 154
Route #9: 220 138 142 136 167 258 147 201 296 196 292 173 79 8 199 49 254 294 77 76 224
Route #10: 193 279 60 95 164 127 280 41 83 80 282 281 117 44 46 273 38 61 195 137 166
Route #11: 112 121 210 244 88 69 122 218 125 208 25 103
Route #12: 276 11 21 139 278 157 45 74 87 73 120 67 75 66 65 47 284 34 43 237
Route #13: 63 20 53 94 255 149 170 132 37 99 3 22 187 114 107 168 270 113 93 40 128 162 271
Route #14: 156 289 260 143 242 246 259 250 236 109 5 169 13 229 186 202 24 295 155 286 100 55 234 150
Route #15: 163 227 179 180 183 261 174 172 158 134 233 222 165 175 176 212 243 215 185 184 181 194 72
Cost 113736
Time 498.462
