Route #1: 2 202 191 63 68 38 86 147 118 69 94 71 97 44 70 193 141 126 150 170
Route #2: 76 135 155 176 119 3 105 198 107 139 114
Route #3: 197 195 50 59 36 140 89 123 51 132 67 17 174 83 179 161 103 100 46
Route #4: 35 98 41 201 26 203 113 137 128 80 117 102 72 15
Route #5: 160 53 187 48 90 16 14 18 27 125
Route #6: 133 152 200 169 182 12 49 122 109 47 106 108 52 199 62
Route #7: 1 189 164 32 167 181 184 57 92 186 175 171 42 23 142 159 138 154 6 4
Route #8: 166 148 188 77 20 11 61 143 116 60 56 149 93 31 120 156 43
Route #9: 75 190 121 88 129 73 74 194 33 19 81 91 87 192 24 34 58 168 5 134
Route #10: 65 45 157 124 112 144 10 183 7 99 111 55 54 29 178 78 40 158 8 66
Route #11: 151 21 82 145 28 22 165 173 127 180 146 172 85 84 9 177 153 37 96 64 110
Route #12: 30 162 196 13 136 79 163 101 104 131 130 115 39 25 185 95
Cost 97955
Time 261.662
