Route #1: 229 249 253 158 65 135 277 64 56 72 329 151 83 441 298 351
Route #2: 20 379 374 258 325 211 66 131 100 413
Route #3: 461 469 263 335 147 375 408 398 389 270 341 426 245 457 104 202 6 101 236 401 365 381
Route #4: 251 332 69 402 206 42 254 244 317 324 98 392 198 141 120 424 321 3 140 291 30 419 114 188 29 354
Route #5: 38 259 4 17 407 417 311 159 439 272 479 480 156 451 208 437 387 8 13 442 80 287 9 106 256
Route #6: 305 155 384 420 5 477 238 295 306 463 404 359 108 41 213 228 76 371 343 68 362 297 299 252 122 471
Route #7: 89 170 303 199 267 204 475 117 102 24 445 390 10 292 345 77 105 340 167 128 396 221
Route #8: 464 339 304 85 111 364 19 226 242 316 227 269 33 346 399 231 82 285
Route #9: 54 422 119 197 97 186 50 290 247 377 21 201 153 262 400 361 240 443
Route #10: 164 168 280 334 448 450 143 110 23 1 195 88 181 180 294 25 81 35
Route #11: 37 410 218 145 313 177 446 137 366 403 352 220 225 162 44 73 152 385
Route #12: 319 474 470 96 308 196 118 323 138 217 192 75 423 315 355 94 373 125 160 425 71
Route #13: 212 391 99 157 224 194 309 146 179 47 342 216 255 409 380 449 318 12 136 185 121 203 458 368 183 338
Route #14: 344 43 476 241 466 28 190 406 169 327 312 148 62 214 22 191 376 473 189 116 468 18 279
Route #15: 58 61 27 92 333 60 436 431 453 200 337 260 430 32 87 107 154 286 129
Route #16: 428 91 40 456 16 15 79 2 281 348 215
Route #17: 261 414 36 123 174 130 63 52 55 271 388 142 178 127 275 149 171 219 222 411 454
Route #18: 393 302 11 459 320 124 57 109 265 412 207 300 133 113 276 51 150 440 278 172 139 452 383 257
Route #19: 48 447 394 243 7 455 78 307 70 209 223 465 432 326 358 132 26 382 395 264 233 274 93 288 112
Route #20: 67 405 472 115 350 126 53 369 322 49 134 45 418 349 356 429 184 347 165 357 435
Route #21: 460 95 31 289 34 237 182 301 210 372 173 433 397 296 246 314 250 328 161 478 235 74 59 415 282
Route #22: 248 187 163 84 273 330 438 283 268 266 90 336 284 230 331 367 234 293 144 232 166
Route #23: 46 378 176 14 467 39 462 434 444 386 353 193 310 86 175 416 427 103 239 421 360 363 370 205
Cost 231425
Time 554.072
