Route #1: 191 79 111 194 176 206 57 189 152 122 77 179 37 180 66 4 75 208 143 106 197 26 112 62 61
Route #2: 70 137 22 138 140 120 193 39 192 157 80 43 110 196 198 85 134 74 172 88 14
Route #3: 91 142 86 207 121 126 55 58 169 8 159 32 123 150 171 78 174 165 185 96 135 27 50
Route #4: 10 125 71 81 188 212 139 202 25 28 29 155 12 170 100 177 200 158 94 146 119 175 181
Route #5: 151 65 99 64 6 35 161 92 128 145 40 21 167 34 69 214 84 89
Route #6: 160 63 141 101 97 103 102 107 118 131 132 1 72 133 23 15 190 114 209 105 201 59 144
Route #7: 24 95 204 33 130 11 18 90 9 163 7 213 13 186 117 98 199 3 49 124 30
Route #8: 17 46 45 41 42 16 164 127 44 87 115 203 113 38 76 108 54 129 156 136 148
Route #9: 5 56 210 173 166 83 149 36 153 183 48 47 205 67 68 168 52 20 187 195 51
Route #10: 154 184 182 82 73 178 162 116 211 104 60 93 19 147 109 53 31 2
Cost 102667
Time 335.539
