Route #1: 20 29 175 291 149 265 202 190 189 32 110 263 208 19 83 173 302 216 64 276 270
Route #2: 303 167 174 286 198 36 92 151 272 107 162 152 289 62 144 282 147 220 131 98
Route #3: 71 298 308 61 165 169 186 306 128 196 77 320 96 142 134 247 73 88 59 221 150 51
Route #4: 177 99 132 45 57 108 91 101 283 253 273 182 109 229 318 279 294 199 158 155 139 113
Route #5: 94 89 28 328 3 178 40 233 145 252 258 44 65 293 262 187 300 148
Route #6: 192 232 181 284 251 264 78 301 69 90 124 210 227 207 248 157 75 257 326 285 288
Route #7: 135 278 236 249 130 240 314 153 217 123 126 125 72 8 116 319 241 325 267 12
Route #8: 194 81 259 21 160 67 102 97 211 9 204 34 164 26 218 60 234 85
Route #9: 100 172 121 48 203 82 95 33 222 37 323 205 327 237
Route #10: 93 311 296 74 304 104 201 324 312 226 275 52 41 143 287 5 224 22 43 10 25 137 238
Route #11: 53 239 269 188 7 244 58 136 138 140 299 146 274 295 105 54 47 307 171 141 268 163 316
Route #12: 154 79 117 63 2 159 321 68 170 235 313 242 206 119 191 310 14 103 56 179 180 50
Route #13: 112 305 127 225 118 214 115 133 290 55 76 250 254 176 200 129 215 23 261 49 31 24
Route #14: 271 30 86 42 161 195 122 219 16 66 197 223 309 70 114 209 13 168 111 46 106 1 281
Route #15: 11 243 213 120 87 84 184 156 292 322 228 315 297 193 15 166 266 246 6 212 183 17 231 4 280
Route #16: 185 27 18 317 230 256 277 260 35 245 255 39 38 80
Cost 143490
Time 494.685
