Route #1: 413 254 165 141 33 22 62 76 223 207 211 74 363 125 136 404 432 362 103
Route #2: 203 17 302 121 55 148 259 142 137 210 127 234 209 424 43 99 104 352 435
Route #3: 241 257 123 128 236 258 324 383 334 131 73 81 331 159 274 56 298 200 309
Route #4: 251 394 289 287 119 249 222 237 144 367 192 16 39 78 1 2 115
Route #5: 214 205 201 188 13 19 204 25 208 166 146 129 101 246 172 91 197 265 150
Route #6: 296 312 247 167 304 288 57 145 32 75 199 124 149 171 193 164 170 202 151 190 155 430
Route #7: 181 270 300 290 47 108 107 110 175 45 58 48 14 8 15 37 232 238 86 72 391 382 250
Route #8: 239 348 231 109 7 226 84 46 36 217 395 408 301 130 173 102 53 31 30
Route #9: 271 387 184 276 42 384 77 438 82 88 92 94 90 93 415 44 311
Route #10: 156 10 372 5 414 428 253 215 96 313 248 132 20 213 275 240 183
Route #11: 358 366 407 422 402 433 436 9 67 423 420 50 392 417 406 397 381 377 373 321
Route #12: 49 27 29 35 54 160 51 174 178 60 98 111 403 398 390 80 69 59 341
Route #13: 314 315 317 344 361 379 427 426 416 411 419 418 385 378 376 375 364 365 354 359 371 306 410 219 122
Route #14: 329 405 327 440 338 337 340 21 52 388 401 41 28 409 400 194 357 353 349 339 356 355 342 343 443 441
Route #15: 332 85 345 71 106 120 126 11 12 380 138 266 267 280 277 350 412 421 429 437 434 389
Route #16: 318 320 278 333 347 346 319 308 307 323 330 336 325 326 335 360 328 322 293 316 310 297 291 283
Route #17: 153 168 386 369 187 177 169 176 114 230 295 180 179 393 196 374 182 195 154 370
Route #18: 218 162 158 261 216 157 220 235 244 242 431 186 185 252 268 272 63 68 65 399 40 34 24 18 351
Route #19: 294 282 396 3 285 442 439 4 64 134 118 212 228 95 139 105 135 245 147 143 163 97 113 112 116
Route #20: 66 83 79 255 273 256 140 425 87 100 89 117 70 61 23 224 233 368 305 292 225 206 286
Route #21: 161 262 263 303 260 243 264 279 284 227 229 189 133 198 152 191 38 299 269 26 6 281 221
Cost 202354
Time 1582.07
