Route #1: 199 289 75 212 277 241 34 154 129 21 249 103 111 292 191 57 142 69 246 225 296 238
Route #2: 216 256 179 47 35 259 281 38 244 261 230 66 127 71 178 136 276 301 45 4 60
Route #3: 145 51 316 114 128 284 16 83 62 297
Route #4: 224 133 126 92 283 78 204 113 36 186 118 190 237 153 7
Route #5: 89 55 295 298 95 210 56 49 217 41 155 200 211 267 317 218
Route #6: 99 85 303 239 240 31 53 119 221 72 271 65 23 167 270 17 235 234
Route #7: 52 25 11 32 115 268 187 22 181 48 143 109 54 81 272 29 192 144 195 101 140 74 185 252 42 159 184
Route #8: 63 203 61 302 264 266 205 222 158 86 307 314 131 168 286 88 20 263
Route #9: 196 229 24 193 67 50 105 183 13 59 274 255 245 14 173 214 300 313 87 3 177
Route #10: 64 160 171 90 198 44 5 228 208 247 18 257
Route #11: 28 219 125 201 112 10 232 290 139 152 79 150 76 197 93 304 278 164
Route #12: 73 102 134 37 209 2 6 275 189 306 162 26 227 70 233 1 163 141 293 253 138
Route #13: 107 58 110 166 15 43 8 294 236 170 161 202 156 248 291 175 282
Route #14: 77 180 265 130 206 12 310 285 220 33 273 46 82
Route #15: 280 68 299 80 182 176 243 194 258 254 117
Route #16: 251 223 116 27 165 305 308 96 97 207 226 9 287 169 213 146 311 104 40 132
Route #17: 260 250 312 231 279 137 84 106 91 108 174 318 98 262 30 188 39 148 315 215 135 100 242
Route #18: 19 147 149 309 172 120 124 122 123 288 157 269 94 151 121
Cost 234834
Time 202.126
