Route #1: 209 175 63 274 195 347 228 205 249 330 304 298 51 13 250 197 309
Route #2: 136 67 48 126 331 183 6 278 277 190 281 189 181 59 56 320 246 272 174
Route #3: 105 155 130 80 102 182 45 1 299 46 322 7 289 206 23 348 107 89 291 329
Route #4: 100 285 188 17 87 28 259 3 213 163 37 229 169 9 34 158
Route #5: 239 150 24 82 71 173 103 303 196 286 240 202 40 42 314 220 226 191 248 74 114
Route #6: 244 313 95 279 262 311 77 124 270 157 166 91 54 236 215 204 263
Route #7: 258 256 280 328 109 8 61 260 164 338 147 297 332 131 128 237 88 282 294 267 342 69 238
Route #8: 153 152 261 214 117 26 345 266 227 344 111 194
Route #9: 57 35 159 290 75 217 207 349 275 115 142 167 273 72 12 148 168 306 235 283
Route #10: 52 68 295 145 251 133 255 21 165 149 337 112 177 305 36 62 106 336 29 185 232 97
Route #11: 312 287 41 271 324 201 340 208 43 64 127 85 222 160 341 50 33 315 253 321 146 247
Route #12: 16 84 66 171 14 99 116 101 319 2 216 198 317 49 180 296 140 113 243 76 245
Route #13: 276 200 27 172 269 139 121 203 132 20 318 343 212 110 15 94 141 96 257 323
Route #14: 83 22 39 44 119 334 316 327 55 224 223 187 135 58 38 211 129
Route #15: 264 186 233 4 302 120 123 70 225 241 242 108 18 137 60 178 199 79 31
Route #16: 339 144 73 81 86 98 179 231 154 125 333 19 300 193 219 25 230 118 307 210 11 30
Route #17: 184 265 292 176 92 335 234 47 151 138 78 122 325 134 156 252 5 221
Route #18: 254 346 301 192 162 32 288 326 104 10 284 65 310 218 268 93 293 308 53 90 161 170 143
Cost 209173
Time 384.613
