Route #1: 295 313 8 308 12 13 311 309 25 290 131 70 320 34 256 289 285 312 327
Route #2: 253 250 200 99 21 195 230 262 276 20 272 19 23 322 24 9 6 4 282 288
Route #3: 215 1 5 155 123 117 139 10 197 11 217 219 220 218 173 326 325 7 14 251 245 32
Route #4: 182 190 170 229 266 273 271 307 227 226 211 212 187 207 209 167 127 111 154 77
Route #5: 164 121 165 177 214 208 223 183 281 291 174 193 265 319 314 310 233 244 252 255 205 236 76
Route #6: 304 287 199 148 106 296 114 132 238 107 242 128 235 147 210 145 180 143
Route #7: 45 112 108 102 191 198 221 225 243 248 16 246 171 240 232 185 184 176 141 104
Route #8: 93 270 283 37 46 33 213 231 275 294 292 65 299 298 157 150 161 278 206 254 257 324
Route #9: 98 126 134 125 122 144 175 151 149 228 115 186 179 116 153 109 110 90 91 105 79 67 66 44
Route #10: 103 96 277 92 43 42 35 78 94 55 54 137 136 39 286 68 69 59 52 36 17 188
Route #11: 258 297 162 260 293 26 119 140 305 160 22 274 259 204 280 189 201 303 89 237 249 247 264 192 306 73 196 172
Route #12: 224 120 178 47 323 321 15 71 269 51 50 53 49 300 318 222 18 267 27 62 61 138
Route #13: 85 301 124 82 38 163 317 113 31 83 316 129 75 279 159 268 158 263 118 2 72 302 216 29 30
Route #14: 57 84 60 48 41 40 133 142 181 203 234 28 202 168 194 3 261 241 169 284 135 87 95
Route #15: 64 166 315 146 239 56 74 81 58 152 97 88 86 100 101 63 130 80 156
Cost 111938
Time 586.369
