Route #1: 66 136 40 149 11 190 210 211 243 185 165 159 297 298 107 83 127 302 150
Route #2: 117 216 114 262 46 29 26 269 4 206 304 212 30 49 76 97 34 74 2
Route #3: 52 134 261 64 32 278 254 260 281 321 35 20 316 68 80 16 115
Route #4: 42 108 77 24 94 253 218 102 101 143 207 124 82 161 205 237 47 301 25 28 105 67 43
Route #5: 50 55 146 160 174 37 38 123 39 122 53 56 57 86 103 113 112 93 79 71 70 62 48
Route #6: 51 111 264 156 153 195 277 268 259 283 44 286 292 294 308 65 276 45 217 329 27
Route #7: 54 72 78 88 170 171 91 99 169 167 130 137 155 128 140 138 129 142 141 145 75
Route #8: 92 152 148 202 90 257 110 118 119 244 226 236 168 100 87 95 73 85
Route #9: 126 151 164 197 223 139 144 58 116 266 258 89 229 104 180 182 131 132 135 106
Route #10: 192 203 157 166 158 175 177 162 194 220 183 179 228 224 186 242 178 241 181 231 234 249
Route #11: 232 204 282 176 1 307 309 147 285 287 109 279 121 284 189 239 270
Route #12: 230 252 173 209 196 184 198 221 201 265 222 200 188 191 219 199 163 133 81
Route #13: 312 238 247 193 172 154 120 17 98 96 125 331 332 8 13 208 240 18
Route #14: 271 296 291 248 293 288 233 235 246 250 328 326 319 263 311 306 280
Route #15: 274 330 322 227 213 5 225 3 12 245 9 6 214 7 14 215 325 63 59 60 255
Route #16: 10 267 21 22 187 84 61 256 272 275 23 19 15 33 31 69 41 295 315 289 273
Route #17: 327 323 320 314 310 290 303 251 36 318 305 317 313 299 300 324
Cost 122530
Time 458.167
