Route #1: 199 169 155 198 146 108 117 125 44 94 149 147 141 172 275 158 223 104 110 107 140 153 148 154 189
Route #2: 274 151 160 93 95 175 123 246 250 126 132 130 116 118 237 251 265 280 279 273 248 252
Route #3: 287 227 42 8 97 25 255 256 26 43 47 61 259 65 66 269 103 99 156 152 165 82 98
Route #4: 3 131 177 170 179 206 184 216 208 207 254 210 212 240 221 231 217 188 211 261
Route #5: 224 236 209 283 4 6 10 58 220 213 219 286 232 233 228 229 11 285
Route #6: 218 249 122 115 112 282 18 24 22 72 74 75 21 34 69 63 23 33
Route #7: 235 159 161 196 96 133 266 253 243 19 281 267 139 258 45 49 245 55 284 271 9 262 257 20 15
Route #8: 128 192 241 57 5 46 37 27 31 166 230 52 50 35 195 226 238 242 234 204 214 202 203
Route #9: 277 39 40 62 59 38 85 264 263 7 1 13 14 12 76 87 187 41 54 51 244 270 268 276
Route #10: 190 64 90 225 100 200 136 183 119 29 201 162 145 191
Route #11: 180 16 142 143 173 60 186 197 36 102 114 89 79 101 194 239 17 157
Route #12: 135 48 88 178 134 205 164 272 163 144 53 150 174 185 28 182 70 181 215 247 109 113
Route #13: 176 77 78 67 91 168 105 80 106 129 111 121 127 83 92 30 138 278 124 71 137 260 193 84
Route #14: 32 222 2 120 171 73 81 56 86 68 167
Cost 134492
Time 188.929
