Route #1: 191 492 81 45 373 90 632 550 97 491 77 251 380 559 344 149 53 629 195 115 213 679 355 148
Route #2: 448 281 141 437 132 468 218 379 190 458 677 1 296 112 113 178 228 164 98 80 79 182 585
Route #3: 511 332 282 304 651 37 31 661 623 3 320 253 353 57 603 358 509 128 620 52 114
Route #4: 62 268 65 252 604 116 169 432 654 177 78 315 157 493 70 301 477 581 329 263 119 170
Route #5: 608 384 593 600 605 571 678 642 676 579 176 521 510 460 480 321 548 155 361 655 305
Route #6: 130 35 58 594 504 561 498 580 565 683 150 34 367 402 636 534 392 335 242 396 179 526 551 633
Route #7: 606 144 124 645 8 55 286 582 356 241 599 260 464 357 233 624 383 247 348 411 212 525 331 481
Route #8: 466 686 652 160 536 630 641 447 577 2 410 405 681 71 99 60 490 597 122
Route #9: 254 120 278 27 574 172 187 14 67 372 538 584 426 216 415 673 207 294 374 147 322 227 210 544
Route #10: 245 484 158 508 516 129 334 188 284 530 318 48 668 163 614 631 469 590 640 341 42 287
Route #11: 104 554 462 340 685 563 235 232 15 465 300 64 87 473 76 202 94 362 435
Route #12: 86 628 289 537 298 236 660 323 333 16 486 664 336 352 61 313 68 378 527 418 38 377 401 674
Route #13: 414 39 162 434 622 325 89 497 397 266 483 515 12 46 572 419 576 485 264 250 137
Route #14: 193 404 295 330 436 135 368 131 359 74 528 328 256 308 221 569 350 152
Route #15: 173 326 40 255 75 206 209 643 161 578 312 390 524 13 482 257 4 208 110 186 421 203 220 445
Route #16: 376 667 611 299 391 560 343 238 573 270 398 529 682 503 314 259 627 36 293 154 489 371
Route #17: 639 66 134 680 248 393 474 438 274 412 230 153 459 472 455 501 54 9 143 151 607 107 59 214 127
Route #18: 6 442 417 562 363 339 506 25 635 346 399 570 51 658 342 619 229 204 360 47 416 406
Route #19: 626 545 439 463 430 311 167 303 63 659 453 586 92 687 219 662 240 517 518 688 10
Route #20: 82 388 196 246 663 420 364 589 533 596 338 234 532 44 444 413 30 502 100 225 217 649
Route #21: 33 403 496 625 351 20 95 354 446 389 309 7 269 21 93 239 72 11 365 200
Route #22: 297 337 467 650 408 475 647 349 183 452 513 277 621 609 156 223 449 140 566 549 487 591 424 507
Route #23: 181 192 237 675 22 201 271 17 121 118 564 146 470 671 499 457 123 429 108 567 425 171 553 535
Route #24: 159 194 306 5 276 666 638 165 345 310 382 520 505 49 189 258 656 290 138 546
Route #25: 174 443 126 587 653 369 168 440 547 568 616 423 280 523 224 145 552 684 69 431 111 602 370 185 28 50 657 324 387
Route #26: 243 669 133 317 541 665 265 588 23 575 180 291 327 272 634 617 43 558 542 400 226 539 451
Route #27: 41 24 409 427 441 648 215 428 454 347 96 142 285 205 456 231 670 316
Route #28: 73 56 197 494 319 275 610 26 101 83 672 198 612 618 166 136 386 91
Route #29: 117 283 302 540 32 592 488 381 461 519 395 495 18 615 85 29 222 199 84 244 433
Route #30: 531 261 139 557 273 601 514 476 522 583 292 478 555 109 267 500 512 556 422 598 211 249 479 644 637
Route #31: 385 646 175 88 125 105 19 262 279 106 450 103 102 613 366 394 471 307 543 375 288 407 184 595
Cost 345573
Time 1672.69
