Route #1: 29 93 122 305 156 151 152 131 23 215 155 62 126 32 153 154 150 58 17 311
Route #2: 121 201 244 224 84 260 312 248 59 174 315 159 226 4 278
Route #3: 221 118 83 98 95 125 137 141 142 135 51 124 161 76 132 39 66 91 24 26 217
Route #4: 87 123 149 310 116 191 114 214 70 79 216 53 190 187 38 35 10 30 27 101 80 31
Route #5: 202 172 193 139 94 109 46 56 61 318 85 138 264 229 69 72 41 77 136 86
Route #6: 269 11 107 148 44 271 268 313 92 90 257 3 182 20 173 170 28 199 306 195 178
Route #7: 210 239 225 113 228 258 266 203 299 291 45 43 246 307 296 281 285 267 301 280 243 292
Route #8: 42 57 177 36 218 100 99 47 40 88 19 282 129 219 212 130 196 189 108 176
Route #9: 211 320 34 208 227 220 48 272 251 262 287 82 13 16 18 6 303
Route #10: 247 14 33 294 293 21 22 5 304 300 276 273 275 277 279 249 234 231 223 213 222
Route #11: 209 242 9 12 253 255 256 254 250 270 54 52 290 49 50 289 183 25 263 259 7 317
Route #12: 237 205 204 236 241 233 235 238 232 288 302 297 295 309 206 181 316
Route #13: 245 117 134 274 283 128 298 286 133 146 144 145 147 140 261 284 119 265 240 314 319
Route #14: 60 63 308 75 111 89 97 96 169 105 188 194 192 81 197 230 120 110 175 165 127 67 106 1 2
Route #15: 143 157 186 198 207 164 167 166 160 162 115 103 104 252 200 168
Route #16: 112 179 180 163 102 15 37 64 65 74 8 73 71 68 78 158 171 184 55 185
Cost 153806
Time 769.946
