Route #1: 254 255 249 225 227 238 193 190 259
Route #2: 200 209 213 242 86 87 178 180 182 270 130 6 172 14 161 143 112 114 164 208
Route #3: 105 116 160 268 23 256 27 260 257 109 122 38 258 132 167 9 158 274 253 96 8 121 48
Route #4: 170 59 79 58 149 162 146 235 233 93 63 40 61 2 185 89 234 236 230 232 231 229 5
Route #5: 22 1 76 179 42 41 68 135 4 174 88 187 95 98 262 84 226 239 65
Route #6: 10 20 77 50 125 33 75 66 74 199 237 99 219 90 110 207 113 189 202 218 228 118
Route #7: 201 72 44 186 175 81 150 129 145 111 157 106 11 176 108 245 188
Route #8: 244 223 196 248 215 45 252 83 134 181 206 7 151 37 144 43 147 120 51 159
Route #9: 168 60 52 15 133 243 247 97 210 101 82 57 39 192 119 123 91 156 92 131
Route #10: 12 137 47 36 250 217 169 107 64 142 21 197 100 80 55 18 102 67 71 194 17 85 53 224
Route #11: 115 73 152 205 216 104 166 69 126 211 261 117 204 70 25 13 34 148 240 263 26
Route #12: 183 195 62 78 221 163 212 24 266 251 222 3
Route #13: 246 35 32 28 16 128 49 127 46 29 31 94 30 136 138
Route #14: 273 272 153 191 214 171 154 165 184 203 220 124 177 139 103 54 141
Route #15: 241 140 155 265 269 198 19 173 271 264 56 267
Cost 148475
Time 319.013
