Route #1: 193 114 126 170 4 191 205 181 130 206 87 140 163 184 212 207
Route #2: 46 216 19 21 48 85 35 63 64 5 214 138 125 29
Route #3: 120 96 9 2 103 128 82 7 75 73 94 88 165 180 112 95 143
Route #4: 188 129 135 115 107 174 167 132 196 198 185 18 217 61 111 173 57 40 153 41 39
Route #5: 31 225 81 54 36 106 105 104 15 113 16 223 186 133 179 12 160 137
Route #6: 195 215 219 76 42 141 6 27 227 169 142 159 49 32 70 80
Route #7: 68 98 97 100 101 102 146 148 155 123 134 91 118 119 136 122
Route #8: 116 92 201 25 175 11 187 194 226 229 59 199 45 78 33 233 237 164
Route #9: 53 89 90 44 67 74 8 52 22 99 23 10 177 151 131 127 124 144 203 200 190 197
Route #10: 172 157 3 152 158 145 150 162 110 147 178 183 189 232 234 230 231 13 192
Route #11: 168 24 26 30 72 166 34 50 117 51 108 55 121 83 139 154 62 213
Route #12: 210 208 84 77 182 58 156 47 60 202 79 86 236 109
Route #13: 20 224 28 71 209 56 93 65 220 228 1 17 69 66 38 43 14 218
Route #14: 149 171 222 161 37 204 221 235 211 176
Cost 145124
Time 321.217
