Route #1: 513 253 131 293 479 585 338 387 422 7 12 227 13 51 17 214 158 37 369
Route #2: 460 297 359 542 129 229 23 151 153 574 166 179 125 530 305 461 48 521 450 33 86 514 399 100 406
Route #3: 243 511 395 218 101 173 196 391 247 458 348 549 201 433 45 46 506 436 416 268 55 283
Route #4: 457 344 333 404 390 541 186 490 212 486 358 409 266 172 298 346 27 352 141 482 58 140
Route #5: 285 22 244 152 269 169 287 250 586 534 120 69 87 496 411 257 261 508 306 429 34 47 50 231 224
Route #6: 271 528 91 177 43 246 510 487 459 477 452 295 435 451 494 431 392 156 149 276 304 35 208 394
Route #7: 122 121 107 108 408 99 566 185 272 382 167 280 216 222 498 335 341 505 500 105 202 72
Route #8: 64 343 211 204 290 262 425 242 483 423 61 78 526 316 491 351 256 576 519 278 279 147
Route #9: 113 134 103 501 255 4 190 154 145 67 489 363 118 568
Route #10: 334 236 350 181 380 111 471 439 80 324 537 499 44 368 200 308
Route #11: 223 182 106 421 515 443 396 445 328 225 454 472 417 217 126 42 9 504 522 230 342
Route #12: 415 241 419 330 203 162 497 405 516 517 184 467 97 400 15 275 54 323 8 73
Route #13: 234 424 117 493 138 199 155 397 572 292 340 327 518 538 174 573 544 219 170 39 93 161 488 384
Route #14: 559 412 299 540 296 66 59 209 337 252 284 581 465
Route #15: 362 339 580 128 226 492 531 361 478 539 570 215 11 345 92 194 175 427 139 377 313 192 550 437 553
Route #16: 137 159 567 20 30 571 14 160 470 232 95 19 410 143 378 312 136 430 503 251
Route #17: 426 38 385 89 527 464 259 440 545 507 357 85 235 456 381 25 360 57 569 123 248 558 366
Route #18: 228 1 36 502 468 495 18 237 109 374 96 309 332 432 16 448 578 525 83 135 157 260 220 189 446 551 81
Route #19: 282 110 462 388 556 535 532 74 60 555 398 524 302 376 314 52 213 547 240 372 28 112 311 329 480 523
Route #20: 245 315 84 114 474 543 233 142 325 442 146 148 307 557 575 463 579 133 413 331 469 326 144 56
Route #21: 401 171 6 565 32 205 389 466 420 26 3 441 373 10 577 206 188 249 127 356 94
Route #22: 65 53 583 29 90 476 198 475 294 365 76 21 193 5 254 393 310 434
Route #23: 178 49 371 322 289 191 102 41 124 300 24 274 386 582 119
Route #24: 548 481 150 68 176 552 116 115 317 383 560 354 473 367 318 379 2 353 301 277 273
Route #25: 444 270 364 402 163 407 132 195 168 428 165 562 455 239 564 207 447 509 210 453
Route #26: 563 267 403 414 347 529 303 221 291 281 258 449 485 536 63 130 286 561 355
Route #27: 197 31 75 98 264 484 584 71 238 82 164 349 418 187 370
Route #28: 319 520 180 321 533 336 263 554 375 62 70 546 288 183 438 104 320 79 77 40 265 512 88
Cost 290265
Time 1014.42
