Route #1: 327 212 13 229 36 39 68 102 328 325 179 222 205 217 218 16 19 223 232 261
Route #2: 293 210 292 195 9 14 12 23 21 263 339 267 300
Route #3: 290 318 25 48 257 192 191 41 134 142 137 299 283
Route #4: 262 284 109 165 189 252 107 250 258 245 227 181 213 153 154 157 228 203 185 280
Route #5: 270 294 80 184 331 334 226 169 162 251 289 240 234 312 296
Route #6: 91 81 194 271 110 42 96 26 193 85 236 55 89
Route #7: 219 66 182 67 8 11 265 176 233 209 316 333 63 329 126 319 136 106 148 163 307 282
Route #8: 332 338 56 216 259 20 51 57 145 97 33 337 330 301 288 225 295
Route #9: 44 302 30 123 95 112 143 140 124 133 53 171 160 43 155 94 7 6 62 73 183 197 198 28
Route #10: 247 152 255 264 201 244 35 128 118 117 108 115 314 320 303 10 254 249 239 64 315 70
Route #11: 125 71 275 161 304 324 18 158 211 138 200 308 167 172 1 146 147 135 59 60 32
Route #12: 132 84 175 98 100 173 49 52 61 38 170 127 92 131 141 69 279 174 298 285
Route #13: 101 224 230 260 287 5 103 313 309 17 34 82 87 104 114 113 50 72 305 159
Route #14: 168 186 187 238 220 323 274 4 24 65 83 86 231 93 116 149 235 256 156 272 243 3
Route #15: 246 77 196 99 221 151 188 58 180 253 266 15 202 204 79 78 281 321 2
Route #16: 268 130 22 46 199 215 37 297 74 322 76 31 40 242 276 273 277 278 311 241
Route #17: 326 190 119 129 269 29 120 88 248 27 47 45 150 166 144 90 237 335 336 105
Route #18: 291 139 306 206 207 310 317 164 177 121 54 286 178 122 214 75 111 208
Cost 191319
Time 442.005
