Route #1: 185 400 173 172 337 316 125 187 376 178 81 329 34 11 364 203 327
Route #2: 355 4 180 318 149 324 48 130 394 233 289 388 107 309 323 12 280 242 71 254 340 354 73 215
Route #3: 2 347 123 202 268 153 360 375 377 356 37 251 379 17 264 357 235 77 195
Route #4: 47 368 314 346 317 80 249 103 50 46 248 310 230 277 156 365 102 214 68 105 260 169 127
Route #5: 352 51 147 207 5 274 290 25 396 303 216 392 41 334 285 225 7 189 297 70 307 16 284 64
Route #6: 174 288 253 374 269 170 151 231 353 397 177 66 200 302 52 76 122 21 28
Route #7: 282 385 144 131 165 338 35 49 62 315 9
Route #8: 232 304 270 135 57 370 109 273 358 44 265 184 250 286 137 372 234 132 27 95 222 390 116 291
Route #9: 87 391 296 136 257 363 237 6 313 209 86 403 371 241 293 258 67 238 190
Route #10: 140 393 159 191 90 83 213 163 124 201 308 197 305 389 224 266 330 182
Route #11: 96 45 271 325 104 362 283 367 22 359 263 134 160 246 166 272 381 276 320
Route #12: 171 342 78 194 311 141 150 312 227 23 114 40 18 120 196
Route #13: 30 333 88 188 89 331 212 167 348 300 138 301 339 117 60 382 267 321
Route #14: 15 175 36 82 115 221 223 100 93 145 373 226 164 108 255 92 29 24 181 99 287 65 106
Route #15: 345 380 295 42 39 244 112 204 154 129 239 245 152 53 292 31 205 319 217 387
Route #16: 179 208 58 211 261 55 74 146 344 10 252 206 384 336 8
Route #17: 19 228 91 20 193 133 118 54 101 97 350 33
Route #18: 328 43 275 299 85 61 220 326 75 395 111 322 14 210 143 183 256 128 126 383
Route #19: 63 306 121 378 351 366 84 162 157 398 332 148 13 72
Route #20: 139 281 361 259 176 240 26 3 278 1 158 199 386 298 192 335
Route #21: 401 79 218 38 119 369 236 69 32 402 247 94 161 142 98 349
Route #22: 341 262 198 110 399 294 343 186 113 229 168 279 219 59 243 155 56
Cost 247466
Time 426.376
