Route #1: 199 230 209 207 21 260 25 167 176
Route #2: 229 252 3 255 51 74 77 43 86 87 78 73 5 213 251 217 49 55 30 31
Route #3: 164 83 156 6 104 100 190 59 92 193 76 188 110
Route #4: 220 243 258 246 231 26 222 206 178 166 155 131 146 152 85 159 97 126 47 98 212 147
Route #5: 262 11 12 8 10 248 247 111 235 241 24 233 236 38 244 257 186 228 223 242
Route #6: 250 46 196 7 9 66 50 65 58 183 42 88 60 138 56 144 29 117 91 101 125 84 108
Route #7: 53 148 107 157 160 175 139 105 195 132 134 142 145 184 162 151 113 109 96 39
Route #8: 128 200 106 17 191 238 224 14 216 240 249 254 234 13 4 22 18 23 19 215
Route #9: 130 129 63 52 103 205 40 168 253 194 214 204 203 71 227 54 69
Route #10: 201 218 172 33 256 15 16 187 179 75 198 143 171 112 114 79 2 94 27 202 232 239
Route #11: 68 99 177 72 154 192 173 127 123 161 165 118 67 93 82 57 95
Route #12: 64 150 1 121 48 102 61 185 140 35 32 122 119 124 120 158 261 170 245
Route #13: 137 226 259 237 90 28 45 44 141 37 34 221 210 208 219 225 169 153 133
Route #14: 181 182 197 62 81 174 70 89 116 136 163 41 211 189
Route #15: 115 180 149 20 36 80 135
Cost 152492
Time 528.455
