Route #1: 224 211 204 176 186 195 322 197 174 171 47 49 102 20 55 61 67 283 62 107 1 77 84 181 179
Route #2: 222 168 148 145 142 227 165 154 219 216 206 226 129 175 170 112 106 104 103 110 189 190 248 246
Route #3: 223 99 208 198 57 56 164 73 82 131 157 184 98 200 105 159 111 87 115 173 183 60 220 54 238 123
Route #4: 255 16 269 245 132 134 299 139 153 152 136 205 141 178 172 118 215 209 230 236 254 314 10 298 53
Route #5: 247 259 257 265 261 244 249 92 225 81 253 109 293 301 122 119 95 100 327 308 135 239 133
Route #6: 138 71 80 318 312 185 277 294 287 96 21 30 304 26 320 276 324 270 7 9 279 288 275 271 266
Route #7: 235 272 11 274 286 303 68 24 64 52 125 127 41 46 319 76 317 321 302 297 296 267 260 221
Route #8: 28 130 311 241 151 32 89 5 45 256 258 252 263 280 295 284 250 290 90 264 251
Route #9: 268 285 326 273 69 313 281 307 14 188 39 13 191 93 289 291 292 97 74 316 38 12 315 167 59 19 17 70
Route #10: 203 202 166 75 228 108 182 217 201 144 143 149 199 305 23 310 278 22 187 194 58 4
Route #11: 79 306 128 140 147 48 31 50 231 29 120 78 40 51 214 232 243 25 3 15 2 65 43 240
Route #12: 328 323 91 161 163 229 192 160 169 126 27 114 212 94 42 36 37 8 233 262 325 33 282 6
Route #13: 137 180 63 72 101 113 117 210 146 196 44 66 207 234 121 116 309 150
Route #14: 242 124 218 193 213 34 18 85 88 35 155 177 158 156 162 86 83 237 300
Cost 147768
Time 292.927
