Route #1: 223 55 69 357 46 74 322 151 198 2 92 126 89 247 129 388 372 8
Route #2: 196 373 105 169 14 166 245 192 36 323 291 250 70 273 311 64 283 289 397 270 191 307
Route #3: 143 39 287 72 53 338 84 317 371 209 361 114 181 303 148 298 259 343 391 370 369
Route #4: 61 205 265 138 22 316 342 352 157 13 132 190 102 282 276 154 158 29 80 233
Route #5: 49 335 304 300 106 182 37 309 38 156 26 63 294 195
Route #6: 346 230 353 377 290 339 219 392 47 350 326 344 77 378 213 288 108
Route #7: 58 374 50 225 165 97 243 395 52 160 98 153 19 86 232
Route #8: 3 121 134 188 57 87 75 235 327 241 285 96 68
Route #9: 48 110 118 140 305 264 59 386 306
Route #10: 113 40 380 35 170 79 179 385 365 227 12 268 171
Route #11: 135 73 189 360 164 6 355 137 308 356 43 333 330 93 217 7 332
Route #12: 85 1 277 99 94 115 197 229 319 128 180 133 375 382 174 145 44
Route #13: 112 25 167 95 210 248 367 104 234 107 340 279 88 334 31 56 257 71 109 18 28 368
Route #14: 83 347 286 62 284 161 10 278 266 296 82 269 272 280 124 111 168 220 358 78 123 256
Route #15: 324 41 100 130 187 260 390 302 122 162 274 281 9 354 299 267 211 320
Route #16: 349 239 54 27 139 252 312 387 295 384 65 275 237
Route #17: 32 396 120 246 215 172 146 212 216 251 258 221 364 224 399 313
Route #18: 30 242 119 362 261 376 21 214 379 337 207 398 144 341 45 125 42 318 381 23 262 176 186
Route #19: 325 136 253 315 152 155 147 159 163 208 206 393 24 193 331 131 228 329
Route #20: 51 389 310 16 15 203 194 91 81 301 238 178 11 244 359 271 101 20 60 201 351 185 204 293
Route #21: 255 336 150 127 348 263 116 184 240 117 226 177 66 175 328 292
Route #22: 314 249 103 33 4 34 394 218 363 141 173 236 366 199 231 321 345 17 183 90 142 67
Route #23: 383 76 297 222 202 5 200 254 149
Cost 250361
Time 461.839
