Route #1: 251 135 88 253 282 234 255 109 184 70 29
Route #2: 266 111 224 36 207 265 69 257 169 121 124 98 149 296 95 130 101 11 198 84
Route #3: 115 271 246 249 117 279 75 26 31 89 263 173 177 68 22 147 205 237 6 5 9
Route #4: 294 110 278 144 105 212 196 39 250 290 102 7 162 182 133 4 10 291 193 163 164
Route #5: 283 204 123 157 241 268 1 191 49 99 245 67 175 230 233 208 81 252 34
Route #6: 148 139 206 56 185 120 180 209 222 19 52 151 132 77
Route #7: 214 38 127 104 146 118 126 141 267 259 289 213 153 220 60 65 3 195 131 76
Route #8: 85 37 50 183 14 272 176 41 232 210 15 13 254 18 292 215 44 72 239 42 125
Route #9: 92 28 96 227 113 199 62 270 71 79 244 100 35 242 55 194 122 58 277 66 142 80 281 61 78
Route #10: 235 25 83 152 179 190 47 280 201 150 221 218 74 51
Route #11: 189 138 116 186 211 30 82 43 286 45 260 86 231 91 20
Route #12: 248 108 275 48 273 264 32 226 94 8 97 119 23 238 143 170 137 17 103 284 288 174 178 134 112
Route #13: 202 243 287 59 188 225 187 129 167 285 145 181 166 161 160 269 274 93 64 107 228 171
Route #14: 106 203 33 53 256 229 156 128 165 223 12 27 57 73 54 200 159 154 276 262 158 87 247 295 63
Route #15: 114 258 240 40 172 236 90 217 16 261 192 293 136 216 24 46 140 21 197 2 155 168 219
Cost 130425
Time 420.8
