Route #1: 94 128 92 314 368 360 395 168 91 269 239 311 276 257 123 488 93 469 456 467 484 408 290 496
Route #2: 482 114 394 414
Route #3: 134 84 103 303 472 199 73 382 53 56 184 80 373 113 411 487 145 74 68 15 125
Route #4: 120 344 173 95 58 13 409 454 177 196 54 87 43 25 226 232 115 437 486 495 499
Route #5: 422 447 267 57 111 14 139 157 272 455 339 424 319 428 442 6
Route #6: 141 71 21 12 332 352 178 405 418 265 227 470 151 384 448 412 406 132
Route #7: 55 410 436 337 219 420 48 423 296 221 398 228 167 260 425 432 31
Route #8: 341 363 369 407 160 483 421 427 218 317 131 142 67 431 383 371 419 117 99 477 485
Route #9: 473 498 401 402 34 88 182 350 435 156 147 385 331 292 278 478 237 36
Route #10: 79 137 308 310 297 300 122 124 413 263 329 274 465 213 153 466 2 172 223 208 202 316 302 291
Route #11: 37 38 430 255 116 101 230 333 210 164 224 235 41 289 283 282 281 136 149 33 143
Route #12: 262 231 304 312 306 158 336 347 152 247 211 24 217 188 170 59 433 323 60 180
Route #13: 457 133 130 5 493 490 439 78 426 102 69 90 107 106 77 243 242 85 29 452 376
Route #14: 183 203 110 83 154 189 222 75 266 112 155 171 309 471 318 258 212 248 254 438 7 494 96
Route #15: 204 330 165 244 206 251 444 400 307 236 386 392 379 389 387 388 453 9 326 353 367
Route #16: 345 187 458 245 197 126 22 185 277 181 3 63 86 44 18 192 162 127 148 215
Route #17: 193 441 105 62 10 313 35 20 351 380 440 150 4 104 191 108 109 119 374 159 65 275
Route #18: 214 233 30 375 397 378 366 361 161 169 175 146 163 174 357 356 194 207 348 176 240 121
Route #19: 89 144 190 320 390 179 362 52 186 370 238 294 138 118 315 287 32 140
Route #20: 220 261 273 450 268 11 28 393 225 1 463 443 492
Route #21: 415 429 342 417 346 416 349 364 322 328 81 98 135 46 27 40 229 271 298
Route #22: 338 97 295 129 66 49 377 246 16 166 479 250 264 293 195 491 489 497 252 216
Route #23: 445 284 279 476 301 270 209 462 201 475 474 17 249 280
Route #24: 464 446 343 396 372 321 354 358 359 19 51 47 50 42 305 8 286 26 355 327 459 461 434
Route #25: 288 299 256 61 64 45 70 82 285 365 391 381 76 403 100 399 451 200
Route #26: 460 480 198 404 234 253 468 449 340 335 334 325 481 324 23 259 39 205 241 72
Cost 264218
Time 755.97
