Route #1: 166 232 22 131 132 184 222 153 135 113 109 99 6 48 127 100 90 72 233 40 10 191 155 79 208 234
Route #2: 229 158 140 133 118 102 85 86 91 120 2 170 181 145 136 167
Route #3: 31 129 43 32 15 14 71 3 65 157 89 164 152 112 88 83 61 58 44 34 39 161 9
Route #4: 193 168 84 151 67 50 1 134 82 80 165 37 142 243 146 147 185 159 156 172 171 87
Route #5: 27 62 201 126 128 189 115 160 212 216 104 110 224 121 213 219 119 194 207 53 41 33 38 35 29
Route #6: 150 148 178 188 205 199 197 200 209 246 210 13 12 244 202 183 107 130 175 163 46 19 78 77
Route #7: 196 195 238 16 17 68 26 25 23 36 206 93 96 75 73 240 8 227 247 5 241
Route #8: 190 198 221 236 242 235 63 55 51 176 98 230 60 24 4 220 218 231 237 239 203 187 226
Route #9: 81 177 106 214 143 69 225 122 30 173 179 192 217 215 211 42 64 174 125 117 162 59
Route #10: 149 45 94 74 105 57 70 92 54 7 11 154 182 144 204 228 18 20 111 28 47
Route #11: 114 76 137 180 49 138 139 95 169 186 141 66 52 56 116 223 124 101 123 108 103 97 21 245
Cost 122935
Time 301.249
