Route #1: 186 194 211 202 206 187 121 210 209 99 147 34 15 208 198
Route #2: 55 161 59 106 40 123 164 49 57 78 91 96 204
Route #3: 167 90 171 68 182 154 155 8 127 189 1 145 183 169
Route #4: 143 111 69 30 212 7 23 27 70 33 35 105 41 39 50 29 87 176 18 192
Route #5: 114 116 120 119 124 137 133 135 126 156 153 149 150 141 139 131 102 88 89 77 58 48 37
Route #6: 151 11 67 152 205 98 93 130 53 62 162 17 16 19 172 134 191 196 197 160
Route #7: 43 5 4 159 166 178 180 21 74 82 117 140 175 177 146 108 118 125 129 107
Route #8: 25 76 86 72 83 46 32 199 6 80 63 52 64 65 13 195
Route #9: 104 24 179 109 115 101 92 132 188 42 31 136 47 51 113 112
Route #10: 100 85 22 193 190 200 128 44 45 54 36 10 14 207 201 173 184 110 73 56
Route #11: 28 71 26 38 12 174 165 103 138 20 3 79
Route #12: 97 94 66 60 185 158 84 81 168 163 75 61 95
Route #13: 181 157 148 203 142 122 144 9 2 170
Cost 124052
Time 229.537
