Route #1: 152 157 326 330 332 192 178 147 328 317 289 91 261 248 250 278 262 146 303 111 134
Route #2: 66 34 93 76 106 121 60 46 108 292 5 233 281 130 170 43 153 212 198 105 291
Route #3: 241 65 95 103 206 110 11 185 100 21 218 1 202 230 267 264 269 9 8 229 51 54 220
Route #4: 29 109 158 150 123 124 4 13 28 221 3 90 97 239 237 263 307 258 184 169 120 77 25
Route #5: 227 116 154 240 204 179 67 53 79 7 168 298 315 314 128 196 174 175 226 296 72
Route #6: 271 94 280 272 247 129 78 113 176 52 338 117 32 50 199 132 56 231 333 311 219 186 156
Route #7: 22 181 131 45 306 2 122 135 159 163 166 63 68 201 71 33 223 316
Route #8: 55 279 273 81 107 24 44 275 18 321 140 89 88 96 171 207 295 6
Route #9: 285 236 290 14 138 302 16 323 325 322 118 126 209 83 38 304 127 190
Route #10: 277 48 139 151 36 64 194 243 244
Route #11: 266 99 37 232 274 245 329 287 61 208 224 310 238 136 30 87 294 293 119 133
Route #12: 299 27 10 35 265 23 92 98 42 173 84 162 183 182 188 165 73 70
Route #13: 102 155 145 19 75 80 104 74 57 313 125 39 336 148 324 17 15 268 69 319 115 114
Route #14: 193 222 217 177 210 137 144 286 191 26 256 270 41 40 47 49 85 259 211
Route #15: 62 31 301 308 257 189 203 112 82 101 334 234 276 288 160 161 253 197 195 200 167 213 284
Route #16: 164 187 172 216 225 335 337 300 86 255 260 251 59 58 142 12 149 318 309 228
Route #17: 242 282 249 305 297 205 143 141 180 214 215 20 252 327 312 283 235 331 320 254 246
Cost 196452
Time 674.287
