Route #1: 32 42 92 54 82 78 205 50 178 79 180 118 123 122 41 40 89 90 116
Route #2: 188 49 193 76 149 124 74 53 10 171 199 135 127 101 100 98 4 5
Route #3: 65 18 129 125 81 161
Route #4: 63 198 143 168 73 179 160 88 64 154 174 99 97 96 107 108 93
Route #5: 182 11 30 1 52 201 68 184 48 83 75 202 23 22 192 44 105
Route #6: 69 162 204 196 181 115 7 131 110 6 31 33 119 36 133 59 144 172 136 37 197
Route #7: 114 66 147 111 14 138 51 26 71 60 2 35 175 189 121 38 137
Route #8: 24 157 120 15 87 95 16 84 61 117 132 46 169 43 86 210 176 126
Route #9: 47 139 163 158 70 146 191 190 134 167 55 109 39 25 130 12 173 85 77 185 186 112 113 141 164 165 194
Route #10: 140 145 209 27 208 166 153 183 177 62 17 187 151 200 106 156 102 94 67 104 56 20 148 45 203 34
Route #11: 72 9 19 13 21 206 8 195 142 159 170 3 28 103
Route #12: 91 57 150 152 207 29 80 155 58 128
Cost 97246
Time 180.708
