Route #1: 149 94 203 202 133 233 187 200 232 243 225
Route #2: 160 138 194 147 79 228 100 95 176
Route #3: 2 111 33 143 44 78 73 65 224 16 220 37 245 84
Route #4: 75 128 14 242 196 168 67 92 169 210 145 13 190 43 60
Route #5: 101 72 57 191 88 193 172 125 206 207 197 186 121 97 24 89
Route #6: 178 201 157 115 114 247 105
Route #7: 55 104 69 68 137 34 122 227 195 179 96 223 103 152 146 35
Route #8: 20 159 112 148 158 151 150 136 155 113 71 118 134 70 59 127 66 180 99 156
Route #9: 204 52 237 239 5 222 218 124 19 1 90 4 12 235 141 123 163 131 102
Route #10: 21 142 251 10 248 106 27 22 25 9 230 219 174 188 240 231 166 32 182 183
Route #11: 15 26 36 47 108 7 120 117 29 28 126 217 212 64 153 39 82 81 74 229
Route #12: 170 107 30 85 42 61 91 93 199 208 41 45 254 167
Route #13: 129 109 177 144 214 246 23 38 46 54 130 58 110 62 63 8 51 241 221
Route #14: 216 238 226 252 234 205 171 162 215 161 184 189 175 173 140 135 213 132
Route #15: 211 236 181 192 249 11 17 87 244 53 165 139 164 185 76 6 83 80 18 116
Route #16: 209 98 56 154 198 77 48 49 40 86 31 119 250 50 253 3
Cost 162063
Time 384.055
