Route #1: 94 152 170 149 165 159 76 102 225 30 51 54 40 1 185 188 153 221
Route #2: 5 21 73 9 71 222 2 146 134 23 191 111 208 92 123 184
Route #3: 174 117 224 175 68 204 90 187 81 143 11 100 218 171
Route #4: 213 64 209 66 229 180 99 31 163 49 29 104 25 72 122 106 130 61 131
Route #5: 194 211 44 147 3 58 38 148 190 17 178 215 112 196 120 202 33 86 95 115 125 150
Route #6: 32 80 47 114 14 74 34 82 77 10 42 41 63 12 103 168 161 157 167
Route #7: 96 35 177 156 22 50 39 217 75 88 198 124 62 97 151 79 162 109 186 6
Route #8: 19 127 164 113 136 98 8 53 145 219 15 83
Route #9: 201 137 119 214 59 36 227 65 166 45 60 48 155 142 118 169
Route #10: 189 101 141 193 4 199 228 89 181 121 172 210 116 200 154 108 205
Route #11: 176 56 223 226 132 110 91 138
Route #12: 212 216 7 230 179 139 203 105 85 52 84 160 182
Route #13: 78 140 158 93 26 192 13 135 207 27 18 126 144 197 57 67 46 20 16 183 69
Route #14: 24 173 43 128 55 129 220 133 195 70 206 107 28 37 87
Cost 165976
Time 193.959
