Route #1: 218 356 37 328 243 393 395 6 300 385 236 272 16 173 149 263 330 288 98 412
Route #2: 372 200 50 21 224 319 167 187 387 117 240 184 357 306 252 296 103 237 52 189 340
Route #3: 216 358 97 256 317 307 403 122 35 179 125 45 87 154 39 101 60 207
Route #4: 174 301 108 89 53 186 280 44 386 177 321 188 294 337 197 132 274 130 102 291
Route #5: 109 40 124 158 375 346 55 118 338 284 334 62 221 143 17 175 349 82 116 75 408 360 107
Route #6: 49 74 246 46 32 211 399 63 227 34 235 25 111 336 287 303 133 278 242 348 178 18 79 180 392
Route #7: 325 162 388 19 342 128 36 192 333 314 239 146 232 112 95 138 23
Route #8: 396 100 261 169 367 355 241 353 416 15 205 295 8 195 159 361 99
Route #9: 411 165 42 41 141 136 413 249 332 151 182 191 94 350
Route #10: 24 161 351 129 66 364 31 65 391 126 193 310 202 209 394 398 225 368 110 269 370
Route #11: 377 285 153 229 309 127 363 47 268 373 90 10 206 405 183 230 259 28 86
Route #12: 168 26 81 215 210 320 275 397 92 376 198 93 78 77 371 316 106 85 270 407 83 176 121
Route #13: 115 254 257 194 80 51 322 339 150 226 228 347 329 382 68 88 323 12 343 277 276 213 91 58 266
Route #14: 123 84 381 172 72 220 262 251 264 54 255 365 279 212 114 4 406 308 27 312 390 30
Route #15: 105 67 374 166 199 389 104 289 253 48 223 96 354 244 293 238 283 76 56 22 201 208 163
Route #16: 152 9 378 324 144 305 258 5 286 298 326 297 203 135 139 265 282 185 327 271 160
Route #17: 7 14 71 409 415 273 120 137 11 20 70 69 73 1 155 43 341 359 157 147 315 402 344
Route #18: 400 380 345 245 299 59 164 57 29 410 250 292 260 311 366 248 304 267 142 281 131 148 119 196 2 3
Route #19: 331 233 384 113 156 231 61 369 33 335 362 140 204 234 214 401 247 64 318 181 134 352
Route #20: 222 383 290 219 313 145 414 170 13 217 302 38 379 171 404 190
Cost 227741
Time 490.491
