Route #1: 148 93 114 29 41 47 7 48 25 46 192 36 130 82 131 45
Route #2: 60 37 18 103 55 129 128 159 194 209 23 91 100 89 210 8 199
Route #3: 12 145 21 9 57 52 74 4 83 106 40 49 43 132 107 13 149 182
Route #4: 68 176 67 151 158 180 77 70 59 64 203 185 181
Route #5: 2 99 171 201 146 164 6 127 136 139 212 123 170 105 94 125 156
Route #6: 160 190 61 173 155 197 193 174 206 1 11 38 39 26 189 117 98 28 208
Route #7: 14 24 143 202 168 191 138 200 31 86 51 85 198 75 211 10 207 3 195
Route #8: 32 76 80 120 115 116 137 108 104 162 157 163 142 167 140 141 42
Route #9: 63 113 20 33 179 178 121 184 152 90 88 97 177 111 147 109 53 73 71
Route #10: 56 188 150 58 92 22 15 205 34 35 54 50 19 16 144 44
Route #11: 5 96 183 27 187 79 84 62 101 169 112 119 69 110 204 72 17 87
Route #12: 134 126 133 102 65 118 124 95 135 30 66
Route #13: 175 172 186 122 196 78 81 153 154 161 166 165
Cost 131738
Time 254.208
