Route #1: 279 162 1 204 218 213 10 158 104 94 118
Route #2: 150 175 234 235 102 30 309 255 78 136 87 219 36 45
Route #3: 245 183 38 231 163 129 53 35 5 209 206 74 144 138 184 161 22 80
Route #4: 73 12 199 16 70 207 62 173 256 127 124 176 56 202 268 149 210 115 164 13 282 117 142
Route #5: 81 177 307 139 134 195 83 290 233 71 69 227 251 247
Route #6: 238 54 185 296 119 137 191 254 121 77 226 246 107 216 222 17 284 266 240 217
Route #7: 250 51 273 287 65 97 182 39 63 24 244 261 189 160
Route #8: 135 130 156 41 263 18 31 187 15 122 6 155 113 89 300
Route #9: 109 2 19 228 125 9 174 110 105 236 44 223 257 276 66 99 33 242 40 186 85 86 220
Route #10: 28 172 221 34 91 281 272 79 305 293 92 100 37 32 145 112 116 271 29 283 143 60 304
Route #11: 264 181 170 4 3 294 215 133 48 269 301 23 280 64 196 229 205 88 275 241 96
Route #12: 179 192 274 178 171 197 270 267 288 58 108 203 225 265 297 50 49 230 188 237 306 84 43 132 278 232
Route #13: 98 212 157 67 258 224 167 8 95 146 7 239 165 285 249 52 200 151 169 168 208 153
Route #14: 190 308 154 75 291 72 106 277 46 252 57 114 90 123 103 101 82 286 131 141 295
Route #15: 248 289 140 59 302 193 166 76 152 180 20 259 292 11 55 120 299 93 211 126 42 194 26
Route #16: 14 27 198 61 201 21 148 298 147 303 262 47 260 68 214 111 243 253 128 159 25
Cost 176884
Time 181.078
