Route #1: 66 53 77 140 210 63 97 137 220 105 168 169 258 144 57 1
Route #2: 188 103 197 37 201 251 102 94 229 180 187 172 155 119 112 76 20 8 247
Route #3: 233 88 185 32 221 175 96 11 179 189 200 48 128 212 205 19 139 154 253 194 25 262 226 18
Route #4: 132 150 92 90 118 29 104 260 87 46 9 202 10 158 67 23 224 129 24 152 242 256 234
Route #5: 257 142 95 238 6 114 109 5 146 45 80 170 34 65 59 56 151 49 86 99 36 127 182 217
Route #6: 164 116 167 207 183 261 136 232 68 161 165 241 171 91 162 184 30
Route #7: 38 39 44 54 156 43 62 107 83 47 160 35 130 12 239 227 215 17 78 181 26
Route #8: 51 204 208 259 265 245 120 254 64 141 85 193 28 117 21 206 218 147 124 263 106 58
Route #9: 235 214 250 2 174 52 163 192 237 16 61 4 60 14 50 93 252
Route #10: 264 236 216 177 198 133 225 81 176 138 111 122 228 79 159 70 213 186 246 113 98 89 115 240 244 173 15
Route #11: 166 145 199 27 255 74 100 121 248 196 211 22 230 223 13
Route #12: 190 126 191 149 178 33 3 69 7 55 131 203 153 143 31 249 243 84 40 71 108
Route #13: 75 222 123 195 231 148 134 135 101 219 41 125 42 73 110 157 209 72 82
Cost 162728
Time 306.977
