Route #1: 135 230 208 173 172 249 239 242 238 241 147 148 166 174 102 111 149 145 137 123 10
Route #2: 62 243 236 4 232 42 43 285 175 92 247 251 248 107 217 244 182 178 177 176 138 139 235 237 26
Route #3: 180 240 58 220 25 89 259 103 200 86 209 190 21 49 171 225 85 31
Route #4: 197 261 283 12 101 78 65 67 82 266 83 84 87 97 115 113 64 183 282 192 120
Route #5: 157 40 109 155 165 161 160 272 270 196 168 156 75 150 151 47 125 61 112 51 77 88 53 39
Route #6: 246 119 52 224 268 158 279 76 28 205 204 278 269 179 264 222 255 11 79 27 257 256
Route #7: 9 8 35 34 142 30 124 59 60 136 274 211 191 38 195 7 6 281 5 33 98 36 91
Route #8: 117 122 194 146 198 16 74 73 56 46 63 80 18 72 22 93 118 245 96
Route #9: 258 128 70 71 68 218 216 57 66 24 13 14 81 23 219 99 32 94 184 41 159 104 154 105 127 106
Route #10: 144 108 129 152 132 193 201 223 187 163 140 141 114 213 207 229 233 19 226 100 253 210 162 15
Route #11: 280 231 116 265 202 227 250 252 267 212 262 110 164 185 206 228 188 44 263 54 95 271 134 69
Route #12: 170 29 189 167 186 143 169 48 55 153 276 199 203 90 45 37 277 234
Route #13: 133 3 2 284 273 260 181 221 20 126 130 1 121 131 50 275 215 214 254 17
Cost 94135
Time 664.523
