Route #1: 115 178 247 339 87 308 271 4 57 228 95 220 231
Route #2: 285 1 157 159 194 307 196 103 359 28 175 161 185 149 304 127 215 284 325 128 137 291 296 3
Route #3: 257 234 353 267 121 218 21 344 200 166 51 297 213 172 236 76 83
Route #4: 358 98 209 277 78 238 110 302 85 330 313 80 258 280 212 138 19 199 239 343 323 356 84
Route #5: 311 75 336 286 288 125 24 47 283 205 14 64 244 197 89 186 184 65 94 50 70 335
Route #6: 96 101 355 68 314 30 69 292 16 223 58 332 354
Route #7: 54 49 36 109 214 329 158 298 15 108 92 142 310 113
Route #8: 342 290 139 79 241 350 195 181 72 5 361 264 301 120 242 201 227 2
Route #9: 233 136 349 309 262 104 164 305 169 32 268 203 256 174 219 255 226 217 243 129 40
Route #10: 303 261 17 328 173 37 111 48 154 259 306 13 86 251 287 9
Route #11: 230 39 150 362 53 208 204 266 351 119 341 295 224 189 141 131 294 8 156 210 198 41 331 56 35
Route #12: 183 245 99 190 216 326 299 145 74 333 81 105 118 252 133 67 102
Route #13: 293 187 117 106 240 274 62 27 34 211 170 254 152 93 180
Route #14: 122 275 91 66 319 253 168 42 352 146 348 33 22 279 100 346 114 140
Route #15: 222 60 162 123 134 153 61 327 207 25 11 18 316 357 347 88 177 322
Route #16: 144 167 38 90 107 263 132 334 23 282 20 45 250 300 46 176 12
Route #17: 143 124 276 135 55 82 97 43 324 71 337 31 26 312 315 260 281 179 171 232 221 165
Route #18: 249 155 246 360 338 206 191 248 235 29 269 237 321 363 126 270
Route #19: 77 273 147 44 52 130 340 229 320 73 225 112 272 345
Route #20: 289 6 7 10 318 317 59 63 163 182 188 148 278 202 192 193 116 151 265 160
Cost 211841
Time 225.098
