Route #1: 188 233 197 237 220 234 189 15 14 6 232 65 204 177 21 235 37 32 228 5 62 122
Route #2: 198 99 150 175 20 44 230 229 203 201 196 162 75 183 191 179 242 9 245 223 222
Route #3: 241 176 251 226 186 10 145 136 58 227 243 57 120 240 107 117 28 221 121 252 70
Route #4: 219 213 214 207 194 180 181 178 143 141 148 173 123 200 211 95 202 206 212
Route #5: 64 59 115 187 134 87 55 153 167 157 156 158 130 116 114 109 132 217 90 73 98 72 218
Route #6: 84 108 169 113 128 1 185 11 225 215 144 29 86 137 152 184 193 192 91 4 78 133 110 42
Route #7: 138 146 147 182 172 174 210 151 149 126 124 100 24 253 119 199 209 195 79 208
Route #8: 129 80 81 63 16 39 43 135 170 54 238 56 26 30 71 35 190 45 224
Route #9: 2 85 205 118 139 254 140 161 165 168 164 160 250 101 22 97 88 89 112 111 131
Route #10: 155 77 49 52 51 50 236 69 74 61 47 48 83 106 94 93 244 3 247 246
Route #11: 171 166 163 154 142 18 19 17 27 239 31 66 53 92 36 46 12 60 76 41 33 67 68
Route #12: 82 103 40 23 125 102 96 249 7 25 38 34 231 8 159 105 104 216 248 127 13
Cost 93478
Time 471.793
