Route #1: 264 132 347 68 54 88 83 397 55 401 11 391 380 377 375 366 307 320 349 341
Route #2: 354 376 407 90 104 422 93 96 103 98 94 19 412 417 414 28 395 394 43 398 76
Route #3: 10 383 364 365 379 188 33 38 52 182 357 162 324 128 185 413 18 152 72 177 418 67 393
Route #4: 114 34 101 69 419 202 44 346 331 336 337 314 71 137 222 405 256 131 140
Route #5: 9 313 327 321 322 358 16 77 78 160 46 400 392 36 363 387 12 13 343 344 421 20 317 330 348 329 304
Route #6: 79 70 390 58 113 112 108 97 372 63 56 254 81 80 102 99 91 212 143 136 234 149
Route #7: 269 272 133 271 221 92 118 119 249 147 250 270 290 278 273 257 148 169 406 411 403 389 186 318
Route #8: 246 415 242 230 228 158 146 156 157 184 192 258 178 266 306 191 240 236 244 281 292 29
Route #9: 360 262 333 167 175 154 35 227 231 5 189 370 219 95 180 338 129 4 179 381 353 166 261 355 151
Route #10: 51 61 388 209 87 3 325 216 312 32 126 203 378 190 172 141 194 263 21 6 62 339 197 217
Route #11: 371 368 142 163 66 45 64 215 73 65 288 109 198 139 165 111 409 74 251 287 385 369
Route #12: 199 305 204 374 42 153 259 334 361 2 350 85 300 27 302 1 8 362
Route #13: 293 41 220 260 359 200 408 352 173 150 82 386 23 100 218 340 226 176 89 335 127 15 138
Route #14: 22 40 145 285 120 117 106 233 214 332 309 399 243 193 110 294 205 213 252 37 326
Route #15: 423 210 144 49 134 124 170 211 50 39 373 229 384 48 57 14 283 410 196 342 277 247 296 276 235 284
Route #16: 26 404 396 53 275 223 319 75 323 308 122 239 121 159 174 164 161 155 171 402
Route #17: 245 299 274 60 265 267 420 17 125 123 59 207 208 316 84 105 206 195 268 253 248 24 291
Route #18: 382 224 225 241 187 345 201 367 280 297 298 47 328 311 303 116 135 351
Route #19: 315 7 279 168 295 255 31 107 282 25 86 130 183 289 310 424 356 416 301 286 30 115 237 238 181 232
Cost 204749
Time 435.483
