Route #1: 327 131 213 31 104 343 287 72 275 147 130
Route #2: 325 306 307 334 336 229 209 206 207 232 270 269 317 156 235 205 166 267 308 305 265 150 160
Route #3: 218 210 233 268 240 234 208 193 155 301 219 125 85 49 23 363 360 355 26 64 12
Route #4: 365 349 163 28 13 119 375 103 38 320 204 161 303 289 297 148 224 310 230
Route #5: 239 200 107 211 192 177 165 380 178 176 366 183 184 129 113 55 216 146 347 127 377 111 33 100
Route #6: 227 342 112 352 109 16 25 36 157 228 300 258 149 167 241 323 290 295 78 272 330 6 321 39
Route #7: 128 52 86 82 333 277 346 369 367 35 364 368 121 48 70 71 66 59 87 22 353 58 102
Route #8: 217 351 21 266 24 47 101 322 201 143 180 202 83 255 226 138 158 56 137 191 245 212
Route #9: 256 260 249 231 99 62 151 61 42 195 350 294 95 299 264 169 175 203 378 20 164 179 214 278 279 329 97 34
Route #10: 285 81 189 293 115 280 361 356 359 332 242 173 281 76 98 188 120 379 68 18 118
Route #11: 94 122 108 319 251 250 298 152 358 337 340 282 372 315 105 271 154 373 186 273 170 89 106 37
Route #12: 142 75 159 222 43 136 331 172 133 185 145 257 244 14 381 10 292 283 221 345 126 194 339 50 284
Route #13: 181 116 11 114 40 5 302 96 341 174 198 15 80 237 17 338
Route #14: 9 88 46 328 215 190 2 53 3 311 140 132 117 141 92 67 296 335 51 259 182 4 30
Route #15: 247 225 171 309 63 45 90 65 243 253 276 19 262 246 291 370 162 371 324 168
Route #16: 57 263 261 196 312 238 54 220 8 286 32 44
Route #17: 60 223 74 304 41 69 73 197 91 123 153 313 354 252 79
Route #18: 326 135 314 1 318 254 288 357 7 93 199 144 139 124 84
Route #19: 29 274 110 77 236 248 134 374 376 348 344 27 187 316 362
Cost 129298
Time 347.613
