Route #1: 247 145 144 155 203 235 207 191 186 25 223 62 174 153 240 46 114 254 249 13 6 57 123 156
Route #2: 54 106 177 76 136 77 78 189 179 132 185 34 48 197 107 157 188 237 151 47 66 111 56 88 222
Route #3: 130 255 43 17 11 96 83 190 253 28 84 7 243 250 137 70 71 95 184 195
Route #4: 167 161 168 194 162 85 234 229 218 219 224 166 160 141 199 165 175 169 148 139 221 198 220
Route #5: 64 115 242 173 226 233 206 208 252 248 122 110 241 228 217 230 225 116 152 50 33 127 134 170 171 227
Route #6: 216 120 205 214 36 29 201 143 125 212 232 192 129 117 131 164 51 181 103 26 105 124 100 52 93 104
Route #7: 42 154 176 172 31 258 49 1 213 18 35 238 109 118 159 133 178 9 24 209 239
Route #8: 67 211 158 79 204 19 150 138 210 98 99 44 91 101 163 147 30 15 12 41 86
Route #9: 244 183 202 149 72 245 89 53 60 55 81 126
Route #10: 92 90 82 73 75 74 63 80 32 59 61 58 45 231 256 40 3 2 38 21 180 236
Route #11: 257 39 22 23 142 20 5 4 182 128 246 259 196 200 69 94 102 27 113 112 14 87
Route #12: 97 108 65 68 37 10 187 215 251 8 16 135 146 121 119 140 193
Cost 88309
Time 450.152
