Route #1: 127 111 199 56 158 147 3 38 29 74 46 176 126 170 106 66 47 101 169 37 115 141 20
Route #2: 43 134 51 77 202 59 6 2 44 109 135 85 124 35 52 40 95 156 89 122
Route #3: 137 166 73 78 31 93 148 30 130 69 145 181 195 54 83 150 71 133 149 64
Route #4: 45 99 120 68 98 5 107 162 33 25 165 90 76 13 55 143 194 116
Route #5: 8 16 197 201 7 103 11 200 105 161 87 164 183 70 21
Route #6: 82 151 203 94 121 167 49 42 72 139 117 146 108 18 142 129
Route #7: 188 92 91 27 132 136 19 39 102 57 191 88 174
Route #8: 123 65 198 160 187 75 10 1 22 81 32 48 62 184 192 84 41 157 186 189 119 118
Route #9: 179 15 155 193 128 24 97 79 178 190 23 26 110 50 173 204 138 168 163
Route #10: 131 9 159 153 36 28 100 4 185 104 180 96 86 182 67 152 12 60 171
Route #11: 114 58 53 125 144 177 172 17 113 140 196 175 34 154 63 14 61 112 80
Cost 76076
Time 279.362
