Route #1: 204 211 140 152 246 139 59 253 149 67 215 29 32 127 282
Route #2: 131 10 270 304 66 88 134 274 84 283 251 309 40 73 209 163
Route #3: 28 260
Route #4: 294 223 217 237 202 176 190 241 185 95 3 174 166 229 44
Route #5: 104 9 286 35 167 105 130 277 112 75 37 108 199 200 164
Route #6: 97 299 74 292 31 80 188 298 307 265 153 5 171 38 305 303
Route #7: 52 289 208 101 85 60 72 119 133 13 49 103 156 205 26 71
Route #8: 56 136 252 141 184 2 178 267 281 57 297 301 250 78 264 121
Route #9: 120 186 198 70 242 94 197 98 77 169 276 48 62 154 161
Route #10: 109 278 93 113 306 64 46 247 256 58 8 187 155 20 79 115 232 214 262
Route #11: 47 132 179 168 230 128 36 268 226 114 228 86 34 142 25 137 182 227 290 145 244
Route #12: 173 17 269 210 245 18 239 24 193 27 99 106 41 159 65 261 147 183 308 220 43
Route #13: 218 69 263 254 207 124 118 291 81 234 23 296 240 189 206
Route #14: 12 1 39 11 257 255 310 258 236 272 117 45 100 275 216 21 219 122 195 284 76 259
Route #15: 19 170 192 90 144 279 157 15 87 175 146
Route #16: 222 181 203 273 55 249 266 30 225 201 135 91 96 235 224 165 162 6 116 158 300
Route #17: 92 243 293 233 126 68 129 82 288 280 285 4 138 61 172 302 213 180 16 42 22
Route #18: 191 89 102 148 151 33 271 63 54 83 110 123 221 287
Route #19: 177 143 107 231 14 248 212 160 125 295 7 150 51 196 111 194 53 238 50
Cost 234195
Time 350.217
