Route #1: 151 138 122 96 93 77 62 102 123 125 110 142 170 124 154 45
Route #2: 243 145 155 136 265 6 235 192 187 204 178 179 188 217 168 144 161 182 183 134 232 132 164
Route #3: 94 90 254 242 184 88 147 163 219 209 227 95 222 221 113 115 116 231 238 99 104 189
Route #4: 229 36 21 20 18 85 66 12 16 44 67 27 23 82 223 70 60 49 196 195
Route #5: 174 199 205 202 260 47 215 43 216 210 208 206 212 198 244 249 218 220 214 211 197 181 177
Route #6: 7 236 228 230 207 252 250 255 259 256 257 5 2 246 240 33 38 37 266 14 10 4 264
Route #7: 172 200 25 258 261 9 22 52 56 247 245 40 117 213 224 166 15 13 48 71
Route #8: 143 159 167 107 127 152 131 128 135 173 103 26 41 58 111 101 148 86 153 1
Route #9: 253 251 54 46 35 32 100 157 55 61 28 3 11 139 31 191 78 79 225 234 39
Route #10: 140 29 171 237 186 34 74 68 83 129 42 114 80 169 137 108 176
Route #11: 194 150 87 185 76 24 160 120 149 17 141 162 190 109 239
Route #12: 203 226 165 59 248 241 118 57 53 106 92 8 91 84 146 51 112 72 30 75 105 98 97 81 156
Route #13: 263 65 19 89 133 50 180 126 130 119 175 121 158 69 63 64 233 73 262 201 193
Cost 127468
Time 486.59
