Route #1: 137 158 243 4 350 286 324 317 264 319 197 344 349 351 151 106 91 94 268 117
Route #2: 105 248 326 112 358 227 361 353 327 274 166 38 74 187 196 337 213 148
Route #3: 133 25 116 183 173 34 131 219 320 40 168 198 318 81 136 113 80 108 47 362
Route #4: 98 92 130 141 62 345 21 93 72 128 306 129 228 191 185 175 142 119 18 188 174
Route #5: 247 135 295 178 159 280 161 313 88 256 37 67 172 311 17 68 73 356 304 265 222
Route #6: 157 200 223 201 207 229 71 314 226 233 284 259 276 277 193 167 333 293 180
Route #7: 290 255 69 99 16 300 89 1 164 156 184 204 205 217 218 138 266 250 294 206 299
Route #8: 328 132 281 240 336 357 189 114 102 75 51 202 312 220 97 2 54 182 190 214 231 90 77
Route #9: 181 212 199 147 125 152 101 33 208 267 235 150 251 254 272 210
Route #10: 177 58 60 239 241 46 57 64 221 84 63 55 36 216 154 126 118 143 224 186 252 234 253
Route #11: 29 48 26 359 215 124 209 203 146 127 120 121 103 104 144 85 86 111 225 123 249 230 153 140
Route #12: 56 115 242 257 195 162 163 278 160 179 176 321 322 170 169 340 342 165 339 155 149 134 139 332 323
Route #13: 238 273 283 296 338 302 298 310 7 8 14 50 49 334 341 343 31 5 355 308 316 303 11 285
Route #14: 244 287 23 236 232 258 305 347 325 291 307 292 288 76 352 22 270 96 363 211
Route #15: 9 301 3 70 28 30 6 10 43 53 52 346 95 360 24 27 44 42 41 65 61 13 59 330 289
Route #16: 192 19 261 275 20 282 309 315 329 331 335 348 364 45 66 79 354 78 12 271 15 260 269 171
Route #17: 263 122 83 32 297 39 87 279 109 246 107 262 194 35 245 237 110 145 82 100
Cost 174665
Time 576.722
