Route #1: 382 172 278 181 171 111 265 333 330 371 306
Route #2: 40 149 86 299 208 260 264 78 74 357 152 189 100 364 140 270 416 112 73 252 269
Route #3: 411 324 359 218 84 151 48 387 383 287 38 253 282 409 397 403 400 401 396 418 419 262 259
Route #4: 417 201 423 42 46 213 114 134 297 21 11 65 95 376 70 256 323 60 105 66 303 405
Route #5: 244 103 94 280 316 337 104 374 155 197 368 243 315 33 194 185 182 302 295 16 345 277 235 227 53
Route #6: 68 56 102 169 200 240 233 27 154 199 246 126 34 236 320 139 79 229 377 17 116 143
Route #7: 26 178 202 137 408 336 135 132 131 192 319 184 241 133 203 332 266 195 234 215 156 122
Route #8: 267 285 166 226 129 99 101 273 300 289 179 406 113 225 321 206 305 130 353 75 2 191
Route #9: 147 378 217 386 25 109 23 15 410 19 237 55 170 5 204 67 148 136 13 29 18 145 338 308 275 54
Route #10: 281 245 8 123 121 379 31 163 128 350 407 271 177 351 349 347 312 346 348 342 343 385 37 329
Route #11: 293 216 257 288 358 63 64 325 20 3 24 398 392 402 223 12 381 196 292 313 28 142 44
Route #12: 224 425 339 39 263 187 250 168 1 173 220 211 183 7 153 389 175 159 420 207 209 242 362
Route #13: 119 107 198 77 190 310 106 41 247 421 395 62 424 369 399
Route #14: 88 334 10 268 228 160 222 231 210 85 296 304 248 307 284 340 335 188 298 327 251 279 367
Route #15: 125 92 30 89 404 165 261 230 91 96 83 239 57 286 328 352 363 283 35 393
Route #16: 167 71 50 59 32 361 311 322 331 176 141 49 87 98 61 58 186 81 82 158 76 354 290 120
Route #17: 375 36 360 301 80 219 45 146 118 412 380 164 221 274 388 249 254 150 93 144 232
Route #18: 314 294 318 138 69 174 309 214 51 413 4 415 341 14 110 162 161 291 422 43 344
Route #19: 205 276 72 115 47 384 238 391 394 414 372 157 6 317 255 90 117 124 22 193
Route #20: 272 127 180 258 390 356 373 366 52 212 326 97 108 9 370 355 365
Cost 236555
Time 379.181
