Route #1: 185 24 98 33 141 9 188 257 7 13 228 124 103 241 3 51 140 246 253 120 232 15 243
Route #2: 17 47 164 93 18 139 11 125 113 108 65 100 106 133 109 1 74 23 142 111 61 167
Route #3: 233 81 117 46 42 43 16 136 45 189 90 122 245 119 39 78 114 56 138 179 151 171 30
Route #4: 5 58 254 200 191 85 172 37 176 225 49 48 247 69 70 194 54 20 229 237 53
Route #5: 177 226 222 84 75 214 187 123 255 110 62 96 19 170 115 55 31 2
Route #6: 154 72 236 207 248 59 231 175 131 79 215 38 216 68 4 77 252 166 112 239 26 118 64 63
Route #7: 22 94 82 182 40 155 163 235 127 234 116 44 238 240 143 76 91 199 14
Route #8: 8 184 178 57 135 129 251 89 165 126 173 132 32 198 80 203 190 227 99 144 27 52
Route #9: 174 67 104 66 168 6 36 186 95 137 41 21 192 34 71 258 87 92
Route #10: 10 134 73 83 230 256 156 244 25 28 29 195 60 12 197 105 212 242 183 97 88 169 204 218
Route #11: 223 213 221 211 202 210 209 208 196 224 157 160 217 150 149 148 181 180 193 86 201 102 205 206 219 220
Route #12: 50 35 147 152 161 158 153 130 107 249 250 101 128 121 146 145 159 162
Cost 113356
Time 198.074
