Route #1: 62 154 143 144 100 7 46 41 44 33 28 50 115 207 73 29 118 45 97 98 20 31 23 124 10
Route #2: 106 60 114 90 95 2 210 12 18 22 206 198 75 88 101 194 104 197 92 17 49
Route #3: 38 11 108 87 72 39 47 37 40 25 3 152 83 109 162 14 19 203 161 169 24 30 122 43 42 48 112
Route #4: 119 134 111 123 99 132 105 175 170 86 130 141 136 137 51 159 192 139 168 166 140 156 149 94 117 84
Route #5: 52 172 77 70 211 107 131 174 195 188 190 189 176 126 209 1 34 56 129 21 61 16
Route #6: 68 9 199 196 58 57 65 110 157 128 127 59 96 212 53 205 146 91 5 81 133 121 186 208 202 79 200
Route #7: 6 74 158 204 85 138 66 36 80 26 148 93 15 120 102 151 153 55
Route #8: 135 183 165 201 182 180 69 78 142 184 191 171 82 13 150 147 54 213 164 167 113 181 103
Route #9: 179 193 173 71 27 8 145 35 125 163 185 4 155 116 76 187 160 178 67 64 63 89 177 32
Cost 78188
Time 243.973
