Route #1: 146 130 124 121 139 85 91 14 243 3 128 122 87 92 123 59 216 57 126 151 262
Route #2: 2 141 149 203 184 265 120 86 241 177 62 150 88 27 114 80 89 168 176 33
Route #3: 99 142 157 173 103 187 202 209 231 77 39 244 180 193 199 31 16 175 196 183
Route #4: 188 161 84 207 226 167 25 192 134 174 83 32 70 5 68 279 60 9 282 12 50 281 26 230 21
Route #5: 271 38 66 63 76 225 10 15 30 251 259 258 240 72 277 118 97 22 115 20 107 275
Route #6: 158 136 61 42 110 131 198 264 269 273 4 255 238 254 248 246 227 221 222 212 106 95 44
Route #7: 82 190 217 206 247 280 8 13 18 23 96 98 242 58 7 219 283 213 201 256 260 191
Route #8: 253 51 223 211 229 113 233 239 267 276 272 261 214 224 234 67 215 53 220 65
Route #9: 218 11 228 37 19 34 6 28 45 257 47 236 232 210 35 36 169 46 159 152 138 147 154 170
Route #10: 266 268 274 117 249 250 129 135 140 143 237 245 235 133 204 127 181 179 132 205
Route #11: 40 166 144 160 109 148 108 94 1 112 74 75 69 52 29 137 155 270 263 252 172 171 189
Route #12: 119 105 116 41 182 49 48 55 54 156 64 71 78 125 93 90 81 111 56 164 100 178 162 101 102 79 73
Route #13: 195 43 186 194 153 165 24 197 200 208 145 17 185 104 278 163
Cost 130185
Time 361.31
