Route #1: 112 225 230 231 197 185 128 198 223 191 194 150 252 250 247 259 251
Route #2: 237 124 81 52 40 217 201 205 215 13 14 18 15 53 219 50 277
Route #3: 126 224 227 143 129 133 62 169 164 160 168 270 176 188 72 76 39 163 192 165 299 285 162 105 91
Route #4: 26 19 67 65 107 2 189 137 37 66 20 244 5 51 113 36
Route #5: 31 136 110 256 21 10 138 33 144 146 104 289 286 154 159 290 170 279
Route #6: 200 101 258 148 149 34 228 45 115 114 209 55 125 111 229 141 132 246 70 57 56 242
Route #7: 94 93 145 42 87 153 166 61 109 86 83 199 182 181 180 172 161 32 108 202 257 167 175 156 127
Route #8: 6 58 213 207 78 280 92 84 140 24 123 3 147 178 204 98 121 97 74 60 22 253 122 245 27 116
Route #9: 17 287 88 203 196 220 226 151 283 281 284 71 297 235 73 158 28 29 186 206 273 216 68
Route #10: 80 211 171 292 174 195 12 44 293 100 11 30 177 282 157 117 139 278
Route #11: 265 274 130 142 119 120 79 155 152 254 255 249 187 184 103 16 210
Route #12: 96 82 89 291 260 8 9 248 233 118 85 262 193 221 222 275 295 173 1 179 69 25
Route #13: 266 63 46 49 47 134 38 294 208 238 95 4 99 183 48 41 267
Route #14: 102 23 288 106 77 75 43 35 298 261 263 268 264 243 276 54 269
Route #15: 64 59 7 90 135 232 131 212 218 190 272 271 214 236 296 240 241 234 239
Cost 159709
Time 418.795
