Route #1: 136 86 81 4 214 1 242 339 294 56 357 256 204 347 150
Route #2: 267 253 211 311 66 76 37 317 222 325 367 273 116 41 143 348 371 200 90 366 220
Route #3: 107 89 361 385 312 201 169 181 323 142 260 281 238 233 262 188 167 208 216 88 45 277 379 87 74
Route #4: 272 16 269 335 336 356 271 215 247 246 141 165 192 26 315 328 177 320 8 213 280 264
Route #5: 298 377 160 49 21 137 376 223 102 305 209 38 301 48 296 162 243
Route #6: 251 187 14 17 79 368 255 370 156 378 226 153 118 97 193
Route #7: 234 231 47 302 60 259 182 237 15 120 132 46 121
Route #8: 217 342 225 147 388 166 212 326 52 112 329 186 65 114 82
Route #9: 61 241 190 372 77 129 104 382 22 381 144 113 337 91 159
Route #10: 145 236 125 202 128 95 170 93 2 151 171 27 330 101 389 130
Route #11: 345 40 157 64 70 115 254 53 355 297 172 331 353 7 304 307 324 268
Route #12: 224 274 71 373 375 261 33 308 303 232 68 42 111 59 103 185 300
Route #13: 50 99 257 263 139 206 203 351 229 32 73 197 374 369 295 285 364 252
Route #14: 362 158 55 380 72 270 228 78 245 175 126 219 109 313 316 58 36 9 318
Route #15: 341 310 350 279 334 84 184 146 173 28 265 13 83 44 100 94 258
Route #16: 293 176 75 191 164 19 218 195 240 210 54 289 108 284 365 34 148 344 309 189 198 3 384 239 155 30
Route #17: 39 85 67 391 29 6 286 117 250 92 123 152 278 319 387 275 314 122 249 134 343 11 230 35
Route #18: 346 12 290 10 194 140 359 322 227 244 321 266 332 43 340 287
Route #19: 5 358 25 24 179 69 383 306 51 63 327 23 62 178 183 199 386 168 207 221 31
Route #20: 124 196 154 276 354 299 174 138 98 106 333 131 119 96 235 20 127 288 57 205 349 105 149
Route #21: 110 248 163 18 352 180 283 80 133 161 360 135 292 363 338 282 390 291
Cost 250778
Time 751.119
