Route #1: 5 11 287 115 14 27 317 315 313 309 297 296 295 277 264 262 250 274
Route #2: 256 56 47 302 318 44 40 24 23 6 320 31 285 99 280 334 331 267 329 306 243 235 233 231
Route #3: 249 291 126 308 307 286 289 220 174 218 70 55 213 217 283 290 271 279 240 214 88 84 68 53
Route #4: 54 62 110 113 156 108 192 216 215 150 97 74 301 119 123 135 134 146 288 304 323
Route #5: 185 158 238 101 15 246 227 225 224 229 212 255 120 114 167 221 170 182 177 239 195 328 183 319 184
Route #6: 50 117 69 75 181 64 176 67 171 163 149 160 241 66 80 32 116 305 298 278 96
Route #7: 142 141 140 18 209 222 179 169 186 327 204 178 187 310 157 131 121 168 326 1
Route #8: 71 92 82 275 12 128 252 303 154 211 165 300 164 205 242 248 260 199 198 193
Route #9: 136 234 281 230 257 253 226 201 245 261 127 124 175 244 189 180 270 166 138 148
Route #10: 330 294 282 87 94 102 76 112 10 132 38 162 159 207 155 152 172 139 299 200 190
Route #11: 17 103 322 143 145 161 197 129 125 144 95 153 232 86 81 111 130 43 9 210 91
Route #12: 151 26 79 236 106 59 98 41 83 49 52 247 105 206 48 19 33 7 254 228 122
Route #13: 2 85 191 107 60 109 28 20 58 137 21 100 259 258 335 194 188 237 173 202 292 223
Route #14: 269 325 324 314 208 196 4 90 37 219 35 63 265 57 147 34 104 61 332
Route #15: 251 65 284 72 29 263 77 203 16 36 133 293 276 273 266 272 268 89 3
Route #16: 333 118 93 42 45 51 39 30 25 22 78 73 8 13 46 321 316 312 311
Cost 168833
Time 214.499
