Route #1: 68 159 378 60 154 66 36 239 198 374
Route #2: 245 53 470 478 465 344 276 319 156 477 311 189 171 400 131 498 203 502 38 137 486 151
Route #3: 360 188 386 44 448 39 46 253 43 192 320 331 342 381 252 324 353 287 37 220
Route #4: 100 104 277 126 184 106 412 15 267 326 455 170 242 42 370 264 238 340 482
Route #5: 463 295 345 387 233 256 6 323 492 87 446 32 125 199 79 263 314 254 21 427 278 284
Route #6: 72 269 226 497 456 416 341 440 224 317 45 282 401 312 479 176 451 274 112 288 350 413 262
Route #7: 97 266 23 426 306 180 469 481 234 202 410 476 249 139 61 172 31 24 213 388
Route #8: 289 62 398 182 221 127 489 352 493 56 74 57 148 382 136 490 293 272 92 499 83 55 134
Route #9: 310 78 407 183 141 174 169 447 133 145 17 18 466 290 161 209 461 376 483 58 248
Route #10: 315 111 259 275 271 230 322 285 460 339 105 444 321 337 443 40 212 394 403 108 307 187
Route #11: 246 16 49 369 117 179 364 244 205 474 468 471 487 313
Route #12: 52 283 301 76 54 88 265 409 235 494 163 197 155 34 453 81 371 303 103 33 144
Route #13: 181 173 402 445 22 207 273 421 437 325 162 160 210 29 260 332 110 208
Route #14: 204 143 299 328 225 485 64 80 415 430 300 150 138 343 366 206 257 433 165 258 330 196 294 420
Route #15: 95 175 431 191 218 419 2 375 362 395 190 297 255 51 397 372 149 28 428 135 178 346 436
Route #16: 308 464 240 30 102 243 63 435 114 20 214 75 305 425 186 65
Route #17: 480 41 109 438 462 19 327 501 361 279 475 291 390 86 93 452 396 379
Route #18: 185 77 251 70 495 7 219 429 115 424 90 99 91 107 82 335 116 168 1 229
Route #19: 48 472 194 298 130 157 217 385 261 69 35 140 59 384 237 432 25 373 270 211 408
Route #20: 333 120 27 98 338 158 329 392 411 358 216 118 84 223 193
Route #21: 121 119 377 336 166 8 96 503 414 146 491 250 14 10 12 417 304 152 422 457 423
Route #22: 132 439 50 3 201 101 302 164 309 195 356 391 292 215 434 124 280 449 441 454 365 496 13
Route #23: 367 406 363 177 383 334 296 147 318 488 71 123 232 222 268 153 368 281 351 94 231 129 228 4 357
Route #24: 442 500 380 405 89 26 47 404 5 450 473 167 458 459 122 418 393 227 348 241 113 286 85
Route #25: 11 359 316 73 349 354 467 247 347 9 389 128 484 200 236 399 355 67 142
Cost 244493
Time 400.998
