Route #1: 121 173 204 91 138 143 153 199 203 215 110 207 175 198 211 200 182 177 145 142 146 206 56 83 94
Route #2: 34 33 2 15 202 201 217 151 50 238 108 144 169 176 170 150 13 157 119 98 90 239 139 130 148
Route #3: 128 26 141 241 77 41 160 24 244 167 76 11 247 149 147 184 234 221 129 118 122 112 111 194
Route #4: 37 220 155 38 195 230 84 85 226 89 67 205 140 210 193 35 4 188 180 3 156 72 14 28 88
Route #5: 74 42 79 49 52 54 69 105 229 228 66 53 62 65 237 31 23
Route #6: 22 48 7 92 165 70 100 8 44 30 246 99 233 87 172 96 97 240 123 95 47 21 86 124 232 71
Route #7: 107 61 109 161 115 136 104 117 174 133 17 64 63 43 16 113 75 81 51 20 227 137 189 132 73 166 168
Route #8: 164 106 186 216 242 231 68 6 222 114 158 134 171 190 183 80 116 103 25 46 159 78 102 10 192 223 178
Route #9: 236 19 179 55 36 187 243 131 181 185 45 12 18 29 59 40 208 93 162 120 135 82 191 101 219
Route #10: 235 218 152 32 57 245 1 127 125 163 225 224 27 126 209 39 213 214 197 196 212 9 58 5 60 154
Cost 85726
Time 283.363
