Route #1: 217 232 82 77 266 191 233 17 124 323 140 50 235 58 170
Route #2: 246 110 248 274 213 179 45 152 223 242 196 229 64 116 163 34 111 65 56 198 41 270 247 311
Route #3: 109 230 280 11 275 255 273 189 123 176 261 62 28 68 141 282 310 195 319 184 279 84
Route #4: 220 89 115 293 256 94 286 183 75 267 225 209 37 76 165 208 245 27 302 128 154
Route #5: 234 55 83 22 236 24 308 18 190 136 325 54 193 48 104 277 303 295 33 53 156
Route #6: 144 97 205 316 13 207 221 129 107 143 155 322
Route #7: 197 93 160 49 139 253 297 269 114 174 69 71 222 314 157 216 260 290 252 101 44 244
Route #8: 289 19 21 133 142 145 67 127
Route #9: 91 29 181 78 298 315 159 166 250 168 271 257 185 161 30 137 318 26 52 306 60
Route #10: 4 125 8 263 35 326 23 100 63 292 299 7 9 74 304 201 72 162 148 243 296 1
Route #11: 36 73 169 307 12 268 6 215 5 20 272 51 177
Route #12: 80 203 164 85 120 39 172 305 38 98 204 285 113 265
Route #13: 43 108 61 86 211 126 150 106 281 117 59 90 119 178 188 180 3 146
Route #14: 313 254 87 226 206 210 218 288 118 259 42 199 25
Route #15: 212 122 14 79 135 262 237 231 167 96 294 301 88 2 16 320
Route #16: 228 57 171 15 202 278 283 224 70 240 151 186 134 187 32 81 99 238 291 105 309 131
Route #17: 149 321 287 102 312 300 227 324 112 251 276 47 284 158 95 46 249 121 132 153
Route #18: 66 264 182 194 214 173 175 31 317 92 130 219 192 258 241 138 200 10 40 147 239 103
Cost 230538
Time 206.177
