Route #1: 86 165 107 93 96 52 131 145 73 14 209 104 153 8 54 65 91 247 108 67 164
Route #2: 176 87 120 11 25 26 5 260 50 60 51 237 118 49 35 259 258 255 62 74 77
Route #3: 114 6 45 89 88 84 150 102 56 72 66 71 70 257 227 267 265 266 119 161 231 134 204
Route #4: 43 155 41 46 187 248 20 216 157 199 198 223 76 182 111 126 181 53
Route #5: 15 24 105 124 1 264 133 256 34 252 246 129 16 160 149 159 125 123 106 97 200 132
Route #6: 99 80 110 103 19 116 147 7 250 127 98 69 183 191 23 220 222 206 173 136 130 156 61
Route #7: 9 79 90 27 230 193 202 201 17 253 241 162 194 172 13 33 101 177 178 85 31 137 205 141 64
Route #8: 236 184 185 210 214 3 78 188 152 207 138 47 22 30 55 121 94 242 244 239 92 174 42 249
Route #9: 109 68 37 38 39 208 238 63 75 83 2 117 48 254 113 12 29 32 10 268 195 263 251 197 28
Route #10: 59 180 139 140 151 154 36 245 218 233 158 163 235 82 44 135 262 100 122 144 243 40 192
Route #11: 171 189 175 240 166 169 142 167 179 203 58 232 18 261 81 112 115 148 170
Route #12: 21 4 57 186 219 211 95 225 168 215 212 226 229 128 143 146 190 224 217 221 228 234 213 196
Cost 105765
Time 672.062
