Route #1: 130 404 143 138 247 241 1 305 107
Route #2: 505 277 514 285 227 180 431 333 311 200 43 356 211 179 477 37 14 303 510 267 235 127 210
Route #3: 20 454 447 209 409 98 212 330 97 488 329 19 206 142 187 301 232 486 224 238
Route #4: 77 308 465 219 39 229 341 338 433 169 332 474 225 89 450 298 506 121 345 236 406 284 272 462 208
Route #5: 502 131 115 342 136 113 302 156 214 412 196 139 426 133 85 326 116 374 418 220 70
Route #6: 44 96 397 335 17 291 467 204 182 137 471 294 513 161 240 400 165 79 435 453
Route #7: 264 512 395 408 339 386 4 217 497 5 242 68 425 472 316 106 371 109 279 424 83
Route #8: 437 483 275 346 439 257 495 38 221 379 385 399 144 321 120 205 148
Route #9: 475 25 443 456 178 172 123 259 452 75 7 451 170 292 203 64 382 366 363 215 2
Route #10: 499 135 42 470 72 86 286 36 175 288 498 280 320 157 176 153 81 160 145
Route #11: 436 152 459 396 444 312 419 3 401 468 351 504 249 448 190 407 478 105 368 317 239
Route #12: 265 289 463 274 430 30 423 61 167 256 22 387 511 273 114
Route #13: 306 334 56 427 343 336 440 146 340 31 350 111 446 117 322 119 391 493 32
Route #14: 460 124 432 9 428 449 73 233 349 367 376 509 110 103 494 122 34 319 377 126 213 102
Route #15: 24 58 67 390 41 141 29 500 384 40 290 48 283 101 181 159 361 92 251 54 375 503 253 26 458
Route #16: 173 231 250 492 168 466 74 82 381 383 315 348 174 438 183 248 189 228
Route #17: 55 369 28 171 482 508 23 243 420 417 469 52 318 415 46 164 262 445 33 93 8 246
Route #18: 296 328 62 128 491 188 18 59 13 403 260 201 281 207 202 49 331 258 226 155
Route #19: 16 51 218 100 149 324 194 411 177 313 485 252 360 154 484 195 393 163
Route #20: 263 389 314 162 434 12 47 480 11 245 27 310 269 166 364 365 394
Route #21: 66 295 276 455 402 282 140 496 441 185 304 327 222 95 63 309 299 357 392 358
Route #22: 323 184 490 57 501 65 84 388 473 6 193 278 266 410 234 230 378 479 476 87 69
Route #23: 216 104 422 80 353 192 287 442 108 21 344 255 151 223 347 125 268 270 359 129 88
Route #24: 429 199 35 158 118 293 297 261 414 71 373 10 186 50 461 134 307 244 254 464 237
Route #25: 94 78 76 481 325 413 354 457 416 191 405 147 198 362 60 380 489 398 337 355 507 197 421
Route #26: 45 53 300 99 271 150 132 15 91 372 487 370 90 352 112
Cost 295575
Time 487.641
