Route #1: 242 154 200 235 256 209 173 134 219 217 225 387 261 260 292 241 234 223 179 176 206 249 243 248
Route #2: 108 263 272 141 137 133 166 116 388 87 63 51 181 227 240 46 50 48 232 229 59 61 52 182 207
Route #3: 49 58 64 210 65 180 84 115 197 117 119 233 238 109 121 228 239 254 161 277 309 110 105
Route #4: 224 2 255 276 283 199 262 266 288 297 291 281 280 265 278 306 9 8 319 320 318 7 311 310 403 389
Route #5: 60 305 379 174 160 36 231 279 375 335 336 349 381 355 363 343 167 186 187 185 188 332 359
Route #6: 293 237 72 397 6 23 41 370 368 360 341 71 54 53 96 356 132 220 156 101 400 171 213 253
Route #7: 3 401 304 4 312 314 321 18 26 39 37 38 366 367 364 31 337 70 399 371 342 351 340 331 329 344 369
Route #8: 77 218 111 142 282 298 300 325 346 357 347 348 326 324 327 317 322 294 295 287 302 286 247 308
Route #9: 204 150 290 338 354 352 383 100 89 25 21 106 138 128 107 43 45 42 30 146 143 144 139 386 361 152 140
Route #10: 334 382 396 299 372 315 251 12 374 365 377 384 391 378 80 79 81 358 66 373 10 20 345 333 362 296
Route #11: 390 392 29 44 56 35 153 211 14 301 323 28 19 5 11 16 120 168 129 192 55 330 76 73
Route #12: 27 67 284 250 102 47 169 246 303 252 78 148 22 268 99 271 285 393 201 273 1
Route #13: 189 24 398 316 385 98 127 69 339 164 221 91 85 205 194 172 83 17 165 151 274
Route #14: 177 88 82 62 74 15 125 236 159 95 118 135 226 230 269 32 163 259 40 289
Route #15: 244 86 307 13 57 190 131 245 215 130 178 155 158 112 93 114 147 162 170 196
Route #16: 376 216 191 222 212 97 92 90 104 123 122 145 33 75 103 157 193 198 202 183 149 380 34 328
Route #17: 270 267 353 350 184 313 94 214 264 395 402 203 195 275 394 68 126 113 124 257 258 136 175 208
Cost 175524
Time 907.464
