Route #1: 11 280 119 302 300 10 276 16 297 287 283 36 49 298 41 33 286 44 8
Route #2: 258 295 292 244 238 290 289 245 284 253 275 259 249 262 265 256 255
Route #3: 240 6 21 31 239 77 248 261 263 29 32 194 154 122 184 118 211
Route #4: 237 37 30 164 25 7 14 126 301 3 235 9 223 15 209 303 293 294 272 304 274
Route #5: 186 208 224 222 215 216 207 188 192 180 183 196 195 220 250 227 226 257 155 288
Route #6: 254 46 270 246 101 130 125 153 145 269 167 187 199 190 179 204 285 206 197 273 201 267 241
Route #7: 161 168 166 165 181 214 228 17 225 229 236 232 230 212 203 185 157 116 98 94
Route #8: 147 123 136 146 152 150 144 202 221 149 210 198 170 176 200 171 169 134 158 97 86
Route #9: 56 271 148 63 69 103 109 177 124 114 120 117 102 112 110 105 128 219 189 53
Route #10: 88 96 299 38 48 68 78 71 89 72 66 65 60 62 59 73 58 95 90 268
Route #11: 233 5 19 22 106 40 42 162 47 54 266 279 278 100 24 260 43 247 231 142
Route #12: 51 218 2 4 84 18 20 91 296 45 12 13 133 52 217 282 34 23 76 70 57
Route #13: 264 243 82 104 137 127 64 83 108 35 178 67 79 55 61 143 151 87 139 141
Route #14: 175 135 85 111 99 113 50 81 26 213 281 27 251 252 159 242 160
Route #15: 173 131 191 172 182 193 205 234 174 163 129 115 93 156 121 277 80 74
Route #16: 107 291 1 28 138 92 132 75 140 39
Cost 137106
Time 586.54
