Route #1: 203 249 250 190 234 184 207 215 261 256 13 24 260 2 40 14 252 5 235
Route #2: 233 4 236 231 223 214 213 247 97 257 229 225 251 204 198 189 162 246 163 160 222
Route #3: 18 16 150 174 22 87 199 197 212 187 178 3 258 26 15 19 237 10
Route #4: 209 221 220 211 158 155 153 96 152 192 139 181 143 183 165 170 168 154 68
Route #5: 70 110 208 232 54 76 140 125 227 120 216 240 177 175 176 219 196
Route #6: 79 142 133 135 164 200 148 145 141 146 144 193 202 205 98 230 107 259
Route #7: 82 100 114 136 179 188 156 157 118 124 138 147 201 194 123 149 128 121 137 99 93 94
Route #8: 103 108 72 105 106 92 95 55 50 58 91 80 90
Route #9: 210 32 191 134 166 161 228 182 241 244 239 217 34 48 38 37 43 116 262 109 33
Route #10: 45 44 59 60 83 62 69 28 9 11 35 63 27 8 226 67 255
Route #11: 111 1 245 20 248 41 64 66 31 102 132 131 171 242 169 65 101 81 36 7 12
Route #12: 126 151 195 159 61 51 115 71 113 112 56 23 206 180 89 253 39 243
Route #13: 21 78 30 84 224 25 42 47 130 127 57 238 122 74 254 6 104 117 29
Route #14: 49 75 77 53 88 85 73 86 52 172 173 186 218 185 167 129 17 119 46
Cost 100406
Time 276.122
