Route #1: 248 155 199 60 442 350 134 301 149 235 276 272 279 33 40 453 449 85 140 302 360 3
Route #2: 206 246 51 11 83 156 164 113 158 287 308 111 143 310 106 146 128 268
Route #3: 165 241 288 196 67 450 63 118 116 125 141 153 142 174 162 448 271 64 72 178 119 342 76 455
Route #4: 61 252 384 167 278 318 107 122 406 282 295 184 82 80 101 446 137 293 305 135 316 181 188
Route #5: 227 243 170 129 74 53 123 169 70 21 22 20 1 7 12 18 19 231 292 15 371 198
Route #6: 99 93 290 240 147 266 265 309 307 62 385 9 28 102 407 97 45 42 416
Route #7: 187 300 395 205 130 338 150 233 345 441 306 27 263 250 269 68 2
Route #8: 24 346 172 314 77 91 75 104 108 103 428 427 92 432 66 65 397 436 418 409
Route #9: 421 425 431 443 456 439 438 426 451 420 415 429 411 408 399 376 374 368 364 332 132
Route #10: 337 8 363 349 403 402 405 404 394 372 333 390 398 389 152 50 236 383 88
Route #11: 335 69 109 127 440 145 136 151 46 183 171 115 112 26 126 417 410 86
Route #12: 315 321 336 331 367 356 339 341 328 330 325 323 317 327 160 114 242 32 90
Route #13: 303 296 304 311 30 381 392 133 48 47 412 414 44 17 380 369 373 298 378 29 352 447 361 366 430 358
Route #14: 286 35 87 36 38 37 84 89 43 54 57 56 58 78 79 81 96 454 445 444 413 424 238 239 220 280
Route #15: 324 16 273 419 423 329 457 348 4 362 25 365 359 354 458 459 460 6 334 422 322 319 353
Route #16: 355 396 244 251 261 264 291 297 313 388 320 357 393 343 370 377 347 375 401 344 340
Route #17: 274 216 259 232 283 284 262 326 163 285 144 201 185 190 202 212 254 294 223 213 175 249 247 191 203 245 208
Route #18: 161 157 228 221 225 226 256 312 289 299 270 94 5 281 275 31
Route #19: 197 229 105 391 452 13 41 386 387 124 154 39 159 180 193 117 120 10 379 14 437
Route #20: 351 110 139 267 177 52 214 258 95 204 200 195 55 189 210 257 215 218 211
Route #21: 207 253 209 179 173 400 435 434 34 222 192 176 166 138 186 121 224 71
Route #22: 217 260 219 194 237 277 148 59 168 433 131 230 234 23 49 182 255 382 73 100 98
Cost 191714
Time 631.791
