Route #1: 73 71 166 214 215 201 210 207 197 93 188 172 189 184 182 158 143 131 137 169 103 97 107 127 175
Route #2: 193 176 219 228 242 17 9 10 19 252 249 196 206 213 209 208 202 223 186 171 18
Route #3: 111 136 128 138 135 46 156 74 76 67 79 29 25 35 78 62 237 27 232 216
Route #4: 155 162 96 43 123 145 167 163 170 243 194 180 190 191 222 224 238 248 239 234 55 58 52 185 187
Route #5: 203 8 6 7 31 233 231 26 230 32 235 240 246 22 28 30 44 225 56 199 5 132
Route #6: 129 117 69 139 146 124 211 200 45 118 165 33 181 157 179 39 36 236 3 250
Route #7: 59 63 60 119 251 66 48 50 4 229 113 217 227 245 13 164 80 116 195 226 38 177
Route #8: 94 174 152 204 109 173 178 198 149 150 133 241 125 37 159 24 221 142 126 141 90 218
Route #9: 160 112 88 41 61 99 101 23 147 85 87 108 102 110 114 106 120 86 89 20 192
Route #10: 21 49 130 161 183 12 140 82 75 121 105 70 68 134 247 104 98 81 14
Route #11: 34 151 115 244 122 153 144 154 168 65 205 220 212 100
Route #12: 15 16 77 57 53 91 84 92 51 72 1 83 95 64 11 2 47 42 40 54 148
Cost 123969
Time 299.044
