Route #1: 272 268 287 285 274 19 18 8 1 283 44 30 257 3 239 229 206 273 175 258 256 246
Route #2: 238 182 213 167 214 151 172 260 207 254 108 243 275 277 12 289 288 270 267
Route #3: 227 180 20 28 11 96 60 150 9 16 225 224 223 17 226 232 61 67 40 24 261 266
Route #4: 281 282 276 286 250 249 252 253 248 251 200 198 290 171 139 144 134 148 219 6 5 7 205
Route #5: 78 194 187 181 191 240 190 195 185 202 215 217 220 228 118 209 176 136 141 165 158 155 154
Route #6: 77 107 105 104 102 103 138 147 166 168 157 121 112 162 161 164 183 143 152 116 178
Route #7: 271 210 184 130 262 242 244 119 245 264 230 33 269 125 69 233 45 128 58 49 29
Route #8: 131 163 145 160 177 201 149 140 204 193 179 170 169 110 106 94 95 76 53 63 55 65 73
Route #9: 89 99 84 39 117 124 186 235 222 221 211 196 189 192 75 247 43 54 120 114 115 111 66
Route #10: 212 199 265 241 47 25 27 50 255 259 35 79 52 62 81 82 93 4 26 37 133
Route #11: 22 41 48 31 23 34 14 64 57 278 159 234 123 127 188 10
Route #12: 279 80 56 91 51 72 100 86 32 2 218 59 68 42 36 280 284 236 237 15
Route #13: 90 83 203 231 173 146 98 92 101 38 71 13 197 216 174 21 208 46 97 137
Route #14: 132 74 88 156 109 87 126 122 135
Route #15: 70 85 113 263 153 142 129
Cost 151179
Time 715.884
