Route #1: 141 23 119 29 28 109 111
Route #2: 149 155 288 264 196 199 32 233 39 281 78 26 59 54 61 161 64 265 22 247 34 110 236 237
Route #3: 117 128 31 86 74 98 120 210 294 6 3 45 257 245 81 2 156 16 19 272
Route #4: 83 279 47 49 107 101 30 112 214 46 55 139 48 125 65 70 63 77 66 56 44
Route #5: 121 159 41 42 160 277 209 79 274 142 255 256 283 222 207 206 198 106 105 129 60
Route #6: 171 37 36 43 57 50 62 90 113 102 116 96 94 88 87 72 80 82 1 300 305
Route #7: 92 76 200 91 40 71 69 67 138 175 184 187 132 154 164 163 152 140 97
Route #8: 52 108 53 122 84 85 183 162 190 133 186 168 148 167 147 131 137 135 134 124
Route #9: 95 144 174 157 127 130 103 182 185 181 193 136 217 205 218 114 246 254 223 172 203 231
Route #10: 169 170 179 202 201 189 215 225 239 197 195 204 208 150 151 143 93 126
Route #11: 242 73 4 38 58 275 298 308 176 165 166 153 100 99 12 115 309 280 270 278
Route #12: 269 224 178 188 173 118 248 253 259 123 262 158 192 258 180 194 211 212 219 104 304
Route #13: 75 261 243 249 250 238 232 273 286 290 220 221 267 263 235 252 244 216
Route #14: 251 295 296 302 306 8 7 226 191 213 228 68 35 27 240 25 230 229 227 241
Route #15: 146 177 145 18 89 9 51 33 17 11 10 292 15 21 291 234 271 282 268 260
Route #16: 14 299 20 24 287 303 289 307 266 276 13 301 5 293 284 285 297
Cost 140202
Time 542.747
