Route #1: 112 46 64 100 159 139 40 116 177 68 33 123 24 18 80
Route #2: 130 128 39 26 184 142 96 32 134 110 171 132 185 73 167 203 12 13 27
Route #3: 82 83 202 186 166 187 193 48 160 25
Route #4: 9 52 189 157 60 47 125 90 93 141 140 63 153 88 17 51 206 89 81 163 94 127 126 169
Route #5: 74 30 54 197 22 201 199 76 75 79 6 137 176 198 28 124 37 2 98
Route #6: 91 36 105 172 164 29 135 15 56 23 8 205 21 99 131 1 102 155 11 101 117 42
Route #7: 113 196 86 104 85 65 44 92 165 59 3 147 149 148 57 16 156 35 190 61 145
Route #8: 87 84 182 204 31 53 118 45 55 119 129 161 162 183 43 181 20 175 158 143 133
Route #9: 144 49 108 191 66 173 188 168 72 115 95 62 180 179 138 136 106 19 122 114
Route #10: 38 174 97 78 111 194 151 195 103 4 109 5 50 58 154 14 152 170 41 178
Route #11: 146 67 150 192 71 10 77 120 121 107 70 69 34 7 200
Cost 114125
Time 619.324
