Route #1: 104 169 168 123 176 241 140 44 109 268 195 16 302 48 53 57 132 293
Route #2: 305 270 208 22 99 288 58 250 253 162 207 91 276 25 64 107 97 62 82 108 138 186
Route #3: 216 98 17 115 171 59 137 129 111 93 77 61 92 292 304 35 269 52
Route #4: 36 225 40 27 74 83 95 10 133 131 8 101 314 87 28 39 299 56
Route #5: 243 85 172 165 197 198 248 29 181 46 146 113 68 117 67 120 116 90 89 65 55 246 51 318
Route #6: 247 50 47 88 124 145 167 255 266 291 96 69 265 49 263 228 209 202 41 259 130 81
Route #7: 100 170 150 149 142 179 114 174 155 151 112 118 94 84 66 76 73 70 63 71 75 72 159
Route #8: 60 175 160 119 163 153 178 217 222 80 79 177 223 187 196 203 200 166 154 110 102
Route #9: 312 310 9 135 156 143 136 164 148 128 258 254 221 125 134 220 219 157 144 191 139 147 185
Route #10: 127 126 161 206 193 192 182 184 183 194 211 214 215 233 199 230 205 244 237 213 235 267
Route #11: 257 226 173 189 274 275 190 287 122 121 78 283 284 289 279 180 152 141
Route #12: 261 306 252 240 218 295 229 238 300 309 236 210 201 303 315 239
Route #13: 262 158 212 204 242 251 273 271 282 281 260 277 280 224 285 286 296 297
Route #14: 227 234 4 245 21 38 37 105 106 15 34 188 18 19 24 231 232 264 23 249 256 307 86
Route #15: 316 7 298 31 32 42 103 43 33 20 308 13 54 290 272 278
Route #16: 2 14 6 313 5 1 26 12 30 45 11 3 311 317 301 294
Cost 113434
Time 307.005
