Route #1: 351 347 434 240 218 439 215 278 28 88 137 307 244 259 172 127 113
Route #2: 183 210 138 274 117 72 110 205 53 167 169 270 290 418 168 145 111 128 129 126 142
Route #3: 15 59 49 225 219 209 34 273 115 98 105 202 262 216 345 214 186 229 226 207 257 77 160 109
Route #4: 194 417 448 8 13 32 394 398 228 208 196 454 450 267 305 436 249 165
Route #5: 266 263 295 125 190 176 161 146 147 254 131 181 164 175 217 304 232 188 204 184 143 154 155 197 212 268 287 52
Route #6: 178 195 47 44 177 58 66 211 378 91 223 95 93 84 76 75 238 264 279 116
Route #7: 21 357 308 163 272 157 158 236 150 151 133 135 156 132 96 3 4 83 230
Route #8: 384 431 291 452 303 106 121 149 148 166 275 193 199 206 271 282 285 174 316 170 343 377 122 387 89 85 74
Route #9: 288 231 234 235 237 252 251 258 260 310 296 423 325 443 337 338 451 344 354 6 324 430 413 253 247 302
Route #10: 453 359 136 25 45 410 55 73 336 335 119 140 297 283 265 153 261 220 221 189 97 134
Route #11: 71 103 17 81 68 192 38 36 440 388 179 421 375 213 203 367 406 200 162 397 180 171 379
Route #12: 1 281 333 323 332 330 334 426 429 362 437 353 447 322 327 404 389 331 320 371
Route #13: 407 319 321 403 329 420 342 352 12 11 26 370 392 29 416 414 46 419 65 408 405 412 60 64 67 79
Route #14: 317 315 349 355 356 374 400 395 396 393 391 385 383 328 314 312 298 309 301 100 311 191 245
Route #15: 54 390 30 31 409 33 424 427 444 19 35 48 10 5 20 107 56 173 37 51 23 63
Route #16: 201 233 39 222 341 124 339 340 364 358 361 360 369 372 363 348 368 365 318 159 350 306
Route #17: 104 373 399 435 445 446 82 449 7 411 442 422 22 425 441 382 432 415 381 24 18 14
Route #18: 61 40 57 433 86 87 90 94 428 376 41 289 2 242 380 386 120 227 300 69 144 50 114
Route #19: 346 224 198 92 102 141 286 402 401 248 241 187 255 123 152 326 250 277 108 99 139 366 438 27 284 455 292 118 256
Route #20: 313 70 299 280 243 246 293 239 80 9 16 112 42 101 43 269 294 182 130 78 62 276 185
Cost 192572
Time 939.837
