Route #1: 52 4 191 38 86 93 217 131 54 2 15 212 207 195 139 136 134 51 284 128 99 53 107
Route #2: 306 289 318 159 142 100 186 114 104 103 126 125 13 118 138 145 162 166 157 18 161
Route #3: 101 96 98 115 81 40 30 37 43 296 97 181 201 42 169 156 3 196 204 20 188 274
Route #4: 26 252 16 90 21 158 31 7 317 261 172 187 269 144 102 183 47 320 83 276 220 34 94 88
Route #5: 148 155 89 185 33 287 266 87 62 325 150 163 222 205 223 251 12 45 171 113 151 249 233 198 224
Route #6: 305 175 259 206 24 84 8 1 72 315 64 323 73 65 294 301 14 292
Route #7: 59 41 55 58 61 68 6 74 69 322 314 35 319 312 285 268 95 290 174 82 135
Route #8: 60 324 246 256 270 308 304 297 10 310 307 311 286 309 279 263 248 242 241 219 218
Route #9: 28 265 267 273 288 254 281 271 260 236 231 277 228 302 190 299 189 184 182 179
Route #10: 258 321 71 5 111 300 316 17 27 32 36 39 127 49 25 278 153 154 209 202 200 143
Route #11: 245 194 177 167 275 129 110 116 133 137 215 232 230 234 235 239 240 283 79 19 255
Route #12: 280 247 140 147 272 237 229 238 313 141 123 122 130 282 121 120 119 262 22 227
Route #13: 170 124 46 50 164 178 77 85 208 44 56 291 57 48 295 298 23 250 257 11 264 253 244 221 293
Route #14: 112 63 80 225 216 213 9 210 160 176 173 168 29 146 152 149 165 180 226 199 214 211
Route #15: 105 193 109 203 117 132 92 91 76 78 243 67 70 75 66 326 192 106 108 197 303
Cost 147661
Time 627.724
