Route #1: 237 173 364 209 227 165 134 144 257 51 265 340 111 5 380 2 45 95 254 210 228
Route #2: 381 46 294 176 89 6 263 253 318 272 196 195 73 138 169 208 75
Route #3: 50 64 378 250 202 154 107 125 102 159 124 16 15 120 100 98 70 119 8 305 53 349
Route #4: 57 188 81 153 91 132 123 166 157 207 218 44 303 190 199 92 101 74 151 162 222 223 203
Route #5: 281 193 326 379 67 55 56 49 155 14 130 112 110 351 84 86 41 113 128 383 350 319
Route #6: 277 28 3 291 58 389 1 72 83 26 82 118 96 105 143 145 122 147 104 117 116 133
Route #7: 347 76 106 359 175 304 259 27 121 127 315 332 63 348 328 297 215 365 65 163 79 77 90
Route #8: 61 152 68 255 94 266 296 114 311 258 345 344 62 244 80 217 187 179 69 78 42 390
Route #9: 40 108 115 93 99 131 146 148 141 170 142 205 212 219 236 240 235 161 197 140 129
Route #10: 234 251 185 183 23 160 301 310 300 276 238 174 211 181 180 177 186 192 168 198
Route #11: 135 213 216 221 256 245 233 267 264 284 239 279 278 280 231 103 268 191 271 226 149 171 158
Route #12: 109 139 156 150 242 178 314 368 126 352 136 137 361 373 184 172 25 18 12 9 302 313
Route #13: 164 167 260 220 269 282 54 85 312 182 189 330 214 322 334 229 224 336 246 362
Route #14: 325 247 343 342 232 376 243 248 338 327 241 230 200 201 194 317 339 341 366
Route #15: 307 289 292 290 286 275 335 274 358 372 288 374 283 316 329 360
Route #16: 13 262 261 206 225 204 11 17 270 10 287 293 370 356 367 306 321 298 252 295 249 71
Route #17: 4 357 39 34 32 43 377 52 385 97 371 375 47 48 88 87 30 19 36 35 60
Route #18: 299 273 353 309 285 308 331 337 31 363 29 382 38 37 22 20 369 355
Route #19: 324 323 320 387 386 24 33 66 59 21 388 384 346 7 354 333
Cost 134722
Time 948.45
