Route #1: 269 242 292 209 189 15 10 202 207 9 27 41 253 229 245 270 279 247 246 235 8 214
Route #2: 36 21 13 241 254 322 237 320 236 289 267 281
Route #3: 280 275 219 259 286 148 185 208 174 191 193 223 271 72 106 328 12 198 218 234
Route #4: 316 319 304 188 315 196 239 248 183 26 190 20 291 23 151 176 276 266
Route #5: 65 89 35 40 53 54 59 62 63 61 86 60 56 1 29 142
Route #6: 105 313 88 166 153 150 317 52 70 165 17 116 250 107 240 290 203
Route #7: 213 99 117 329 28 51 14 200 128 251 57 30 32 311 4 206 258 140
Route #8: 273 64 178 216 244 228 114 46 44 201 215 277 184 125 138 50 71
Route #9: 210 296 257 301 297 48 104 295 294 231 288 233 230
Route #10: 221 167 252 204 159 268 272 130 163 158 76 226 135 323 100
Route #11: 120 127 94 115 137 74 69 255 205 5 326 293 102 68 33 11 287 95 98
Route #12: 225 96 172 121 25 109 80 90 87 212 278
Route #13: 110 73 141 146 154 168 147 93 162 144 327 112 306 181 108 186 47 169 282 303 307 308 305
Route #14: 195 7 177 171 111 211 238 263 264 126 136 164 18 75
Route #15: 81 92 43 34 19 49 58 97 220 197 124 173 314 157 156 284 3 299 300 132 170 143
Route #16: 161 113 6 37 192 152 103 38 39 66 133 249 139 42
Route #17: 91 78 129 31 187 175 155 118 2 24 283 324 285 84 265 182 217 260
Route #18: 222 122 227 45 274 82 101 309 321 232 194 310 22 16 85 55 119 145 180 123 256 79 83
Route #19: 262 243 261 302 179 199 318 149 160 312 325 131 134 298 67 77 224
Cost 200015
Time 202.877
