Route #1: 314 324 86 186 166 219 171 163 140 74 154 149 89 156 312 80 44 98 13 289 199
Route #2: 223 138 200 24 70 175 124 134 157 162 170 115 122 128 117 144 150 174 164 160 159 167 108
Route #3: 196 230 286 331 268 31 158 176 29 325 37 285 146 96 246 19 191 228 226 212 113 195
Route #4: 107 36 109 28 192 168 82 91 141 213 59 4 79 71 69 292 297 279 269 301 202
Route #5: 318 33 305 313 270 22 185 242 120 87 5 1 12 43 225 73 129 310 233 210 75 97
Route #6: 207 218 296 188 48 281 240 215 66 39 311 46 20 57 14 330 165 34
Route #7: 180 65 316 77 72 67 68 61 328 321 41 7 15 9 327 323 309 302 317 258
Route #8: 234 254 252 291 276 263 262 283 284 118 235 239 259 267 272 271 303 260 250 253 261 245
Route #9: 264 16 42 290 50 47 53 23 21 18 126 30 27 95 94 8 110 26 11 320 123 300 114
Route #10: 266 237 241 2 10 332 329 249 243 244 238 265 280 224 216 217 231 194 169
Route #11: 155 273 278 288 287 298 306 315 142 139 326 127 133 293 294 131 130 151 153 152 277 275 145 143 248 247
Route #12: 274 282 125 227 214 85 35 204 148 236 147 99 255 232 257 256 81 51 38 307 304 295 32 25 60 17 6 251
Route #13: 136 132 135 137 93 88 184 112 203 198 100 161 84 76 183 187 211 206 52 179 178 49 181 299
Route #14: 220 182 322 308 189 119 106 116 105 173 177 172 319 221 222 229 208 209
Route #15: 45 205 201 193 54 197 56 190 40 64 3 63 121 92 111 103 104 101 83 102 78 62 58 55 90
Cost 146674
Time 1218.65
