Route #1: 25 26 5 260 237 73 14 209 104 153 51 131 145 8 54 65 91 247 108 97 200
Route #2: 165 107 93 96 52 50 60 150 84 102 56 72 66 71 70 257 227 265 266 267 119 161 231
Route #3: 21 4 176 256 87 246 11 120 129 252 34 157 264 199 198 223 76 182 111 126 181 53
Route #4: 86 159 106 89 88 45 167 179 203 232 79 22 118 49 35 259 258 255 62 132 123 67 164
Route #5: 236 59 180 140 151 154 36 245 218 233 17 253 33 101 156 130 177 178 85 31 139 137 141 64
Route #6: 99 80 110 19 103 32 147 7 250 127 98 69 13 183 173 191 206 23 220 222 136 205 61
Route #7: 15 24 105 124 1 133 43 155 41 187 46 248 20 216
Route #8: 142 169 175 240 225 166 215 212 226 229 128 143 146 190 224 170 217 228 234 213 196 204 134
Route #9: 109 68 238 37 38 39 208 63 75 83 2 117 48 254 197 29 116 195 10 263 251 113 12 28
Route #10: 57 186 221 219 211 95 189 171 168 16 160 149 125 115 112 261 18 40 192 81 74 77
Route #11: 114 6 9 58 184 185 30 55 78 188 152 207 138 47 94 242 92 244 121 239 144 174 42 249 148
Route #12: 90 3 210 214 230 193 202 201 194 172 241 162 268 158 163 235 82 27 44 135 262 100 122 243
Cost 105655
Time 388.639
