Route #1: 273 270 303 181 248 272 221 220 1 314 39 297 69
Route #2: 146 164 27 121 103 58 125 134 246 233 80 310 213 320 254 301 222 306 151 165 87 148
Route #3: 289 35 269 111 25 159 170 277 81 208 241 155 224 52 231 78 291
Route #4: 106 180 142 133 112 230 128 108 34 99 168 86 141 100 22 132 98 7 42 116 274 36 83
Route #5: 266 278 302 26 244 3 68 191 237 30 261 184 136 279 120
Route #6: 154 62 71 75 49 238 11 124 129 242 57 61 59 311 169 15 267 113 64
Route #7: 287 223 161 171 177 265 5 305 212 200 203 253 74 192 93 115 6 160
Route #8: 32 198 199 260 152 149 236 218 187 259 288 96 195 55 37 90 126 174 283
Route #9: 264 153 316 47 313 225 219 9 206 172 23 196 299 188 13 209 234
Route #10: 317 137 304 44 145 31 163 298 250 20 48 77 29 95 123 45 84 182 143
Route #11: 10 79 240 127 156 271 60 40 214 185 138 280 229 319 122 16 245 217 276 130 4
Route #12: 101 295 202 258 54 85 94 135 2 67 308 102 14 247 268 294 183 243
Route #13: 144 17 33 28 292 110 307 109 107 205 119 53 204
Route #14: 252 43 166 150 226 201 70 186 179 257 139 189 46 318 118
Route #15: 275 162 38 105 210 256 175 176 19 239 89 131 117 207 300 178 255 284 104 216 215
Route #16: 263 12 97 140 41 147 50 194 72 24 76 211 227 197 91 282 18 286
Route #17: 315 21 193 251 56 235 173 321 65 312 167 285 73 88 228 8 309 190 66
Route #18: 262 281 51 296 158 92 157 290 114 249 82 232 63 293
Cost 198721
Time 336.146
