Route #1: 105 126 229 144 37 112 141
Route #2: 74 82 83 100 101 154 38 268 221 77 137 29 2 169 314
Route #3: 253 39 131 313 102 67 249 317 297 80 315 269 293 40 42 43 111 147 148 155 324 62
Route #4: 173 123 65 311 51 5 23 36 289 279 252 230 231 248 28 46 57 47 63 99
Route #5: 45 54 70 71 132 59 55 53 278 255 128 56 60 90 89 72 73 64 33 25 93 91
Route #6: 96 178 121 300 219 220 245 122 212 185 129 114 66 124 97 94 273 61 88
Route #7: 49 296 48 78 76 79 84 136 167 160 143 134 130 116 113 117 109 92 95 98 81 280
Route #8: 103 135 183 120 140 149 281 307 157 156 312 133 299 292 276 106 170 258 152 275 118
Route #9: 107 320 104 16 159 161 110 168 177 200 209 215 213 211 158 201 208 204 205 238 210 171
Route #10: 115 138 163 176 184 196 223 166 194 202 119 187 150 151 153 179 181 174 125
Route #11: 4 175 44 195 68 50 58 250 251 235 139 164 162 286 180 182 188 284 291 285
Route #12: 198 218 214 203 197 186 272 86 283 290 193 302 206 304 227 228 287 295 271
Route #13: 69 127 190 217 242 254 216 226 243 239 234 225 199 232 191 309 236 303 306 305
Route #14: 192 298 165 322 325 189 13 142 17 8 172 7 224 244 246 260 267 274 263 262
Route #15: 237 261 240 321 222 6 10 11 24 30 247 207 34 20 146 145 27 14 26 85 75 256
Route #16: 288 266 277 264 233 259 257 265 294 319 87 9 15 31 316 310 52 282
Route #17: 323 270 3 318 308 108 301 1 32 19 21 35 41 18 22 12 241
Cost 140237
Time 377.051
