Route #1: 319 350 22 346 26 76 10 348 29 359 28 34 344 329 325 272
Route #2: 355 342 352 331 330 358 338 13 16 19 24 280 347 261 61 88 306 7 106 18 9 4
Route #3: 333 312 353 343 341 248 246 249 324 252 320 266 294 271 276 295 288 311
Route #4: 360 357 2 5 214 190 189 221 234 354 268 267 264 258 265 269 242 235 107
Route #5: 291 277 17 11 153 102 101 8 98 176 3 12 236 263 270 15 290 278 316 318
Route #6: 285 247 274 193 240 223 232 230 273 226 254 260 225 218 286 243 308 334
Route #7: 239 244 132 281 282 293 305 314 299 126 283 256 255 211 215 304 317 336 297
Route #8: 212 310 192 213 197 345 339 136 138 154 142 105 144 340 250 143 207 110 94 113
Route #9: 227 166 228 178 195 194 183 202 203 216 229 209 208 205 245 185 181 173 186 191 174 164
Route #10: 127 172 206 182 167 224 152 139 259 149 103 104 198 148 150 130 161 199 53
Route #11: 349 62 95 119 122 116 115 188 200 145 201 155 158 147 163 157 141 125 79
Route #12: 140 175 204 332 238 219 177 58 52 262 43 322 323 60 45 287 42 30 180 253 90 309
Route #13: 301 313 72 91 69 118 96 100 111 165 159 160 146 97 123 59 63 68 70 20 92 120 129
Route #14: 257 279 187 32 48 40 65 82 57 51 67 33 37 38 356 315 321 237 47 89 49 54 35 36
Route #15: 275 222 241 298 289 302 292 1 108 109 337 168 25 21 41 84 56 14 75 133
Route #16: 78 335 124 114 162 55 50 46 121 112 83 99 117 71 73 210 251 284 351
Route #17: 85 86 80 131 135 31 27 128 171 233 303 39 134 179 220 307 296 328 327
Route #18: 77 169 6 196 217 231 326 44 23 184 156 66 93 87 151 81 74 64 137 170 300
Cost 128173
Time 377.744
