Route #1: 311 289 297 21 35 25 310 13 15 24 269 251 264 285 283 276
Route #2: 212 4 78 9 17 34 36 305 302 7 6 292 288
Route #3: 309 233 238 240 226 232 228 303 268 312 10 8 217 313 165 227 236 306 243
Route #4: 252 260 242 237 281 177 213 11 5 12 37 248 23 183 19 244 234 14
Route #5: 282 304 296 278 256 265 195 199 220 187 150 225 170 171 176 184 205 253
Route #6: 291 263 172 194 206 204 214 235 221 203 215 154 209 223 197 50
Route #7: 130 166 155 160 157 169 180 144 136 207 140 156 168 159 145 118 148 147
Route #8: 218 18 161 167 175 16 97 126 298 98 90 290 59 110 266 258 229 191 182 133 127
Route #9: 174 178 222 249 259 120 121 116 275 279 267 128 101 139 152 188 189 274 192 198 185
Route #10: 186 69 245 293 270 91 239 224 210 100 193 179 151 96 93 129 141 94 76 86 81 83
Route #11: 89 273 287 26 22 88 106 84 131 115 117 95 108 92 61 67 75 56 53 73
Route #12: 40 72 202 103 211 254 294 301 277 149 262 230 299 219 284
Route #13: 32 51 68 62 55 181 196 200 30 250 122 43 113 111 58 42 45 41 27 246
Route #14: 104 124 272 52 307 64 66 1 39 308 163 190 173
Route #15: 71 247 99 105 28 146 44 31 63 119 54 143 57 125 49 280 208 255 112 123
Route #16: 79 153 300 261 138 137 162 29 241 271 47 102 257 74 70 201 3
Route #17: 231 135 134 295 60 80 109 142 216 2 33 38 164 158 48 85 82 77 46
Route #18: 107 114 20 132 65 87 286
Cost 140515
Time 391.381
