Route #1: 75 200 553 344 362 419 349 633 468 224 82 346 13 225 555 80 246 33 158 94 62 648 9 342 352 185 503
Route #2: 4 137 32 37 428 64 221 220 564 19 183 305 506 573 360 548 91 147 105
Route #3: 29 606 108 24 649 520 626 345 561 488 437 486 477 223 227 279 519 496 455
Route #4: 236 257 194 40 210 182 201 111 36 106 429 258 235 262 120 306 148 93 34 608 154 483
Route #5: 448 290 97 18 598 143 71 386
Route #6: 481 476 487 316 469 7 47 163 399 580 214 619 378 228 284 584 320 21 467 541 301 155
Route #7: 518 153 634 409 480 267 89 374 454 110 76 211 269 644 57 101 368 422 41 572 613 131
Route #8: 109 450 425 343 635 363 431 333 304 204 302 499 274 245 544 577 592 350 511 493 142 556 121
Route #9: 146 63 560 554 559 434 348 569 291 318 402 459 451 276 31 522 280 298 244 90 141 43
Route #10: 375 470 83 539 510 478 524 460 325 441 527 590 398 22 597 582 181 442 400
Route #11: 403 212 449 213 49 169 535 589 466 129 498 504 250 372 383 581 72 397 92 525
Route #12: 289 58 474 558 42 16 150 319 230 52 46 6 157 313 174 387 242 412 60 67 532 603 277 139 540
Route #13: 188 178 435 299 45 249 566 542 175 28 113 334 125 585 424 8 162 631 379 389 292 502 549 99 367 215
Route #14: 563 494 85 620 135 199 604 614 567 438 255 103 172 565 293 303 286 53 340
Route #15: 526 195 10 436 427 127 217 310 650 252 130 65 140 574 288 618 95 557 138 273 251
Route #16: 79 171 151 643 128 259 338 123 12 50 578 591 77 66 534 248 617 394 11 479 432
Route #17: 377 588 355 69 243 26 491 170 579 78 70 145 297 357 624 552 160 358 48 647 395
Route #18: 646 218 282 68 2 621 270 356 364 240 458 446 275 161 337 206 371 86 382 149 514 233
Route #19: 586 407 393 173 515 607 124 126 537 198 533 596 495 300 219 231 104 44 508 118 261 401
Route #20: 238 562 536 640 433 136 308 443 354 315 492 311 408 222 497 164 623 390 102
Route #21: 339 107 326 134 440 247 314 641 630 637 191 420 418 55 54
Route #22: 5 361 341 381 51 602 263 531 177 575 115 88 1 27 482 384 490 439 332 234 530
Route #23: 205 207 447 538 571 265 216 610 98 642 321 465 472 159 15 501 471 193 165 380 119
Route #24: 23 229 61 278 430 599 453 20 463 132 3 209 25 312 366 475 260 583 396 365
Route #25: 190 295 516 629 405 413 410 133 84 550 587 373 622 187 444 500 523 609 376 636
Route #26: 73 568 570 112 197 323 611 116 392 426 512 347 388 74 461 462 30 528 545 324 411
Route #27: 192 351 122 241 595 625 600 14 336 551 328 645 296 445 176 513 239 307
Route #28: 456 39 309 546 616 203 406 208 421 628 327 417 505 615 489 285 335 186 385 264 253 517 226
Route #29: 370 457 144 268 152 114 35 266 473 485 196 56 294 87 184 415 359 331 256 272 353 232 281 484
Route #30: 632 594 156 423 452 638 593 464 605 543 612 189 329 369 100 601 639 38 521 254 330 627 17
Route #31: 391 81 287 547 283 529 167 317 168 180 96 117 414 202 59 237 576 322 404 271 509 507 416 179 166
Cost 326580
Time 1292.58
