Route #1: 35 68 322 308 325 162 251 269 59 142 128 270 201 91 339 257 230 347 233
Route #2: 129 281 195 199 198 320 194 93 115 130 122 167 181 340 53 300 106 245 73
Route #3: 183 172 153 215 57 214 25 113 38 80 346 13 140 295 171 293 50 229 210 344 179
Route #4: 213 34 127 326 108 223 254 285 290 280 336 328 351 256 217 313 272 44 262 69 144 26
Route #5: 216 114 41 324 56 126 279 263 156 51 309 83 222 159 276 359 209
Route #6: 301 105 165 271 170 343 354 321 94 137 240 147 120 299 353 4 96 31
Route #7: 246 250 224 297 268 85 303 267 123 98 155 28 164 49 133 334 363 100
Route #8: 239 265 84 104 192 186 8 27 109 184 323 116 72 248 102 143
Route #9: 12 86 135 241 274 294 132 119 247 117 75 355
Route #10: 9 112 14 30 231 330 54 148 273 174 182 255 361 169 337 286
Route #11: 37 82 39 168 358 191 204 131 277 208 349 89 22 207 138 64 111 16 258 221
Route #12: 249 333 345 319 220 329 76 203 160 200 206 205 3 298 331 118 46 173 151 180
Route #13: 6 95 58 107 242 236 32 71 87 150 154 79 110 70 145 348 310 237 43 193
Route #14: 97 158 60 121 282 362 275 77 296 202 243 306 228 287 261 311 219 234 134 196 304 178 157
Route #15: 307 197 19 146 5 90 78 253 92 141 47 66 88 10 149 55 332 252 341 244
Route #16: 235 45 238 260 74 152 52 29 36 40 67 62 103 7 61 189 125 21 65 335 352 302 48 327 316
Route #17: 284 360 317 288 259 187 166 81 15 190 227 264 291 292 342 188 338 312 2 357 350 185 101
Route #18: 24 356 20 315 176 314 23 18 1 161 289 211 33 318
Route #19: 212 163 218 11 177 124 232 63 42 266 136 99 305 175 225 278 139 283 17 226
Cost 153696
Time 302.728
