Route #1: 226 210 372 126 7 147 165 157 130 114 111 300 149 383 53 279 271 150 316 399
Route #2: 12 151 152 164 52 10 235 231 232 112 131 132 85 225 191 197 129 3 219 199
Route #3: 352 57 72 229 286 137 202 176 284 50 139 287 35 328 161 168 133 93 49 340 6
Route #4: 98 253 63 75 145 141 180 153 245 58 275 241 154 41 97 86 156 163 397 127 402
Route #5: 281 21 259 218 67 358 359 254 113 306 173 172 22 194 48 5 277 32 265 46 103 102
Route #6: 355 119 228 60 268 196 234 204 177 178 244 411 1 239 188 193 2 405 230 252 55 115 159
Route #7: 206 227 76 77 195 198 349 348 376 375 69 8 16 66 83 342 297 169 18 45
Route #8: 36 34 33 23 26 91 95 409 94 100 381 105 15 395 90 11 17 54 39 62 264 262 120
Route #9: 257 346 270 280 224 182 247 43 282 301 299 309 398 354 289 211 357 384 51 74 118
Route #10: 288 148 333 365 336 393 387 14 406 87 360 361 88 82 56 391 404 389 371 324 339 292
Route #11: 44 407 24 109 30 40 47 122 31 28 37 64 160 79 29 125 394 13 19 116 99 302
Route #12: 341 266 283 296 304 298 331 326 344 363 356 351 373 369 380 347 350 334 322 285
Route #13: 255 273 291 293 251 307 263 413 9 317 325 61 80 71 378 65 42 38 374 25 27 323 319 312 412
Route #14: 269 321 362 303 403 330 329 20 4 318 295 408 240 382 223 385 220 221 261 272 327 313 311
Route #15: 410 315 246 59 377 68 379 110 108 343 320 305 78 308 314 294 278 290 310 170 175 345 366 370 174 183
Route #16: 171 167 203 364 184 332 368 396 155 390 353 142 337 386 388 158 401 400 367 123 276 256
Route #17: 89 338 121 138 140 143 136 135 134 213 190 107 96 104 144 128 117 166 237
Route #18: 335 92 106 392 146 101 81 84 181 179 216 70 236 238 243 248 242 209 212 207 73
Route #19: 222 217 192 124 185 201 215 260 267 274 205 189 186 249 250 200 162 258 187 214 208 233
Cost 188533
Time 786.422
