Route #1: 444 452 453 286 421 254 134 66 156 311 150 363 224 365 387 430 89 371 405 299
Route #2: 182 128 326 132 149 109 221 225 196 419 417 439 200 418 231 232 414 293
Route #3: 408 190 192 213 143 238 39 16 276 307 10 11 5 314 354 351 343 341 427 313 368
Route #4: 401 433 347 348 346 332 386 422 376 411 298 305 392 370 349 344 101 63
Route #5: 320 393 264 310 25 33 36 331 339 336 409 413 440 450 412 218 147
Route #6: 416 437 74 86 207 46 247 244 291 402 285 436 230 241 356 389 274 357 330 441 59
Route #7: 235 116 398 394 262 283 263 180 83 144 375 340 280 388 442 3 12 142 438 380 426
Route #8: 125 124 14 105 96 90 174 112 406 15 282 361 435 153 92 403
Route #9: 113 245 50 45 429 135 266 243 220 205 102 54 242 296 211 80
Route #10: 187 177 324 131 176 415 99 64 95 121 58 167 162 130 185 184 114 115 367 378
Route #11: 384 327 334 306 407 88 338 295 53 428 420 28 277 400
Route #12: 69 256 301 70 158 396 335 410 78 138 186 123 248 251 390
Route #13: 55 26 57 366 139 155 111 168 178 223 100 81 179 148
Route #14: 195 270 164 61 31 82 73 181 163 445 275 91 104 110 165 379 193 399 98 355
Route #15: 383 385 206 22 6 303 294 308 382 353 32 236 237 219 126 67 304 451 328
Route #16: 87 62 432 345 319 140 24 215 222 217 260 362 51 157 269 268 322 317 321 40 119
Route #17: 265 281 42 271 77 423 425 117 183 449 108 72 404 342 9 323 85 84 79 136
Route #18: 93 208 160 76 284 141 173 65 118 97 146 199 431 272 246 443 170
Route #19: 159 227 364 228 233 234 21 289 292 288 41 129 75 249 18 258 259 279 290 333 188 191 166
Route #20: 214 252 257 212 13 309 94 302 397 391 172 201 204 107 34 312 316 169 255 175 48
Route #21: 273 315 37 47 60 267 369 373 372 203 250 297 7 29
Route #22: 261 44 154 145 226 151 171 194 152 352 137 103 49 2 23 71 68 1 20 19 56 287 17 198 4
Route #23: 253 325 122 8 38 240 300 454 30 377 360 197 350 189 329 374 358 434 395 120 229 52
Route #24: 127 337 318 381 133 210 209 359 106 216 161 447 202 278 35 448 43 446 424 27 239
Cost 263614
Time 620.697
