Route #1: 163 197 222 299 342 123 25 35 400 187 300 308 313 361 199 378 396 282 232 178 213 102 101 315
Route #2: 420 287 121 46 17 240 205 80 201 33 350 109 191 144 124 186 225 224 206 273 389 193
Route #3: 202 204 294 411 160 43 184 185 148 134 90 111 76 413 412 371 12 63 164 156 5 9 107
Route #4: 406 408 238 141 19 257 88 189 42 352 345 159 92 79 86 270 276 133 112 414 230
Route #5: 73 103 154 314 338 417 22 40 354 214 140 198 292 340 341 305 94 271 58 407 385 74 373 252
Route #6: 296 283 309 303 295 421 27 53 1 335 278 195 209 10 401 31 2 174 312 194 263 220 16 310
Route #7: 226 402 15 26 291 405 54 83 388 89 95 138 64 165 47 149 190 177 69 60 379 363 344
Route #8: 122 265 349 279 45 41 415 172 211 318 320 353 327 339 360 376 365 358 343 119 75 84 235
Route #9: 319 348 386 346 357 246 372 66 23 359 326 113 336 374 21 34 395 409 384 284 131 297 337 49 392 120 368 317
Route #10: 301 171 364 175 381 145 143 136 146 50 57 56 147 87 85 77 399 24 419 44 397 32 18 11 351
Route #11: 236 127 180 118 286 298 289 181 216 258 203 274 249 251 277 316 6 183 182 242 241 212 155 221
Route #12: 268 218 215 52 70 68 65 269 71 78 329 14 110 135 97 114 250 55 13 331 333 391 398
Route #13: 91 81 96 108 234 233 130 264 293 132 142 239 153 266 248 275 416 176 324 82 290 37 173 59
Route #14: 272 30 355 200 210 237 169 247 3 152 244 137 168 139 72 369 304 362 243 323 150 267 288 228 231
Route #15: 192 377 387 115 261 325 280 322 253 217 179 157 117 321 99 410 98 126 328 367 332 129
Route #16: 380 370 29 256 161 28 307 347 62 48 38 4 281 8 170 166 356 158 61 260 390
Route #17: 403 311 394 67 245 125 162 382 167 7 207 306 196 383 39 393 100 227 330 254 223 375
Route #18: 105 262 106 93 404 188 219 20 36 51 208 104 285 302 255 259 334 229 418 366 116 128 151
Cost 202474
Time 726.444
