Route #1: 352 358 44 196 178 135 141 189 152 96 407 439 11 171 162 408 98 200 406
Route #2: 387 198 215 61 186 419 28 164 88 57 130 137 67 327 58 271
Route #3: 390 345 337 333 46 37 391 389 349 38 188 52 3 330 209 367 66 353 280
Route #4: 45 453 81 218 313 140 121 393 458 341 356 375 234 228 418 174 213 4
Route #5: 297 233 89 415 348 99 95 448 108 265 100 444 8 197 438 410 267 369 368 338
Route #6: 84 35 68 77 322 104 2 64 60 435 309 49 48 244 238 1 230 225 212 220 191 184 203 259
Route #7: 62 166 25 42 332 363 264 15 325 394 30 373 79 454 269 270 195 185 395 125 384 359
Route #8: 32 414 441 111 39 91 176 409 101 47 362 354 307 275 235 253 288 342
Route #9: 274 231 97 252 346 226 227 194 224 248 251 170 301 9 392 138 90 287 241 133 102 6 255 173
Route #10: 210 424 147 208 396 21 22 115 87 86 106 430 78 34 142 117 129 134 118 305 331 304
Route #11: 445 303 428 335 383 206 350 216 155 443 423 211 55 412 144 80 82 386
Route #12: 146 29 311 180 243 328 314 187 149 148 374 199 207 219 360 357 240 268 310 284 245
Route #13: 59 272 92 94 273 411 192 246 440 131 145 33 239 182 36 312 277 163 50 136 27
Route #14: 321 169 165 159 316 150 153 124 41 254 201 160
Route #15: 51 413 380 293 20 143 112 172 323 69 114 266 319 317 294 205 300 447 437 85
Route #16: 385 371 364 365 376 361 403 405 388
Route #17: 306 417 107 53 250 7 291 278 76 75 378
Route #18: 404 421 347 258 296 260 279 372 175 179 167 132 214 366 370 289 302 397 339
Route #19: 262 70 83 93 26 276 452 429 379 377 427 442 298 336 355 340 446 450 425
Route #20: 40 285 398 286 217 65 19 10 190 236 168 334 120 5 18 31 401 281
Route #21: 400 128 416 193 449 432 381 344 320 109
Route #22: 382 422 43 308 436 451 456 127 110 72 257 402 71 183 73 113 223 74 242 54 434
Route #23: 222 158 161 63 23 232 282 237 247 283 256 249 157 13 221 351 139 12 455
Route #24: 126 14 329 457 318 426 16 116 290 24 324 17 202 204 122 181 103
Route #25: 229 261 295 119 56 343 433 292 431 420 156 151 105 123 299 263 326 177 154 399 315
Cost 234608
Time 632.896
