Route #1: 258 111 362 224 336 264 221 284 10 21 33 262 83 208 62 207 116 67 249 339 316 35
Route #2: 361 364 95 165 191 130 155 179 296 2 248 143 242 172 243 7 173 150 20 216 288 236 3 174 114 330
Route #3: 326 16 45 118 272 196 291 115 206 346 170 324 149 278 187 107 88 147 181 257
Route #4: 171 52 203 186 363 369 267 129 120 183 108 63 40 41 60 343 245 359 321
Route #5: 329 292 42 94 185 61 32 140 117 144 327 5 92 209 297 306 195 13 217 255 344 250 225 218 286
Route #6: 309 46 38 43 353 230 44 72
Route #7: 274 259 251 136 73 223 234 238 112 90 89 81 80 123 105 113 96 84 78
Route #8: 235 266 240 261 125 109 204 237 141 227 239 253 265 252 190 126 153 212 197 303
Route #9: 102 260 304 271 319 333 371 293 308 307 301 11 372 342 263 332 273 280 360 14 299 351 318 312 289 283
Route #10: 279 275 294 287 314 341 298 247 317 313 22 25 300 348 66 59 334 68 75 77 79 74 64 23 241
Route #11: 281 29 71 47 31 27 12 103 367 48 358 352 338 337 325 323 302 270 254 86
Route #12: 169 100 205 322 180 106 285 200 36 53 368 356 24 295 211 315 345 85 76 350 335
Route #13: 199 310 198 233 232 51 28 82 166 347 340 98 69 57 54 139 357 349 305
Route #14: 9 226 290 331 162 161 214 50 182 146 365 4 159 192 188 156 158 87 15 244 268
Route #15: 370 19 18 56 37 202 8 131 127 213 124 277 228 1 119 34 17 128 148
Route #16: 220 177 176 49 154 246 97 219 229 189 276 152 104 201 39 168 151 138 132 167 91 194
Route #17: 55 366 320 70 26 231 282 164 93 193 210 65 101 110 355 269 256 6 134
Route #18: 311 145 133 58 157 99 122 163 142 160 354 135 328 30 184 178 175 215 137 121 222
Cost 191806
Time 383.906
