Route #1: 180 158 136 170 192 240 268 294 218 216 204 205 179 119 137 234 157 215 366 229 236 230 226 223 325 266 265 282
Route #2: 96 167 115 393 1 145 144 89 76 66 171 26 135 59 248 245 257 92 221 241 67 224 212
Route #3: 278 54 305 264 247 249 148 301 172 177 288 310 121 219 125 91 78 99 101 64 193
Route #4: 120 370 159 169 386 175 176 345 347 182 190 189 186 336 161 152 330 142 334 252 225 217 113 139 133 242
Route #5: 114 188 126 256 244 275 250
Route #6: 232 349 302 314 87 269 316 313 17 327 10 141 37 53 23 311 15 391 8 11 12 320 318 307 392 390 254
Route #7: 34 355 358 62 79 104 116 124 155 32 138 14 380 371 166 338 173 235 251 262
Route #8: 13 341 45 308 291 293 289 285 292 295 296 384 326 27 42 52 61 72 73 93 304 77
Route #9: 69 260 238 280 146 299 300 337 339 340 348 342 309 303 332 317 298 306 283 323 315 281 286
Route #10: 156 208 128 122 373 367 168 227 185 107 147 154 28 255 214 209 207 231 276
Route #11: 94 277 270 261 111 211 129 385 379 375 376 381 354 352 350 351 362 359 328 70 36 44 357
Route #12: 364 360 377 51 86 88 97 5 346 83 383 47 108 55 80 20 102 363 21
Route #13: 160 63 38 131 132 130 58 274 258 206 287 344 329 95 361 90 82 343 369 74 368 48
Route #14: 279 272 127 335 228 118 65 374 178 263 7 267 191 196 40 356 6 246 112 239 372 387 200 331 259
Route #15: 81 43 41 3 4 389 16 31 56 150 50 100 184 140 195 194 198 273
Route #16: 333 388 60 210 253 68 201 84 149 33 18 181 134 22 243 49 39 35 75 123 2 98 85
Route #17: 220 321 202 284 222 353 24 57 153 174 165 163 30 233 29 187 151 213 105 9 25 297 322
Route #18: 237 164 109 110 106 162 103 71 183 197 199 143 117 46 324 203 319 378 271 290 312 365 19 382
Cost 173957
Time 825.279
