Route #1: 323 307 312 310 309 368 168 101 71
Route #2: 98 178 185 68 51 376 374 60 78 324 82 386
Route #3: 341 29 313 241 311 289 136 318 244 242 219 287 302 224 294 345 142 334 264 110 31
Route #4: 257 260 252 234 263 240 315 393 249 41 268 243 183 174 47 209 256 45 273 346 169 57 337
Route #5: 355 148 10 16 160 225 380 221 79 80 77 88 87 72 164 143 370
Route #6: 176 267 144 112 269 38 95 61 158 159 389 149 103 125 70 65 33
Route #7: 348 179 147 94 365 238 66 170 217 76 245 12 398 322 9 52 166 327 328
Route #8: 336 344 111 18 283 54 187 231 367 139 254 296 352 53 395 270 34 122 113 299 81
Route #9: 150 366 347 42 86 361 332 349 124 364 350 180 360 173
Route #10: 333 75 335 90 317 203 140 127 92 99 55 23 215 154 89 353 390 342
Route #11: 362 114 167 276 338 340 383 227 379 399 286 109 375 378 377 354 250 277 314
Route #12: 246 107 84 297 11 204 285 131 97 281 50 49 247
Route #13: 25 13 161 177 56 64 126 46 295 15 4 104 28
Route #14: 279 40 275 102 232 384 153 259 255 193 284 141 156 191 152 93 351 151 363 373 184 162 145 220 67
Route #15: 272 163 382 226 1 223 303 235 222 182 197 228 253 211 202 201 128 123 394
Route #16: 194 195 83 301 320 385 326 133 172 14 63 21 199 186 291 278 369 43 387 206 282 37 130
Route #17: 188 218 157 208 7 290 119 69 121 17 171 274 280 308 116 248 58 212 236 137 325 261
Route #18: 44 91 3 85 135 36 155 321 96 233 108 105 371 372 74 213 35
Route #19: 210 358 304 293 189 190 216 288 306 229 200 115 27 26 181 146 192 316 331 22 106
Route #20: 39 32 48 24 330 117 305 329 357 356 6 73 129 300 198 120 196 292
Route #21: 132 214 230 388 8 205 62 265 266 207 138 134 175 381 239 30 2
Route #22: 118 343 392 262 20 400 396 397 391 237 271 258 251 319 5 339 165 19 359 100 59 298
Cost 221430
Time 332.643
