Route #1: 316 277 334 296 326 286 287 25 31 332 324 13 327 335 5 261
Route #2: 330 275 313 325 309 297 295 253 242 248 274 17 278 29 14 312 307 72 314
Route #3: 268 254 308 255 336 20 28 213 3 264 32 259 240 9 12 216 229 24
Route #4: 282 237 236 144 202 228 249 250 257 256 288 301 265 262 306 247 328 235
Route #5: 337 15 157 322 294 98 302 311 135 331 6 19 21 10 200 181 246 33 323 304 319
Route #6: 209 204 317 193 303 300 71 271 276 176 174 175 279 281 215 220 233 238 162 205
Route #7: 260 280 284 186 189 187 217 165 214 225 227 224 177 221 241 226
Route #8: 270 158 55 67 267 252 239 251 117 171 315 138 266 163 188 201 219 310 232
Route #9: 120 147 143 113 148 161 119 168 146 196 192 198 190 153 136 195 194 185 173 105
Route #10: 64 137 207 210 191 166 164 182 169 154 104 108 101 70 79 83 81 58 91
Route #11: 59 107 106 114 134 132 160 179 131 170 109 184 167 48 273 22 50 38 39 320 51
Route #12: 290 291 97 100 103 11 93 18 92 94 74 69 78 68 23 53 338
Route #13: 152 35 321 60 61 66 80 285 111 130 159 180 76 231 43 44 54 258 142 203 139 65 102 82
Route #14: 77 155 234 230 112 141 206 223 199 156 245 128 86 126 218 243 269 84 145 318 2 27
Route #15: 299 46 298 263 16 118 90 73 272 4 52 40 57 41 42 211 140 49 149 172
Route #16: 96 151 62 8 305 222 333 178 197 293 292 124 212 30 45 208 283 26 289 123 1 7 329
Route #17: 63 89 56 37 129 116 95 47 88 75 115 110 125 85 133 244 183
Route #18: 127 36 150 34 87 121 122 99
Cost 147887
Time 354.296
