Route #1: 79 96 415 126 165 91 162 1 129 154 187 148 127 242 211 84 100 414 103 147 114 117 185 163 153 152 128
Route #2: 365 2 302 331 299 426 57 272 281 101 279 287 260 149 155 158 171 151 212 161 106 86 75 246 420 66
Route #3: 267 207 181 200 228 240 405 251 259 319 314 289 295 217 304 12 290 83 82 74 3 312 21
Route #4: 266 227 201 209 218 145 159 176 191 221 234 238 180 230 241 410 347 23 345 14 429 402 329 348 342 341 427
Route #5: 64 306 277 11 198 192 202 379 383 210 206 367 203 215 204 270 293 178 160 362 363 382 122
Route #6: 296 305 320 318 340 6 343 16 321 322 310 325 338 354 324 301 137 315 328 311 327 300 271 239 247 275 292
Route #7: 368 85 69 391 59 60 389 33 19 353 349 283 43 396 71 88 375 67 62 61 65 78 334 76 97
Route #8: 346 361 113 15 125 397 374 183 377 355 424 175 174 34 118 17
Route #9: 323 350 403 380 398 8 13 26 400 399 395 404 412 407 401 387 386 409 406 370 373 344 366 337 360
Route #10: 417 381 77 282 56 51 52 422 20 63 87 411 93 408 49 55 45 393 388 385 42 47
Route #11: 135 28 332 229 31 423 48 261 421 418 222 357 316 352 308 243 232 37 44 40 428
Route #12: 41 29 188 313 288 371 190 197 231 257 166 150 225 416 30 223 224 336 119
Route #13: 70 94 430 7 376 99 108 130 280 233 284 143 184 196 173 330 10 24 53 38 298 268 273
Route #14: 297 369 256 276 112 5 269 25 248 425 333 80 72 58 46 107 245 141 252
Route #15: 35 138 390 50 235 9 54 172 278 274 168 115 121 89 81 378 104 105 392 254
Route #16: 182 394 22 286 109 140 285 116 146 134 186 250 303 157 95 214 219 193 170 111 98 132
Route #17: 102 335 236 205 90 32 4 169 249 179 265 216 92 253 264 144 142 177 36 326 133
Route #18: 73 164 189 317 262 237 263 136 167 68 213 226 131 39 220 356 194 195 351 208 120 124 139 413
Route #19: 255 364 384 294 359 244 27 358 372 123 110 156 291 309 18 339 419 199 258 307
Cost 187685
Time 633.771
