Route #1: 266 76 168 217 138 123 162 84 163
Route #2: 75 97 9 296 223 173 277 3 124 113 301 18 251 141 111
Route #3: 23 263 51 117 116 93 205 245 191 66 1 214 242 128 196 237
Route #4: 221 253 16 211 281 208 201 96 282 267 132 268 40 41 285 53 204 8 109 235 203 293 254 100
Route #5: 176 28 135 195 78 98 212 94 38 184 26 154 146 298 213 131 255 126 47 46 71 151
Route #6: 248 50 65 13 188 57 125 284 99 252 90 4 158 35 199 148 36 68 224 42 105 271
Route #7: 14 210 32 287 64 91 295 174 69 233 55 144 145 177 249 21 24 80 130 161 156 48
Route #8: 280 289 256 87 86 286 264 29 260 61 147 107 239 294 187 198 229 261 153 185 265 133
Route #9: 190 95 227 279 250 101 137 216 262 247 297 169 34 45
Route #10: 299 120 5 241 189 37 197 246 243 160 44 39 230 33 232 257 170 228 149 12 15 31 58
Route #11: 186 222 10 159 43 127 27 6 288 276 67 272 56 17 20 218
Route #12: 30 172 54 72 106 192 179 290 92 74 259 103 102 115 85 231 178 11 88 292 200
Route #13: 193 129 278 122 225 104 181 283 240 164 114 202 206 59 152 22 110 207 2
Route #14: 300 215 63 274 73 270 79 236 136 70 83 134 108 7 19 60 171 121 82
Route #15: 157 49 143 219 167 220 244 166 165 194 139 155 209 142 269 150 275 175 226 182 140
Route #16: 62 119 238 273 118 258 183 234 302 291 77 25 89 112 52 81 180
Cost 131702
Time 370.734
