Route #1: 330 315 292 345 291 255 230 211 213 217 234 262 89 209 312 103 104 418 139 302 37 116
Route #2: 322 261 251 352 25 344 338 353 301 290 265 191 188 321 202 193 233 196 263 281 280 318 243 285 299
Route #3: 187 237 274 266 320 367 420 307 286 277 270 275 297 414 491 512 509 474 269 271 449 348 303 347
Route #4: 380 526 4 396 398 14 408 404 407 417 32 31 426 332 403 397 423 17 15 18 8 525 521
Route #5: 456 43 461 49 79 82 81 473 80 64 92 479 107 98 108 469 485 91 61 33 11 391 527 528 373
Route #6: 359 349 364 369 410 409 381 382 445 395 438 384 425 392 376 365 358 370 386 335 333 383
Route #7: 328 336 483 371 372 374 375 462 389 387 377 504 464 470 452 463 455 457 446 437 393 341
Route #8: 310 59 465 475 482 495 490 494 487 42 477 50 48 60 62 466 51 480 472 3 415
Route #9: 363 378 368 114 142 177 197 72 77 97 229 73 78 519 166 508 135 148 151 44 45 214 95 66
Route #10: 235 102 507 65 54 53 440 451 448 458 454 471 501 500 510 429 432 424 413 411 497 416
Route #11: 99 2 222 141 162 189 366 419 406 421 439 430 453 428 431 427 361 434 174 360
Route #12: 394 433 484 476 524 22 85 70 87 86 56 16 27 26 74 522 505 71 442 516 267 124 105 362 161
Route #13: 40 93 436 153 400 127 125 123 498 496 503 499 489 122 128 131 121 460 100 28 450 324 109 313
Route #14: 182 175 289 308 163 502 199 276 300 134 314 331 68 90 101 249 24 19 355 238 63
Route #15: 244 156 201 179 329 327 388 164 147 226 486 511 412 342 52 35 272 112
Route #16: 268 264 111 293 30 9 138 422 36 13 5 126 356 325 467 47 523 130 119 517 488
Route #17: 282 326 220 117 311 350 120 133 158 20 515 518 514 478 67 210 278 223 7 250 132 246 346
Route #18: 279 184 337 146 254 385 88 294 181 298 468 295 316 283 354 257 379 38 459 183 309
Route #19: 405 317 170 150 94 186 185 225 340 305 154 1 12 46 84 113 194 390
Route #20: 75 208 167 41 319 165 435 168 231 29 115 76 192 239 149 178 176 195 198 155 83 96 55
Route #21: 137 252 481 401 253 180 306 207 284 6 69 287 152 172 118 339
Route #22: 399 444 190 160 203 258 259 34 10 520 145 144 159 140 143 171 110 136 204 248 513
Route #23: 169 296 129 224 212 39 200 323 506 232 236 106 447 273 157 443 21 441 23 343 215 402
Route #24: 334 304 492 219 493 240 245 216 58 57 227 241 206 205 228 218 242 260 351 173 357 256 288 247 221
Cost 211893
Time 1857.75
