Route #1: 106 129 226 432 11 191 160 140 98 284 16 341 93
Route #2: 420 423 54 468 206 294 144 3 307 188 181
Route #3: 319 440 159 278 356 337 336 398 110 201 90 435 128 259 99 332 86 433
Route #4: 30 57 69 7 218 442 143 87 208 41 412 293 348 409 186 180 248 42 38 455 165 463
Route #5: 46 380 280 196 101 257 113 242 171 308 157 222 32 45 193 121 371 292 389 460 224 73 381
Route #6: 316 454 61 291 434 320 219 28 220 67 247 55 326 155 339 15 304 448
Route #7: 175 142 94 285 272 266 437 366 273 2 329 246 236 431 265 469 464 78 126 75 84 277 116 373 456
Route #8: 240 8 104 400 299 147 252 59 170 65 71 426 466 35 81 167 288 151 241 234 233 27 172 449 459
Route #9: 43 355 350 421 376 21 100 173 213 467 166 111 256 123 138 287 372 134 465 342 76 338 62 109
Route #10: 12 302 408 414 56 418 102 415 394 40 377 250 48 36 290 317 419 24
Route #11: 267 306 296 261 383 305 258 392 115 311 333 221 207 425 451 262 295 223 80 411
Route #12: 23 153 235 390 154 131 177 289 260 203 37 63 453 362 66 328 312 334 458
Route #13: 176 33 327 118 228 107 402 10 424 387 283 13 413 251 210 120 264 211 438 370
Route #14: 114 357 137 243 50 205 457 445 368 14 18 360 428 331 388 91 436 150 239 231 340 399 148
Route #15: 271 410 430 88 255 254 146 125 401 192 361 190 178 127 282 346 183 330 385 47
Route #16: 141 446 403 152 286 417 325 349 39 136 103 105 9 441 89 269 447 276 200 25 391 197 344 323 429
Route #17: 229 315 169 321 232 263 375 406 5 133 214 359 122 444 179 227 29 345 253 382 279 439 462
Route #18: 245 249 92 422 470 135 17 77 352 204 53 49 301 351
Route #19: 343 364 189 44 117 198 374 1 26 82 83 378 182 72 34 405 184 298 309 112 162
Route #20: 96 244 363 367 347 74 212 281 393 300 314 230 19 217 108 268 195 68 452
Route #21: 174 274 318 199 215 369 161 354 310 275 379 163 322 58 313 31 443 237 358 164 397
Route #22: 450 79 124 187 407 303 386 64 270 52 132 209 185 216 427 324 158 6
Route #23: 4 461 238 194 396 404 353 168 145 119 97 335 156 395 416 384
Route #24: 60 70 51 225 22 130 297 20 95 149 139 365 85 202
Cost 259086
Time 1267.53
