Route #1: 375 229 293 3 251 413 318 374 15 240 285 321 368 408 104 311 380 324 112 21 372
Route #2: 341 288 331 326 117 49 116 250 267 24 309 259 327 46 164 194 345 338 68 8 131 97 11
Route #3: 364 350 170 330 85 176 371 45 66 217 151 349 310 69 190 389 20 14 16 90 57 265 283
Route #4: 149 348 388 61 115 218 83 303 67 308 204 81 306 296 118 13 71 105 70 171 65 172 351
Route #5: 361 72 301 135 315 40 358 260 262 5 25 362 325 246 355 282 100 2 110 302 269 43
Route #6: 121 96 94 102 226 234 50 208 209 91 74 73 352 182 78 200 320 56 314 316 98
Route #7: 257 300 203 377 292 270 39 354 53 31 233 60 356 156 212 304 409 35 235 138
Route #8: 276 37 252 178 147 140 145 160 186 48 181 183 173 155 111 401 95 76 89 415 109 92 52 34
Route #9: 231 213 214 266 244 159 158 119 405 387 347 166 403 396 395 54 128 148 55 312 404 378 398 382 402
Route #10: 18 273 84 369 230 141 416 27 139 414 232 175 277 169 337 399 193 101 168 42 261
Route #11: 280 305 239 180 258 243 86 195 216 284 370 201 4 205 215 256 271 124 36 365 153 248 249 107 33 383
Route #12: 93 32 392 384 41 87 184 167 134 113 12 88 64 391 386 397 47 80 146 58 291 123 253
Route #13: 126 157 22 287 297 245 63 221 38 385 7 162 6 1 9 225 298 236 286 219 122
Route #14: 410 150 334 333 357 79 336 323 363 367 242 241 272 238 279 332 307 281 353 275 196 185 188 191 328 237 329
Route #15: 192 317 106 411 319 187 29 254 161 127 294 322 339 199 189 136 174
Route #16: 295 206 108 220 99 299 342 406 211 346 28 394
Route #17: 165 393 335 290 144 264 379 125 44 344 142 130 59 177 143 223 412 30 268
Route #18: 390 137 202 26 340 198 114 10 343 407 51 263 366 228 227 75 278 77 103 62 152 19 129
Route #19: 359 376 313 179 23 255 247 289 154 133 210 222 163 373 274 120 400 132 360 197 207 381 224 82 17
Cost 125546
Time 1181.26
