Route #1: 278 137 190 232 288 203 110 210 186 117 212 67 17 101 127 58 277 79 195 22
Route #2: 56 308 80 130 313 209 263 240 269 185 105 113 65 145 49
Route #3: 13 99 15 57 319 96 254 270 259 54 312 168 118 121 108 227 10 83 223
Route #4: 102 260 23 55 196 68 42 112 26 125 60 163 128 301 245 85 280 104 138 69 63 183 264 276
Route #5: 237 62 179 230 11 197 220 298 247 171 51 271 267 205 133 28 44
Route #6: 53 294 147 169 231 87 296 52 170 293 309 61 141 249 234 164 218 233 92 35
Route #7: 50 166 274 253 41 4 161 295 5 175 174 139 103 136
Route #8: 150 47 266 289 192 100 159 155 107 114 31 98 64 126 32 281 305 18 20 19 290 93 217
Route #9: 188 181 78 77 221 157 165 3 25 200 48 273 251 272 292 148 34 228 236 106 116 178
Route #10: 84 173 213 149 214 74 316 151 167 14 283 307 115 204 284 199 206 94 70 187 238 66 12 176 59
Route #11: 258 241 119 156 1 226 46 262 261 129 135 97 299 265 180 279 123 144 177 152 72
Route #12: 239 162 24 310 160 252 216 131 27 172 229 43 134
Route #13: 7 45 235 29 82 143 304 6 222 317 248 95 246 91 275 191 207 282 193 286 300 302 255
Route #14: 256 303 88 219 215 86 38 287 314 16 90 257 36 33 8 146 153 202 111 243
Route #15: 297 208 142 184 250 81 315 198 132 291 89 201 158
Route #16: 318 189 2 71 21 122 37 285 311 154 124 30
Route #17: 40 182 225 194 268 75 140 73 242 109 39 120 211 224 9 306 76 244
Cost 206219
Time 340.706
