Route #1: 236 216 234 258 208 10 179 243 231
Route #2: 127 126 15 120 197 201 199 215 203 174 145 185 182 200 202
Route #3: 157 36 78 92 52 139 41 38 21 133 173
Route #4: 131 150 119 49 33 172 175 264 254 34 117 68 14 257 4 75 220 102 26
Route #5: 144 148 214 61 67 77 240 55 229 235 142 72 162 170 81 245 181
Route #6: 69 132 124 13 43 70 64 205 213 207 219 176 98 143 209 59 135 71 122 89 50 46 101
Route #7: 40 156 155 9 263 86 94 118 114 104 112 134 121 137 39 28 260
Route #8: 24 11 237 204 166 85 223 222 3 224 196 88 108 100 189 188 106 99 228 191
Route #9: 140 18 20 63 147 255 259 62 241 60 90 221 238 136 130 17 218 232 42 97
Route #10: 84 164 116 65 128 76 54 45 123 25 23 12 29 74 239 19 125 161 160 2 190
Route #11: 80 194 250 37 252 247 261 217 167 6 8 265 27 31 22 146 5 249 251 73 107
Route #12: 211 193 192 87 66 103 47 48 35 91 153 96 30 226 262 233
Route #13: 154 151 168 180 163 178 171 253 206 165 1 242 184 198 256 169 95
Route #14: 183 210 138 149 177 16 32 109 111 57 129 110 58 105 113 83 159 227 115 186 195 212
Route #15: 248 246 53 82 51 79 44 7 244 225 187 158 230 141 152 93 56
Cost 146571
Time 315.149
