Route #1: 341 200 213 158 157 207 224 53 237 219 18 251 250 29 140 25 240 180 83 81 119
Route #2: 19 179 238 351 21 71 88 35 44 27 172 147 74 280 300 163 254 234 33 352
Route #3: 265 266 182 176 319 168 183 195 247 302 78 85 86 150 184 97 94 134 73 37 5 288 214 110
Route #4: 104 135 177 160 139 169 102 201 52 127 77 101 186 235 38 43 337 59 67 321 51 34 326
Route #5: 148 311 193 313 220 129 22 80 84 117 28 167 188 171 181 111 208 24 31 192 154 138 161
Route #6: 255 229 320 338 91 242 112 130 136 156 342 133 146 261 304 227 347 225 149 301
Route #7: 49 66 202 106 68 57 48 45 137 105 12 252 61 116 1 100 99 108 89 107 178 217 109 248
Route #8: 54 55 243 223 222 191 153 141 93 118 120 281 297 62 293 115 58 75 79 98 216 92 95 65
Route #9: 209 203 211 212 189 152 131 218 276 221 228 233 246 239 232 226 270 269 264 262
Route #10: 267 260 230 87 23 40 142 245 257 197 198 173 159 170 187 190 196 215
Route #11: 289 285 286 283 123 125 340 316 151 164 166 165 124 121 244 249 113 114 312 324 132 15 30 32
Route #12: 274 287 282 279 344 253 275 272 306 307 317 330 327 343 303 349 284 256 210 328 332 236
Route #13: 259 278 298 348 64 299 294 7 2 11 10 13 82 47 143 39 46 17 14 122 128 145 155 314 309 231 241
Route #14: 56 50 325 334 333 323 96 90 76 6 69 60 41 42 345 336 331 20 16 292 291
Route #15: 9 206 175 350 185 8 162 126 263 268 258 277 295 305 310 315 308 273 271 290
Route #16: 3 205 144 335 4 346 36 70 63 72 322 353 339 329 174 204 194 318 103 199 296 26
Cost 156133
Time 874.49
