Route #1: 201 8 111 208 209 14 199 190 224 174
Route #2: 192 68 88 206 109 225 95 32 71 94 200 91 40 211
Route #3: 37 28 60 189 13 148 166 153 76 3 196 139 173 164 80 227 140 214
Route #4: 205 187 55 48 65 82 116 115 81 147 52 49 228 7 131 202 143 6 17
Route #5: 63 26 19 204 24 33 31 23 124 25 203 54 43 193 66
Route #6: 127 16 216 113 97 156 144 134 176 171 39 154 67 195 102 104 141 5 118 106
Route #7: 41 29 207 107 74 215 222 30 53 177 45 46 219
Route #8: 56 125 180 105 73 27 20 149 198 98 90 232 231 233 234 119 217 197 92 62 12 100
Route #9: 21 157 182 213 129 70 191 210 158 163 79 69 2 35 123 181 132 110 83 75 99 11 188
Route #10: 101 108 64 78 159 59 212 51 185 162 44 1 15 178 47 57 169 186 220 72 230 218
Route #11: 114 38 84 183 150 151 87 9 34 121 77 93 175 170 160 165 120 223 152 229
Route #12: 42 161 137 10 135 103 136 184 112 145 117 4 89 50 58 168 130 36 221
Route #13: 179 155 85 226 172 128 194 142 122 167 146 126 138 133 61 86 96 22 18
Cost 139590
Time 247.919
