Route #1: 25 340 209 136 191 283 172 68 241 437 277 128 189 262 142 227 390 372 325 426 170 391 230 357 210
Route #2: 165 327 23 355 197 432 7 347 308 100 385 299 402 52 364 231 187 363 410 51 118 27 375 204
Route #3: 332 441 398 423 439 22 358 36 436 116 2 233 124 365 71 97 335 407
Route #4: 134 12 310 444 152 409 80 393 177 382 206 222 66 160 175 400 24 414 270 108
Route #5: 83 399 428 290 203 275 261 317 285 334 45 26 305 31 30 416 69 176 178 119 224 64 295
Route #6: 94 259 354 268 333 380 384 360 421 103 140 195 20 316 50 401 81 137 138 217 238 59
Route #7: 342 309 429 264 135 260 434 5 155 269 373 304 387 306 78 14 442 404 60 185 147 153 379
Route #8: 53 37 127 184 319 289 98 324 180 344 200 293 321 279 351 315
Route #9: 234 84 74 76 18 337 144 411 205 330 196 328 415 92 39 313 122 329 292 29
Route #10: 449 54 220 362 221 431 378 143 186 75 254 218 356
Route #11: 150 427 314 240 243 173 298 58
Route #12: 132 394 157 65 250 311 395 129 198 225 274 145
Route #13: 181 446 392 88 162 368 320 207 350 105 15 11 338 121 381 403 164 272 32 56 166 297 343 341 101
Route #14: 6 248 192 376 130 171 86 386 48 307 91 113 300 245 149 253 40 249 389 369 352 43
Route #15: 96 67 19 433 424 182 247 21 188 417 336 34 302 408 237 8 312 288 301 190 104 452
Route #16: 346 348 450 111 418 443 55 89 374 44 265 95 454 422 33 438 235
Route #17: 413 141 110 112 174 215 366 151 244 349 73 62 183 1 258 229 146 106
Route #18: 370 359 291 115 57 445 3 323 242 273 263 194 367 284 90 120 126 70 139 457 99 219
Route #19: 163 447 72 93 109 456 13 125 82 236 223 208 159 46 161 16 278 451 303 440 318
Route #20: 79 430 85 167 211 102 114 455 448 107 87 4 38
Route #21: 326 156 202 251 154 17 294 63 199 214 388 49 377 179 267 453 158 286 61
Route #22: 169 276 47 28 271 353 331 257 9 123 371 42 252 10 239 35 322 228
Route #23: 282 339 361 213 296 281 397 77 406 148 419 226 255 396 201 193 133 117 435 216 425
Route #24: 287 212 256 232 168 383 420 246 131 266 280 405 345 41 412
Cost 248804
Time 572.825
