Route #1: 152 350 25 195 129 361 394 86 101 46 92 53 130 105
Route #2: 455 184 29 77 319 103 59 155 110 124 291 36 100 452 292 448 296 373 95 182
Route #3: 193 247 185 191 142 349 303 257 164 175 279 253 307 403 126 437 321 203 85 147
Route #4: 357 384 418 411 426 68 412 273 262 252 409 264 430 450 439 102 204 4 393
Route #5: 407 421 211 168 154 89 91 382 181 322 19 208 213 20 15 233 243 228 277 280 231 225 226 26 209 237 218
Route #6: 232 255 390 230 241 118 30 133 40 114 342 428 335 442 187 370 317 254 212
Route #7: 197 259 149 144 112 81 150 167 196 207 210 223 217 260 278 270 298 109 327 329 286 64
Route #8: 263 249 234 135 70 139 121 432 385 235 289 227 314 354 356 348 353 355 111 320
Route #9: 186 202 5 16 3 17 67 179 387 176 84 389 174 301 18 13 12 137 11 140 276
Route #10: 170 190 136 165 188 316 310 272 315 79 306 123 127 138 153 214 340 358 163 371
Route #11: 337 21 162 376 54 324 47 313 388 311 94 96 122 117 104 248
Route #12: 206 245 268 445 1 200 415 283 224 400 48 132 397 395 145 447 35 431 261 456 446 198 22 189 427
Route #13: 219 386 173 60 106 201 87 2 345 281 61 364 449 6 156 238 43 134 205 148
Route #14: 396 392 166 417 169 436 229 265 269 14 183 119 28 31 39 45 274 275 297 312
Route #15: 379 429 336 300 323 333 328 33 8 7 295 443 408 398 294 293 80
Route #16: 413 433 434 454 416 401 57 299 34 32 305 318 457 341 362 404 367 420 347 458
Route #17: 69 44 422 351 369 368 66 65 365 266 246 220 194 50 419 402 440 451
Route #18: 125 410 374 381 256 338 160 159 309 258 251 343 288 287 423 435 326 414 372
Route #19: 99 406 271 346 267 215 180 141 172 62 441 27 63 334 332 222 308
Route #20: 375 405 71 75 76 151 55 88 83 52 344 339 120 444 146 78 360 177 378
Route #21: 97 242 113 331 38 425 161 325 250 74 178 236 51 216 199 221 82 143 192 98 290
Route #22: 108 107 72 330 93 438 41 9 359 284 391 128 377 58
Route #23: 366 24 304 244 282 240 42 49 56 73 116 131
Route #24: 352 171 239 383 285 157 10 23 453 90 115 302 399 158 380 424 363 37
Cost 258938
Time 650.705
