Route #1: 35 43 278 274 301 6 279 277 295 70 68 67 64 63 60 288 302 287 283 275 260
Route #2: 212 273 256 221 239 240 255 253 232 252 242 247 259 294 292 267 249 219 92 234 225
Route #3: 251 304 116 16 248 305 10 257 18 258 265 27 29 42 282 76 299 300 19 21 22 24 23 82 81 284 241
Route #4: 12 30 45 39 88 308 109 110 268 117 112 307 235 233 246 243 297 5 280 171 250 236
Route #5: 245 101 111 128 133 289 276 137 270 127 218 121 123 208 217 96 172 174 175 98 254 17 154 228
Route #6: 130 203 207 187 150 167 286 179 200 189 138 210 149 155 151 142 106 105 119 145 153 159 161 201
Route #7: 53 72 136 135 226 223 146 129 170 224 141 229 122 115 107 125 134 132 97 78 75
Route #8: 231 196 80 71 94 118 143 165 157 50 9 99 57 148 147 55 120 93 227
Route #9: 46 178 169 186 3 108 20 160 58 199 180 158 182 73 211 215 37 54 36 40 113
Route #10: 65 77 222 214 194 162 32 102 193 209 131 140 188 104 95 126 61 69 4 185
Route #11: 33 164 13 272 44 15 1 14 52 41 74 38 28 34 51 89 306 11 8 183 163
Route #12: 31 25 152 195 237 84 263 190 139 213 176 49 56 262 181 202 83 2 238 168 173 261 91 192 205
Route #13: 244 220 216 90 298 293 285 144 198 206 156 103 197 85 79 230 86 87 269 264 100
Route #14: 204 177 296 47 291 303 7 271 62 66 59 290 281 48 266 191 114 26 184 166 124
Cost 150200
Time 820.454
