Route #1: 382 455 485 716 656 624 641 634 622 694 553 578 603 771 484 629 24 64 384 617 651 779 308 398 5 706 584 642
Route #2: 458 94 311 426 586 289 554 193 10 11 528 241 21 284 420 599 598 240 652 472 225 181
Route #3: 59 271 318 664 600 260 133 137 6 575 589 625 491 687 314 232 759 736 764 757 415
Route #4: 249 535 804 662 733 435 436 258 522 607 649 513 870 43 116 845 144 370 609 431 361 42 595
Route #5: 44 295 846 90 68 8 257 315 344 438 537 619 499 417 567 840 286 456 4 730 102 568 120 650
Route #6: 278 357 465 443 482 385 501 770 549 563 81 197 610 772 648 847 119 763 372 61 588 121 844
Route #7: 340 534 778 419 496 516 520 518 486 515 360 395 440 434 423 665 352 709 301 348 332 331
Route #8: 597 533 381 122 430 84 123 780 446 489 585 734 131 851 677 606 180 76 208 596 459 136
Route #9: 269 794 267 307 336 670 401 416 490 502 233 146 476 452 505 462 259 538 531 532 519 655
Route #10: 150 558 66 82 663 222 460 735 128 795 126 746 291 721 45 285 686 428 172 287
Route #11: 155 75 143 71 214 310 339 457 292 151 112 782 23 19 827 793 594 813 836 105 15
Route #12: 154 74 510 142 383 202 255 93 536 639 179 557 514 7 500 207 104 9 72 73 379 12 13
Route #13: 147 783 784 666 464 78 507 521 702 839 1 429 230 646 445 347 371 480 162 857 439 195 234 209 468
Route #14: 268 100 129 170 838 152 280 159 171 325 475 394 229 228 196 194 276 89 88
Route #15: 246 645 614 695 132 206 86 91 191 138 87 681 682 683 574 797 802 167 865 874 875
Route #16: 781 433 843 14 796 613 654 481 69 477 157 552 569 618 345 565 317 556 408 422 566 253
Route #17: 555 277 264 450 334 412 479 497 628 615 835 509 483 354 350 411 413 407 335 366 470 390 387 580 99
Route #18: 678 106 141 756 161 188 199 227 351 254 211 299 200 192 198 183 169 182 168 153 389 328 54 96
Route #19: 160 601 265 242 541 543 148 185 176 16 739 18 279 298 283 237 349 449 451 647 551
Route #20: 604 583 548 591 487 524 676 364 252 592 309 266 327 356 406 466 506 637 488 627 828 492 27 544 747
Route #21: 367 368 282 495 526 281 525 562 386 378 374 754 402 807 831 375 373 799 790 363 319 377
Route #22: 392 403 788 337 330 293 727 711 632 263 577 710 689 761 745 703 701 713 714 753 690 231
Route #23: 636 409 47 579 581 573 29 570 547 590 638 643 752 817 621 635 722 659 726 742 661 660
Route #24: 140 50 70 244 221 205 107 103 220 247 275 860 855 333 787 296 294 320 326 668 512 517 542 297 272
Route #25: 824 675 673 679 861 705 704 698 712 26 871 873 33 715 720 750 145 41 741 40 46 58 35 32
Route #26: 427 322 667 692 691 760 762 685 688 699 785 786 669 3
Route #27: 672 878 30 728 729 49 748 767 53 316 823 808 820 810 819 85 800 816 809 801 125 2 118 822 821 818
Route #28: 848 826 825 862 56 108 814 79 25 28 109 63 67 57 164 210 226 243 274 359 341 877 755
Route #29: 719 725 693 749 765 769 792 806 833 864 805 803 834 773 768 738 751 744 724 737 493 868
Route #30: 696 775 832 829 852 842 732 166 866 173 841 178 879 174 186 184 177 776 158 31 880 789 849 811 774 718
Route #31: 545 36 508 587 149 448 812 127 212 530 218 437 658 777 723 235 245 273 644 708 671 684 640 620 700
Route #32: 707 611 358 631 83 175 201 633 731 248 425 204 680 856 540 410 117 52 854 424 504 653 324
Route #33: 130 396 113 503 261 571 858 872 22 38 39 630 290 60 791 124 469 163 758 189 478 421 523
Route #34: 329 559 605 97 223 323 187 414 376 215 251 98 165 238 77 572 110 111 203 80 92 114 51
Route #35: 190 305 303 463 393 397 511 539 602 740 473 388 560 550 48 593 576 616 441 674 859 447
Route #36: 474 623 766 876 250 236 139 498 239 444 101 270 346 626 461 380 217 213 353 262 302 224
Route #37: 365 55 869 564 494 369 442 20 867 34 65 321 95 343 17 608 612 582 546
Route #38: 219 338 399 391 355 561 454 313 697 717 288 256 362 471 405 404 529 657 135 830
Route #39: 115 134 453 467 312 432 156 527 37 418 400 342 306 300 837 62 815 304 798 216 743 853 863 850
Cost 375523
Time 1552.62
