Route #1: 159 506 7 146 334 461 177 67 310 213 9 397 267 420 454 373 327 457 447 105 518 524 464
Route #2: 466 339 52 211 229 259 311 382 333 263 84 342 200 328 378 393 261 418 390 44 363 307 411 350 228 469
Route #3: 357 322 392 427 434 207 266 448 161 293 530 74 13 521 478 504 17 303 291 61 236 243 79
Route #4: 141 404 134 523 474 11 8 240 379 510 500 408 136 476 276 274 183 436 143
Route #5: 127 389 277 115 149 481 441 353 204 46 222 2 491 43 231 531 472 279 110 120
Route #6: 209 458 248 325 396 386 515 37 163 196 412 186 193 176 4 308 409 384 423 93
Route #7: 356 111 132 217 444 415 41 426 164 14 493 452 203 225 425 475 398
Route #8: 64 97 513 160 35 100 433 455 395 5 391 246 152 71 10 332 45 419 367 201
Route #9: 82 319 95 286 268 287 459 269 70 517 381 235 102 191 320 417 226 403 470 123 227 298 28
Route #10: 99 38 299 410 104 250 315 372 171 135 233 218 270 477 405 306 112 495 157 221
Route #11: 290 12 301 137 340 435 375 374 198 154 202 331 271 468 360 330 63 247 253 194 359 81
Route #12: 280 22 431 492 496 23 24 147 166 170 516 324 509 499 505 388 529 355
Route #13: 151 482 78 53 76 77 162 338 39 18 153 501 323 189 75 480 16 400 3 462 174 297
Route #14: 262 116 437 219 283 150 130 284 244 507 439 214 169 192 260 349 428 352 467 59 47 185 497 318 56
Route #15: 498 216 138 296 383 33 508 364 239 371 190 520 128 316 265 295 49 223 180 238 98 489 106
Route #16: 90 69 502 429 294 158 30 21 188 124 144 401 20 366 525 118 57 281 273 512 245 215 527 55 94
Route #17: 131 242 26 414 443 32 101 361 451 456 344 422 255 234 488 309 485 351 347 179 282 438 385 80 91 300
Route #18: 205 326 58 399 62 139 257 348 167 354 484 376 305 31 343 289 148 336 119 96 528 369 208 237 133 50
Route #19: 421 264 197 312 490 114 446 337 473 29 210 416 107 345 440 254 87 394 72 346 122 241 181 365 27
Route #20: 479 278 285 66 511 25 195 362 341 450 258 129 187 329 304 113 145 522 302 251 252 220
Route #21: 40 88 108 173 172 140 256 36 54
Route #22: 413 182 321 121 83 430 42 65 514 125 178 73 494 442 432 156 6 85 206 15 424 465 230 89
Route #23: 48 175 117 358 471 86 199 487 51 155 314 368 60 526
Route #24: 503 377 92 387 292 406 407 380 483 142 460 232 317 19 402 212 68 249 370 335 449 486 168
Route #25: 288 184 109 126 103 1 453 445 224 275 272 34 165 463 519 313
Cost 248256
Time 782.666
