Route #1: 205 186 147 215 33 146 201 195 62 34 37 54 98 171 64 76 25 115 14 9 209
Route #2: 5 8 151 149 193 208 198 13 20 213 200 164 158 150 125 128 66
Route #3: 53 79 93 152 121 97 105 203 7 65 57 67 43 95 45 172 58 131 83 194
Route #4: 38 119 126 120 60 168 165 52 176 108 130 145
Route #5: 82 46 50 74 88 111 153 137 142 118 101 63 47 41 32 36 15 162 103 140
Route #6: 157 127 19 92 72 27 55 96 12 90 196 192 180 23 40 59 138 161 177
Route #7: 173 3 85 204 110 132 99 113 87 80 129 144 124 112 94 102 56 178 100
Route #8: 207 106 210 109 185 61 86 134 163 183 136 202 197 155 6 184 214 2 212
Route #9: 187 35 188 199 21 42 51 91 16 4 170 48 148 154 141 159 68 44 26
Route #10: 1 190 31 189 122 81 78 30 29 49 17 179 10 156 70 71 133
Route #11: 69 191 117 107 73 77 75 28 22 116 84 24 11 143 39
Route #12: 104 174 175 169 160 139 89 135 123 114 211 18 166 206 181 182 167
Cost 133948
Time 573.553
