Route #1: 251 20 33 36 22 24 52 9 34 25 229 230 237 10 16 7 29
Route #2: 228 14 249 255 250 247 221 209 220 238 227 225 178 212 213 141 155 181 145 167 125 88
Route #3: 240 241 201 197 198 210 166 224 174 175 173 253 208 188 190 254 199 205
Route #4: 191 202 23 32 189 194 193 187 80 149 26 115 11 90 156 158 222 215 153 185
Route #5: 160 159 161 146 214 121 117 128 242 252 110 3 6 8 5 177 4 204 19 206
Route #6: 87 89 135 186 236 203 207 40 226 74 235 211 179 150 151 122 163 164 169 172 196 72
Route #7: 95 113 79 136 120 106 111 107 139 140 97 93 85 81 53 42 232
Route #8: 133 127 147 144 132 126 131 154 165 112 114 108 86 91 82 76 68 55 129 130 244 157
Route #9: 183 246 217 30 45 48 239 102 98 57 56 39 162 47 49 43 77 61 27
Route #10: 69 67 66 51 234 176 219 70 195 200 119 168 152 134 96 148 138 94 184 137
Route #11: 38 28 63 64 35 31 17 109
Route #12: 248 180 65 118 101 123 216 44 37 73 1 2 18 41 243 46 218 12
Route #13: 223 92 124 116 54 233 21 100 103 192 170 171 182 143 105 60 99 84
Route #14: 71 62 75 59 58 50 83 231 78 13 104 15 142 245
Cost 102015
Time 440.567
