Route #1: 156 382 121 264 118 256 44 301 90 238 339 291 272 69 313 1 168 201 56 361 192 338 381
Route #2: 39 92 174 165 239 260 406 211 87 305 160 139 358 114 35 131 222 329 179 178 241 216 384
Route #3: 276 225 150 383 386 265 217 94 395 359 377 230 141 103 296 68 269 73 162 185 138
Route #4: 345 34 5 195 54 357 315 148 328 283 317 199 332 177 401 240 154 221 143 81 356 309 353 191
Route #5: 233 351 61 208 202 354 341 366 228 232 223 161 86 374 280 115 123 286 247 110 142 368
Route #6: 303 63 91 360 71 393 403 13 77 51 50 278 282 76 12 75 78 130 294 388 137 2
Route #7: 30 15 105 316 52 38 18 60 254 266 89 322 120 24 31 16 98 134 259 209 8
Route #8: 33 293 149 340 133 364 116 65 190 6 111 371 352 323 257 72 300 307 186 3
Route #9: 10 376 344 132 200 284 407 175 380 261 49 378 302 20 243 299 214 129 74 158 198 104
Route #10: 93 205 204 197 4 206 181 398 144 348 147 152 207 59 21 226 405 99 234 224 145 402 14 346
Route #11: 151 155 101 106 113 102 82 83 67 97 57 135 146 58 184 400 112 124 125 127
Route #12: 171 153 408 100 297 391 387 343 363 370 404 399 389 96 43 22 342 55 11
Route #13: 369 119 109 47 373 375 324 396 25 70 273 108 355 159 252 41 84 196 365 188 334
Route #14: 107 80 182 95 126 64 394 372 385 390 392 23 218 136 213 163 172 210 227 189 203 262 271 306 215 268
Route #15: 288 367 397 19 220 169 246 285 128 270 258 170 281 85 17 287 167 312 319 318
Route #16: 349 333 231 229 183 180 326 327 236 53 289 253 350 331 335 336 330 290 250 251 237 320 176 27
Route #17: 187 275 310 157 235 248 26 140 298 263 321 62 255 244 164 295 122 7 9 219 347
Route #18: 40 194 311 362 304 292 242 37 28 46 45 42 193 249 32 245 66
Route #19: 36 117 277 274 212 267 379 173 325 48 166 308 29 88 314 279 79 337
Cost 122641
Time 616.578
