Route #1: 38 171 108 109 135 283 10 222 236 359 375 394 339 400 82 416 80 243 46 71 123
Route #2: 286 391 299 275 219 312 279 65 235 137 309 6 344 351 114 143 112 395 11 184 443 22 140 233
Route #3: 261 276 382 347 348 364 271 194 209 210 282 274 277 273 238
Route #4: 341 346 52 51 35 230 370 303 146 399 182 17 423 330 310 424 254 429 245 187
Route #5: 246 251 363 9 164 325 81 287 5 409 334 362 418 331 86 252 352 349 345
Route #6: 383 29 216 435 446 154 179 445 178 12 138 4 360 264 189 79 327 288 155 414 396
Route #7: 270 14 139 384 122 326 23 374 121 301 302 76 306 232 78 96 398 63 144 256 90 24
Route #8: 196 186 170 413 169 223 231 103 110 142 193 153 335 73 234 105 292 322 1 3 41 361 386
Route #9: 27 338 260 244 241 240 200 165 161 181 332 188 229 320 318 294 237 253 177 263
Route #10: 75 89 120 133 97 248 148 152 281 156 157 298 284 280 124 136 107 67 278 308 307 272 130 456 452
Route #11: 227 300 420 212 195 201 390 175 419 173 185 442 211 406 422 190 441 176 368 289 378 381 353
Route #12: 64 77 265 85 83 74 228 37 247 450 439 366 388 401 20 426 379 354 373 376
Route #13: 457 385 19 36 427 70 430 417 113 30 132 54 66 31 60 437 34 432 449 44 433 26
Route #14: 355 408 402 403 397 444 412 365 45 250 125 128 367 369 357 47 262
Route #15: 99 8 104 106 94 91 87 95 431 436 43 285 160 13 415 40
Route #16: 428 451 58 7 421 387 129 258 49 438 18 311 159 93 68 61 69 42 92 53
Route #17: 323 202 198 218 448 39 15 55 267 226 28 33 115 255 147 317 98 333 291 268 62
Route #18: 21 192 213 454 342 208 32 350 356 269 266 321 319 304 197 214 207 305 393 134 163 425 290 371 404 295 336 455
Route #19: 377 102 162 50 293 168 151 111 126 117 217 88 101 158 167 172 59
Route #20: 447 149 224 315 405 340 249 392 16 328 358 180 174 25 225 324 314 372 434 407 329 100
Route #21: 297 150 119 118 56 191 313 183 199 204 239 242 220 221 215 141 116 205 206 145
Route #22: 203 343 57 380 84 131 48 389 166 440 2 453 257 337 296 410 411 316 259 127 72
Cost 216897
Time 523.311
