Route #1: 10 246 2 211 8 7 212 229 232 241 79 59 35 27 15 11 271 283
Route #2: 3 17 277 273 268 258 285 4 231 228 227 226 214 218 215 205 190 179
Route #3: 259 274 29 34 213 25 26 28 68 69 106 62 78 217 32 30 272 74
Route #4: 245 281 280 284 239 234 237 235 238 236 286 177 152 266 155 255 257 260 263 256
Route #5: 180 174 195 242 209 172 168 163 164 182 175 165 181 178 186 199 196 247 95 243
Route #6: 270 250 187 254 176 198 188 191 5 133 121 140 139 115 136 135 203 200 132 154
Route #7: 108 127 118 134 162 201 202 210 275 252 249 166 170 161 204 197 192 189 169 185 147 143 122
Route #8: 66 76 38 129 131 193 57 149 222 230 233 53 43 40 267 208 216 156
Route #9: 97 109 148 146 151 116 142 119 103 110 94 105 102 48 46 67 77 83 84 21
Route #10: 42 47 39 88 86 85 73 65 24 80 37 20 9 63 111 14 107 82
Route #11: 219 1 261 58 55 90 60 167 269 221 89 207 279 173 248 276 282 22 44 49
Route #12: 93 128 104 96 120 12 13 144 153 158 157 160 71 117 51 72 130 124 50 31 113
Route #13: 87 224 223 251 194 56 114 262 225 171 36 54 220
Route #14: 33 278 265 41 19 64 183 100 6 184 159 18 145 206 264 137 92 253 23 240 123
Route #15: 75 45 112 81 138 126 141 244 150 91 98 99 61 52 101 70 16 125
Cost 105234
Time 689.989
