Route #1: 87 58 201 213 159 258 209 35 129 68 29 103 55 206 297 38 108 6 23
Route #2: 153 158 169 162 222 216 114 69 56 54 198 176 163 145 133 139 74 102 93 263 238 223 174 100
Route #3: 117 125 104 19 44 97 304 205 49 26 13 111 127 142 316 315 199 120 318 202 256 94 76
Route #4: 264 272 3 290 284 229 310 165 253 84 42 293 96 172 269 239 137 240 60 113 167
Route #5: 281 276 278 41 177 195 88 296 36 234 118 128 235 273 236 268 275 267 279 280 282 277 5 46
Route #6: 66 24 298 143 140 121 132 208 219 211 80 1 183 67 185 33 221 123 53 237 90 115 107
Route #7: 40 43 203 71 311 106 262 130 22 21 228 166 85
Route #8: 147 218 242 146 300 2 168 63 15 144 188 70 261 285 271 155 154 251 254 91 232
Route #9: 301 79 86 317 192 78 62 61 289 75 161 190 98 307 308 287 286
Route #10: 225 193 160 180 178 171 7 135 124 150 152 184 244 226 248 255 274 270 260 227 200
Route #11: 243 303 11 37 39 48 59 196 252 249 12 10 14 210 212 204 20 215 50 45 320 170 224
Route #12: 83 309 313 52 51 265 32 34 302 319 314
Route #13: 175 247 241 214 189 250 179 138 246 151 156 197 134 220 57 149 217 186 182 9 31 295
Route #14: 4 305 109 119 157 207 257 245 259 72 292
Route #15: 17 105 187 122 65 30 141
Route #16: 18 73 99 77 25 92 266 136 181 81 312 233 131 116 230 110 64 126 16
Route #17: 299 283 194 112 89 306 148 294 164 291 191 231 47 8 95 28 27 101 82 173 288
Cost 185527
Time 312.558
