Route #1: 95 89 305 35 90 61 132 26 208 162 267 263 256 161 253 212 175 113 141 116 228 174
Route #2: 224 234 247 260 57 139 325 27 262 241 231 326 266 302 252 259 285 105 3 282 144 177
Route #3: 189 165 163 296 114 157 85 86 164 299 213 316 97 67 5 69 81 87 294 169 323 315 200 130 202
Route #4: 9 17 14 88 6 11 33 269 254 281 238 2 293 292 153 246 245 274 275 322 250 297 188 127 156
Route #5: 284 283 68 195 101 129 59 10 160 158 123 51 199 109 159 183 171 180 184 225 239
Route #6: 271 295 273 272 278 251 248 242 209 166 173 287 270 136 255 300 279 121 203 205 216 327 219 221 222
Route #7: 321 276 227 258 16 226 192 146 106 233 185 56 235 133 128 83 257 46 32 291 229 135
Route #8: 93 308 64 181 223 240 37 34 201 193 82 140 134 84 117 22 8 15 94 31 42 152
Route #9: 191 198 176 148 149 142 120 119 155 150 187 290 107 261 268 249 244 215 243 186 172 207 210 280
Route #10: 131 92 118 23 45 62 19 20 303 217 310 58 52 12 313 320 306 13 53 72 301
Route #11: 289 314 237 236 264 179 168 190 1 147 137 124 138 311 76 122 197 206 218
Route #12: 220 194 196 307 312 70 298 100 103 304 43 28 318 324 66 319 74 329 29 80
Route #13: 102 104 98 71 54 77 317 96 99 55 111 125 126 110 112 115 265 73 63 60 75 143
Route #14: 48 47 40 44 24 78 39 38 151 50 49 79 108 145 277 232 214 328 7 286 91 30
Route #15: 18 211 204 25 178 167 170 41 230 65 4 36 21 288 154 182 309
Cost 110992
Time 1032.47
