Route #1: 174 247 275 321 300 310 266 249 14 162 156 155 183 184 205 235 338 342 378 341 348 273 2
Route #2: 472 394 363 198 120 211 272 149 28 237 191 397 340 256 261 248 287 312 329 333
Route #3: 466 455 206 456 459 225 251 267 190 295 330 167 298 293 359 139 317 87 259 73 74 276 278 285 283
Route #4: 95 142 121 158 147 141 110 151 169 424 421 450 457 173 200 477 475 447 216 195 197
Route #5: 171 71 76 319 75 405 428 107 98 91 69 63 465 467 48 470 38 448 437 439 429 383
Route #6: 471 476 483 480 479 468 458 434 503 17 15 430 505 507 22 379 504 395 463 396 410 506 419 412 16 32
Route #7: 68 72 92 78 33 77 114 128 54 39 134 487 494 489 388 414 407 101 438 117 122
Route #8: 144 252 365 393 420 187 236 49 431 446 403 442 402 131 433 58 384 372
Route #9: 25 62 361 125 119 411 413 132 406 404 460 294 82 209 104 391 29 194 260 168 70 389 108 133 418 423 432
Route #10: 381 401 493 19 93 498 97 130 399 34 213 182 323 118 318 368 322
Route #11: 452 220 308 364 150 20 35 375 328 257 13 326 223 10 165 339 56 27 461 496 204 100 253
Route #12: 203 353 66 90 334 373 422 263 231 59 115 153 229 497 212 88 12 9 23 268 254
Route #13: 175 454 50 274 127 81 148 170 186 425 201 250 233 126 136 57 55 337 284 221 228 163 161 36
Route #14: 427 408 138 31 46 86 106 441 135 51 218 217 222 232 85 102 234 207 199 230 172 481 113 21
Route #15: 415 500 360 189 440 185 47 43 219 176 478 474 370 196 210 444 488 309 313 181 154 382 416
Route #16: 347 314 103 178 65 469 443 64 140 473 8 270 316 244 37 286 30 374 180 501 462
Route #17: 502 484 344 7 279 297 356 111 302 451 303 112 366 109 371 255 336 331 482 464 5 3 262 349 192
Route #18: 282 226 271 387 398 377 409 301 289 84 288 290 292 246 367 369 380 376 392 352 277 258
Route #19: 40 490 345 238 264 417 240 325 453 445 486 123 179 485 499 215 188 145 390 495 166
Route #20: 304 214 335 83 224 327 491 241 89 346 80 320 79 60 311 354 324 343 307 44 99 4 355 492 52 436 306
Route #21: 53 350 193 269 42 159 129 426 357 305 157 239 202 449 281 291 146 242 160 94 137
Route #22: 105 164 152 177 143 24 332 362 315 243 358 245 351 26 41 400 299 280 296
Route #23: 435 67 386 385 45 6 208 116 96 61 227 265 1 124 11 18
Cost 235009
Time 1040.39
