Route #1: 66 136 40 149 11 190 210 211 243 185 165 159 298 297 107 83 127 302 150
Route #2: 117 216 114 262 46 29 26 269 4 206 304 212 30 49 76 97 34 74 2
Route #3: 134 261 52 64 32 278 254 260 281 35 20 321 316 80 16 115
Route #4: 42 108 253 24 94 77 124 82 161 218 38 122 53 56 57 86 103 112 113 93 73 70 71 85
Route #5: 51 111 264 156 153 195 283 277 268 259 207 205 143 102 101 237 47 301 28 25 105 67 43
Route #6: 55 54 62 146 37 123 160 44 309 65 294 292 286 276 174 45 39 217 329 50 27 48
Route #7: 72 78 88 170 171 91 99 229 90 257 266 258 89 104 180 131 155 135 133
Route #8: 192 203 151 157 177 164 175 166 158 130 169 167 168 100 132 140 138 129 142 141 145 81 75
Route #9: 92 137 152 148 197 223 139 226 244 236 144 186 224 162 163 128 106
Route #10: 126 202 110 118 119 58 116 287 285 109 279 121 308 331 332
Route #11: 230 252 173 209 196 184 198 221 201 194 220 183 179 178 241 242 228 182 87 95 79 68
Route #12: 312 232 204 282 147 307 1 176 247 235 231 293 288 233 239 311 306 280
Route #13: 271 296 291 238 248 265 222 200 188 191 199 219 181 284 189 234 249 270
Route #14: 274 322 213 193 172 154 120 17 98 96 125 215 7 14 214 8 13 208 240 295 315 289
Route #15: 330 3 5 225 12 18 245 9 6 227 246 250 328 326 319 263 273
Route #16: 10 267 21 22 187 84 272 275 23 19 15 33 31 69 41 255 256 60 61 63 59 325
Route #17: 327 323 320 314 310 290 303 251 36 318 305 317 313 299 300 324
Cost 123188
Time 527.368
