Route #1: 287 212 25 340 209 172 68 241 437 277 128 189 262 142 227 390 372 325 426 170 391 230 210 357
Route #2: 165 308 347 7 432 197 355 299 385 100 402 52 364 231 187 363 410 51 118 193 133 117 435 216 425
Route #3: 23 327 136 283 191 423 439 358 36 436 116 22 2 233 124 365 71 97 335 407
Route #4: 420 280 310 444 152 409 80 334 26 305 31 30 416 69 176 414 206 270 108 75
Route #5: 94 259 354 268 333 380 384 360 421 103 222 398 382 177 393 178 45 285 119 224 64 295 375 204
Route #6: 83 399 203 275 290 428 81 186 261 317 316 195 140 66 160 24 400 175 379 315
Route #7: 53 37 332 441 127 184 319 289 78 14 180 344 324 147 185 98 60 321 153 20
Route #8: 342 309 429 264 135 260 434 5 155 269 373 304 387 200 293 306 404 442 279 196 351
Route #9: 234 84 74 76 18 328 415 337 411 205 330 144 50 401 122 313 39 92 329 292 29
Route #10: 449 54 362 220 134 12 254 218 431 221 378 143 137 138 217 238 59
Route #11: 150 58 314 240 243 173 427 298 145 274 225
Route #12: 413 311 395 250 65 452 15 105 207 350 297 343 56 166 129 198
Route #13: 181 446 392 368 320 162 88 341 67 32 272 164 403 253 381 121 338 40 249 389 369 352 43 101
Route #14: 132 11 192 376 336 247 182 312 424 386 86 171 130 91 300 48 245 149 288 301 190 104
Route #15: 394 157 6 96 19 433 248 307 113 21 188 417 302 408 237 8 34 33 95 454 422 438
Route #16: 346 418 443 55 89 374 265 44 3 349 73 366 62 151 244 183 1 229 146 106
Route #17: 370 359 141 291 115 215 323 242 273 258 194 367 208 159 46 161 16 278 451 440 318
Route #18: 282 326 303 156 72 263 57 445 174 112 110 139 90 284 120 126 70 457 99 219
Route #19: 450 348 111 13 93 109 456 223 125 82 236 235 38 4 87
Route #20: 163 447 202 251 154 17 294 63 199 214 388 49 377 179 158 286 61 35 322 42 228
Route #21: 79 430 85 167 211 107 448 455 114 102 252 10 239 371 123
Route #22: 339 361 213 267 296 453 281 397 77 406 148 419 226 255 396 201 27 356
Route #23: 169 276 256 232 168 383 353 47 28 271 331 257 9 246 131 266 405 345 41 412
Cost 250311
Time 902.619
