Route #1: 319 350 22 346 26 76 10 348 29 359 28 34 344 329 325 272
Route #2: 355 352 342 331 330 358 338 9 13 16 19 24 280 261 61 88 306 7 106 18 4
Route #3: 265 268 264 248 249 324 252 320 266 294 271 276 286 218 243 308
Route #4: 333 312 353 343 341 354 234 221 197 345 214 189 3 190 235 107 242 269 297
Route #5: 291 277 17 11 153 102 101 8 98 176 12 236 347 263 270 15 290 278 316 318
Route #6: 360 357 2 5 213 310 192 212 208 209 205 255 211 215 304 317 336 246 258 267 311 334
Route #7: 254 240 223 193 274 247 226 273 285 295 288 230 232 260 225 245 185 181 173 53
Route #8: 127 182 167 224 152 239 149 139 259 283 126 299 154 256 250 142 105 144 340
Route #9: 227 166 228 178 206 202 216 229 203 183 194 186 195 191 199 79 91 92 120 129
Route #10: 158 155 244 132 281 282 293 305 314 138 136 339 60 45 287 49 35 36
Route #11: 122 116 115 111 188 104 103 200 145 198 150 148 201 143 207 110 94 113 125
Route #12: 349 48 69 95 119 118 97 96 100 165 159 160 146 141 130 157 147 163 172 174 164 161
Route #13: 301 313 62 140 177 58 52 219 262 43 322 323 292 1 253 180 238 42 30 204 356 237 309
Route #14: 187 32 54 40 65 82 57 51 67 33 37 38 321 315 123 59 89 47 63 68 70 20 72
Route #15: 257 279 275 175 332 289 302 298 241 109 108 222 337 168 90 117 71 73 210 251 284 351
Route #16: 78 335 124 114 162 55 50 46 121 112 83 99 25 21 41 84 56 14 75 133 300
Route #17: 85 86 80 131 135 31 27 128 171 233 303 39 134 179 220 307 296 327 328
Route #18: 77 169 6 196 217 231 326 44 23 184 156 66 93 87 151 81 74 64 137 170
Cost 128734
Time 340.969
