Route #1: 320 20 317 311 315 334 24 13 342 350 25 12 39 15 1 331 352
Route #2: 355 260 3 106 117 82 278 27 209 261 22 289 178 133 340 344 321
Route #3: 8 318 337 286 295 285 284 266 228 231 237 253 225 224 220 179 186 94
Route #4: 281 288 291 292 226 322 235 244 336 259 338 332 325 280 264 263 279 271 254 270
Route #5: 282 262 269 351 349 272 252 347 316 132 131 307 305 221 314 247
Route #6: 353 164 111 330 341 153 158 152 141 19 177 14 229 7 6 274 265 256 304
Route #7: 55 142 206 241 245 287 150 176 184 201 346 354 18 5 10 11 240 246
Route #8: 258 236 242 217 251 215 255 213 195 309 207 313 301 300 299 293 171 96 335 343
Route #9: 146 159 120 124 170 187 202 188 211 196 243 218 216 250 203 214 230 189 183 100
Route #10: 105 154 166 193 155 232 248 144 148 294 147 73 319 308 277 173 257 37 157 41 126
Route #11: 192 93 310 298 48 161 59 62 83 204 210 208 162 160 167 165 129 136 127 119 118 143 128 88
Route #12: 33 51 64 198 52 138 222 174 134 238 16 145 249 275 4 69 135 122 97 89
Route #13: 2 49 99 297 180 267 76 56 35 68 45 63 65 66 74 121 112 113 123 290
Route #14: 36 273 26 327 21 32 43 30 17 9 85 72 61 23 302 40
Route #15: 71 276 125 104 101 200 219 199 172 29 50 163 149 54 116 115 70 47 303 42 92
Route #16: 38 58 110 84 79 78 77 95 81 75 53 67 44 28 312 296 137 98 323 324 86 57 205
Route #17: 109 333 345 169 339 190 114 60 46 87 329 328 268 181 102 227 191 234 233 91 326
Route #18: 34 168 182 175 194 31 80 348 223 239 212 197 90 107 306 283 185
Route #19: 151 103 139 156 140 130 108
Cost 145183
Time 523.423
