Route #1: 311 193 313 148 53 207 157 158 213 265 341 200 267 180 83 230 23
Route #2: 266 182 176 319 168 183 195 214 110 302 247 129 224 237 219 18 251 250 29 140 25 240 81 119
Route #3: 19 179 238 351 27 88 71 35 44 21 38 235 234 43 337 59 33 254 154 192
Route #4: 172 101 169 102 201 52 127 77 147 74 280 300 186 163 184 94 134 37 86 5 288 301
Route #5: 220 104 135 136 177 160 139 97 78 85 150 73 80 84 28 133 146 261 304 225 149 22 347 227
Route #6: 255 229 320 338 91 117 112 130 242 167 188 111 208 24 31 156 342 171 181 138 161 352
Route #7: 106 68 57 252 12 105 137 45 48 79 61 116 1 100 99 108 89 107 178 217 109 248 312 114
Route #8: 259 275 278 344 212 189 152 131 120 118 93 141 153 191 187 190 196 197 198 173 159 170
Route #9: 87 209 203 211 218 276 221 228 246 239 232 253 332 256 281 210 328 236 226 270 269
Route #10: 289 285 286 65 49 66 202 124 121 113 316 151 165 166 164 314 155 324 132 128 122 15 30 145 309 231 241
Route #11: 56 50 325 334 333 327 330 343 303 298 349 294 293 62 297 249 244 95 92 216 98 75 58 115
Route #12: 299 7 348 64 2 11 10 13 323 96 90 76 6 69 60 41 42 32 345 336 331 20 16
Route #13: 223 222 243 263 268 258 272 306 307 295 305 310 317 315 308 277 273 271 262 290 264
Route #14: 9 206 175 350 185 8 162 126 142 40 54 55 245 257 215 233
Route #15: 274 287 282 283 123 340 125 14 17 46 39 143 47 82 339 321 67 34 326 284 292 291 279
Route #16: 3 205 144 335 4 346 36 51 70 63 72 353 322 329 174 204 194 318 103 199 296 26 260
Cost 156671
Time 608.088
