Route #1: 390 221 98 58 200 145 305 87 104 288 210 44 291 169 382 161 3 92
Route #2: 231 389 222 154 156 378 8 74 303 110 380 135 124 38 211 187 236 283 268 261 218 241 239
Route #3: 6 223 203 189 264 312 37 47 116 127 351 220 134 204 36 177 144 356
Route #4: 150 307 341 348 142 118 159 270 22 379 120 180 2 146 274 342 155 137 7 224 257 260 280 253
Route #5: 243 391 296 333 30 24 276 269 131 381 262 61 246 245 170 64 345 292
Route #6: 282 20 133 258 209 263 119 373 71 183 108 53 114 117 254 115 327 302
Route #7: 340 355 360 16 315 234 9 277 4 328 75 185 179 298 235 65 176 240 29 361 256 275
Route #8: 46 138 35 162 205 160 5 377 126 40 326 39 266 191 249 301
Route #9: 85 201 232 237 217 216 90 82 96 102 103 171 193 192 173 84 93 88 79 62 60
Route #10: 228 198 207 196 188 322 385 215 226 69 86 323 109 371 195 358 194
Route #11: 139 251 271 286 247 252 265 294 242 244 317 319 364 300 347 310 297 295 287 299 290 267
Route #12: 278 314 349 339 344 350 337 338 384 332 15 320 14 313 316 318 331 330 388 336 56 175 33
Route #13: 363 392 311 105 99 97 100 367 89 77 54 66 51 370 34 376 369 365 354 335 321 122 147 178 48
Route #14: 352 325 197 149 219 285 158 386 259 174 309 113 238 208 230 229 123 136 212 95
Route #15: 304 343 374 132 31 27 372 17 359 70 80 72 13 10 18 202 184 76 387 59 293
Route #16: 41 1 346 362 227 125 334 143 190 57 67 106 112 45 32 26 19 366 324
Route #17: 81 151 383 78 182 12 163 272 42 52 357 368 68 121 23 83 21 128 153
Route #18: 165 225 91 73 289 329 353 148 308 255 279 281 63 157 49 375 306 11 248 43 206 130 186 233 250 273
Route #19: 164 172 140 152 168 199 28 55 166 181 214 129 167 213 141 25 94 284 101 111 107 50
Cost 202315
Time 467.089
