Route #1: 187 56 120 208 48 192 228 41 150 239 95 237 92 14 176 169 147 52 112 157 16
Route #2: 215 219 170 105 54 58 36 193 199 167 194 202 198 132 64 28 71 25 34 174 183
Route #3: 214 145 42 77 201 78 220 8 12 182 22 23 188 9 189 47 186 110 218 79 175 83 153 108 46
Route #4: 181 32 101 17 31 63 245 244 138 27 57 106 3 66 139 168 133 241 21 109 35
Route #5: 195 164 216 226 116 136 149 11 20 6 184 165 161 73 235 158
Route #6: 177 10 29 173 178 179 180 140 163 210 185 171 156 97 129 130 154 162 123 238
Route #7: 225 236 190 159 243 85 115 111 152 143 113 224 75 217 248 212
Route #8: 137 122 91 88 197 200 5 87 222 107 51 207 211 142 209 45 37 53 89 223 65 127 60
Route #9: 221 43 19 135 69 39 84 100 55 82 128 93 230 246 247 232 231 234 233 240
Route #10: 242 96 141 50 229 203 148 155 144 125 121 62 70 49 33 26 103 86 131
Route #11: 4 76 146 104 99 98 1 2 61 59 151 160 134 15 118 114 117 119 205 204 102 90 94 80 7
Route #12: 206 24 18 67 68 166 196 172 213 227 13 72 74 44 30 40 124 38 191 81 126
Cost 137356
Time 283.164
