Route #1: 303 171 108 299 275 219 10 222 236 359 375 394 339 400 82 416 80 243 331 86
Route #2: 261 276 382 347 348 364 271 194 209 210 282 274 277 273 238
Route #3: 286 233 391 109 135 283 312 279 65 235 137 309 6 344 351 114 143 112 395 398 63 144 256 90 24
Route #4: 38 341 346 52 51 29 334 361 383 362 418 35 230 370 146 399 123 252 352 349 345
Route #5: 270 384 122 326 23 374 121 301 302 76 306 81 287 5 11 184 409 443 22 140 71 46
Route #6: 216 435 446 154 179 445 178 12 138 4 360 264 189 79 327 288 155 232 414 396 363 9
Route #7: 170 413 169 196 186 424 164 325 310 182 17 423 254 429 245 187
Route #8: 246 251 103 231 223 110 14 139 96 78 142 193 153 335 73 234 105 292 322 1 3 41 386 330
Route #9: 64 265 83 85 97 133 124 120 89 75 74 228 278 37 67 107 136 280 248 272 307 77 308 456 452
Route #10: 450 247 260 244 241 240 200 165 161 181 332 188 229 320 338 376 262
Route #11: 420 212 195 201 390 175 419 173 185 442 211 406 422 190 441 176 368 289 130 378 381 353
Route #12: 227 300 148 152 281 156 298 284 157 417 113 30 132 54 66 53 31 60 433 44 432
Route #13: 355 408 402 403 444 428 412 365 45 250 125 128 367 369 357 373 318 294 237 253 177 263
Route #14: 457 385 26 70 430 427 36 20 397 19 439 366 426 451 449 437 34 401 388 379 354
Route #15: 21 323 62 267 226 455 28 33 27 47 115 255 147 98 333 317 291 268
Route #16: 192 99 8 7 421 387 129 258 49 438 18 311 159 93 68 61 69 42 92 436 58
Route #17: 87 95 104 106 94 91 431 392 16 328 358 180 174 43 285 160 13 415
Route #18: 213 40 454 342 208 32 350 356 321 319 304 197 393 305 207 425 290 295 336 404 371 434 407 329 163 134 100
Route #19: 102 162 50 293 168 151 111 126 117 217 88 119 101 158 167 172 59
Route #20: 377 202 198 218 269 266 39 297 55 214 15 448 410 2 453 257 337 296 411 316 259 127 72
Route #21: 340 249 150 118 56 191 199 204 239 242 220 221 25 225 324 314 372 183 313 215
Route #22: 447 203 343 57 380 84 440 389 166 131 48 149 224 315 405 141 116 205 206 145
Cost 217744
Time 415.146
