Route #1: 269 273 274 279 223 127 123 18 195 176 232 226 231
Route #2: 224 135 107 261 169 252 69 239 64 240 234 307 198 264 244 180 181 173 139
Route #3: 304 292 290 101 259 119 163 162 53 280 306 311 33 70 302 237 67 309 268 108 4 283
Route #4: 194 314 112 312 72 124 25 100 23 44 227 56 294 291 296 189 183
Route #5: 158 193 192 178 105 202 170 196 62 233 236 299 48 77 289 117 131 125 271 295 277
Route #6: 282 9 154 245 22 55 87 1 199 201 256 82 167 128 316 281 83 188 97 81 90 98
Route #7: 45 19 121 174 130 106 297 136 14 204 171 161 185 150 151 146 34 54 300 94 254 215 5 129 61
Route #8: 222 211 219 230 159 228 79 16 241 113 73 74 310 102 46 270 134 80 221 47 120 84
Route #9: 246 75 42 153 2 10 71 8 160 109 225 114 257 86 24 52 284 152 148 126 116 92
Route #10: 27 40 30 35 111 133 220 110 66 184 76 217 255 248 253 247 26
Route #11: 78 186 164 157 209 208 210 206 182 137 132 144 85 89 238 142 141 235 140 93 68 242 276 20 303
Route #12: 293 3 7 88 29 49 50 96 6 262 43 177 138 172 175 305 17 63 122
Route #13: 187 147 285 95 91 298 155 308 156 214 218 287 190 197 191 13 200 263
Route #14: 12 251 286 260 203 229 149 99 166 115 216 258 145 65 11 315 313 266 250 249 212
Route #15: 267 272 165 278 38 37 36 103 31 32 104 28 288 243 118 207 205 301 213 41 275
Route #16: 179 51 58 59 21 39 57 265 15 168 143 60
Cost 163555
Time 490.441
