Route #1: 89 189 206 92 76 2 182 55 156 175 148 145 258 243 150 215
Route #2: 50 135 276 128 105 147 6 83 110 173 174 168 113 23 233 85 25
Route #3: 163 79 216 193 177 176 237 26 44 122 202 15 21 84 63 109
Route #4: 269 192 229 3 29 209 191 120 112 66 67 255 268 30 88 247 24 197 232 64 240
Route #5: 257 204 179 245 59 58 121 181 34 77 129 13 36 43 225 250 130 97 272 81 70 213 27 266 212
Route #6: 246 17 61 99 71 1 185 118 114 141 117 235 125 274 116 140 165 49 19 56 133 273
Route #7: 261 46 75 138 108 262 35 62 107 263 33 100 37 38 252 271 166 45 198 87 162 157 101 220
Route #8: 270 236 119 226 5 144 152 171 203 11 210 91 164 211 264 65 8 28 104 131
Route #9: 95 102 190 103 53 69 217 106 178 180 126 207 42 80 267 132 14
Route #10: 73 188 54 160 218 167 93 158 239 277 228 200 224
Route #11: 32 72 98 68 78 146 60 115 186 40 222 184 137 154 195
Route #12: 253 234 194 221 214 96 47 94 139 259 231 143 201 230 248 155 241 74 124
Route #13: 260 136 169 205 208 254 238 256 249 134 251 219 123 82 159 111 196 52 151
Route #14: 149 39 31 41 265 18 244 16 170 227 12 9 187
Route #15: 22 90 242 86 10 183 142 57 4 127 153 7 161 275 48 51 20 172 199 223
Cost 121554
Time 287.34
