Route #1: 323 307 312 310 309 368 168 101 71
Route #2: 98 178 185 68 51 376 374 60 78 324 82 386
Route #3: 341 29 313 241 311 289 136 318 244 242 219 287 302 224 294 345 142 334 264 110 31
Route #4: 257 260 252 234 263 240 315 393 249 41 268 243 183 174 47 209 256 45 273 346 169 57 337
Route #5: 355 148 10 16 160 225 380 221 79 80 77 88 87 125 70 72 164 65 143
Route #6: 348 179 147 94 365 238 66 170 217 76 245 159 389 149 103 81 33
Route #7: 176 267 144 112 269 38 95 61 158 12 52 398 322 9 327 328 166
Route #8: 173 283 54 187 231 367 139 254 296 352 53 395 270 34 122 113 299
Route #9: 150 366 347 42 86 361 332 349 124 364 350 180 360 370
Route #10: 333 75 335 90 140 203 317 259 255 55 99 127 92 23 215 154 89 353 342 390
Route #11: 336 344 111 18 161 177 56 384 123 394 126 46 295 15 4 64 28 104
Route #12: 362 114 167 276 338 340 383 227 379 399 286 109 375 378 377 354 250 277 314
Route #13: 246 107 84 297 11 204 285 131 97 281 50 49 247
Route #14: 153 194 193 195 83 93 141 284 156 191 152 351 151 363 373 184 162 145 220 67
Route #15: 275 102 163 382 226 197 222 58 248 116 308 280 274 171 253 228 182 202 201 211 128
Route #16: 272 232 303 301 320 385 326 133 172 14 63 21 199 186 291 278 369 43 387 206 282 37 130
Route #17: 1 223 235 7 290 119 17 121 69 135 85 115 27 26 181 146 192 316 331 106
Route #18: 40 188 218 157 208 288 3 36 155 134 321 96 233 108 105 372 371 74 213
Route #19: 48 118 343 210 358 304 22 216 229 306 200 236 212 137 325 261 196 13 25
Route #20: 39 44 279 117 330 24 356 32 329 120 305 198 300 129 73 6 357 292
Route #21: 91 189 190 293 2 237 400 396 397 391 271 258 251 319 5 339 165 19 359 100 59 298
Route #22: 132 214 8 388 392 262 20 230 205 62 266 265 207 30 239 381 175 138 35
Cost 221910
Time 383.829
