Route #1: 259 10 277 17 273 275 283 284 274 267 246
Route #2: 271 278 5 26 23 239 28 215 27 204 88 217 221 214 25 12 13 11 15 16 14 9 285
Route #3: 233 219 210 227 238 230 263 244 260 257 264 212 207 272 232 255 258 281
Route #4: 254 197 235 250 180 135 203 211 35 265 155 20 22 30 146 38 276 256
Route #5: 231 198 7 184 186 98 154 253 251 237 192 249 178 175 195 206 241
Route #6: 181 147 171 182 188 169 168 170 166 200 174 172 208 205 173 158 153 143
Route #7: 167 87 150 159 164 148 151 141 130 132 163 149 177 120 183 185 234 225
Route #8: 128 131 176 252 248 142 136 134 245 106 270 61 41 102 101 126 133 140
Route #9: 40 157 56 53 268 48 222 247 236 46 54 52 213 187 107 89 114 19 262
Route #10: 79 80 91 94 109 110 108 113 127 95 93 103 100 92 78 71 72 75 64 69 62 42 1
Route #11: 51 65 70 68 115 55 119 266 124 73 189 199 179 269 125 123 47 118 39 44
Route #12: 216 218 59 43 224 137 3 8 63 161 160 162 138 34 279 228 243 145 4 156 31 191 104 209 99
Route #13: 33 50 242 194 81 66 18 57 60 36 74 85 84 76 261 280
Route #14: 105 165 190 220 201 116 117 121 282 29 24 58 112 139 196 240 21 152 77 129
Route #15: 82 83 96 97 86 144 122 111 90 32 223 49 202 226 193 229 6 37 67 2 45
Cost 107198
Time 811.498
