Route #1: 68 159 378 60 154 66 36 239 198 374
Route #2: 245 53 470 478 465 344 276 319 156 477 311 189 171 400 131 498 203 502 38 137 486 151
Route #3: 360 188 386 44 448 39 46 253 43 192 320 331 342 381 252 324 353 287 37 220
Route #4: 100 104 277 126 184 106 412 15 267 326 455 170 242 42 370 264 238 340 482
Route #5: 463 295 345 387 233 256 6 323 492 87 446 32 125 199 79 263 314 254 21 427 278 284
Route #6: 72 269 226 497 456 416 341 440 224 317 45 282 401 312 479 176 451 274 112 288 350 413 262
Route #7: 97 266 23 426 306 469 180 481 234 202 490 410 476 249 139 61 172 31 24 213 293 388
Route #8: 315 111 337 230 322 285 275 259 443 136 148 382 499 92 272 55 83 134 376 58 248
Route #9: 246 16 49 483 17 18 466 290 461 161 209 321 108 403 271 394 212 40
Route #10: 313 78 310 174 141 145 493 56 57 74 444 339 460 105 34 453 81 144 303 103 33
Route #11: 289 62 398 182 155 221 127 489 352 169 183 407 369 117 179 364 244 447 133 332 110 208
Route #12: 76 54 88 265 409 235 494 371 163 197 187 307 205 474 468 471 487
Route #13: 181 173 402 445 22 207 273 421 437 325 162 160 210 29 260
Route #14: 301 204 143 299 328 225 485 64 80 415 430 300 150 138 343 366 206 257 433 165 258 330 196 294 420
Route #15: 52 283 95 175 431 191 218 419 2 436 375 362 395 190 297 255 51 346 397 372 149 178 135
Route #16: 308 464 240 30 102 243 63 214 20 114 435 28 428 279 305 425 186 65
Route #17: 48 480 41 109 438 462 327 501 361 19 475 291 390 86 93 452 396 379
Route #18: 185 77 251 70 495 7 219 429 115 424 90 69 140 335 116 168 82 107 1 75
Route #19: 121 119 377 11 359 316 418 393 385 261 91 99 35 59 384 237 432 25 373 270 211 408
Route #20: 333 120 411 392 338 158 98 216 27 118 84 223 193
Route #21: 336 217 298 166 473 450 96 503 414 491 146 14 250 152 304 8 417 12 10
Route #22: 132 439 50 3 201 101 302 164 309 195 356 391 292 215 434 124 280 449 441 454 365 496 13
Route #23: 367 406 363 177 383 334 296 147 488 318 71 123 232 222 268 153 368 281 351 94 231 129 228 4 357
Route #24: 472 73 380 500 405 89 26 47 404 5 194 130 157 122 459 458 167 422 457 423 229 329 358
Route #25: 442 227 354 349 467 247 347 9 389 128 484 200 236 399 355 67 142 348 241 113 286 85
Cost 244125
Time 370.587
