Route #1: 104 70 296 207 149 143 41 120 360 78 131 204 264 213 77 367 320 148 33 231 301
Route #2: 172 157 245 20 142 276 110 368 265 302 361 151 178 80 304 249 59 290 216 180 64 128 116 129
Route #3: 61 39 103 257 238 339 38 337 4 113 223 44 186 234 195
Route #4: 345 355 359 31 208 211 336 72 65 318 273 269 71 218 270 135 319
Route #5: 184 159 308 123 274 124 16 111 96 329 112 24 373 139 17 248 188 185 192 334
Route #6: 167 67 205 351 29 175 266 197 140 220 14 144 283 279 258 316 284
Route #7: 209 73 281 118 75 303 30 202 107 7 21 299 267 221 292 56 193 152 91 348 85
Route #8: 28 94 349 25 222 105 346 8 63 347 372 344 1 9 325 76 95 147 369 97
Route #9: 363 156 250 210 235 324 237 35 312 127 255 364 379 277 328 342 181 260 242 300 358 224
Route #10: 90 69 46 126 343 365 317 122 362 150 332 62 278 42 256 60 201 282 229 309 370 275
Route #11: 381 253 54 305 49 187 155 333 43 53 86 27 214 338 133 294 230 380 375 102
Route #12: 5 313 161 19 173 322 81 340 371 252 212 190 183 241 11 83 236 310
Route #13: 88 179 356 37 12 13 239 153 15 307 141 189 352 87 169
Route #14: 251 315 58 145 331 6 196 293 295 297 191 134 106 288 171 286 137 109 261 298 263 341 272 40 84
Route #15: 377 354 254 291 48 177 215 160 326 47 57 132 327 162 323 22 321 232 32 18 233 206
Route #16: 146 117 166 45 199 164 311 246 271 268 93 51 74 280 101 125 194 243 170 130 114 240 228 82
Route #17: 68 357 289 36 34 55 50 165 219 378 314 92 247 330 285 176 3 353 79
Route #18: 52 10 226 306 262 108 89 158 26 99 119 182 2 163 287 335 225 23 374 366 154 217 350 121 174
Route #19: 244 200 168 138 136 98 198 115 66 100 376 259 203 227
Cost 216748
Time 517.55
