Route #1: 8 55 19 111 34 17 74 52 194 187 202 243 135 260 77 125 164
Route #2: 73 223 207 254 147 193 131 262 282 6 136 212 4 59 85 120 115 102 239
Route #3: 13 276 30 110 158 211 266 154 37 11 126 152 106 70 65 50
Route #4: 252 10 183 228 61 124 246 171 210 53 259 222 86 189 46 143 205 38
Route #5: 63 57 256 45 161 94 66 118 174 58 196 186 188 247 146 9 97 153 68
Route #6: 112 75 7 98 261 87 128 208 92 249 105 268 103 229 83 1 263 109 191 47 149
Route #7: 217 48 178 2 3 288 40 144 167 231 227 284 139 23 176 16 281 24 237 54 157
Route #8: 121 90 5 41 151 72 43 119 142 18 113 88 216 184 274 141 20 245 127 241
Route #9: 234 44 215 280 71 242 226 250 253 214 104 67 25 275 181 177 160 33 166 283
Route #10: 51 31 225 101 100 117 169 273 140 145 150 133 179 42 114
Route #11: 79 265 172 159 251 238 91 15 155 175 27 122 190 138 36 197 248 192 221 64 116
Route #12: 123 134 235 224 156 26 270 107 82 264 244 233 218 62 39 201 285 278 29 199
Route #13: 108 209 22 230 287 232 12 80 258 129 14 182 130 89 81 200 132 269 220 96 137 286 95 32 170
Route #14: 93 56 78 213 148 21 206 180 255 219 240 84 185 271 35 198 267
Route #15: 272 203 99 165 279 168 49 76 60 173 195 236 257 69 163 277 162 204 28
Cost 208830
Time 398.657
