Route #1: 3 243 17 271 273 27 35 74 59 79 32 30 272 15 11 283
Route #2: 10 29 34 213 26 25 7 212 229 232 241 69 68 62 106 78 217 28 179 190
Route #3: 277 274 258 246 2 4 231 228 8 211 226 214 218 215 205 260 257 255
Route #4: 245 280 270 250 254 176 177 198 263 227 281 285 259 268 95 247 256
Route #5: 284 188 191 237 239 238 234 236 235 286 152 266 155 252 249 166 170 204 197 192 189 147
Route #6: 97 109 108 146 151 116 142 148 178 181 175 165 169 185 199 156 143
Route #7: 39 127 134 195 242 135 133 5 121 140 139 115 136 53 43 233 40 208 216 203 154
Route #8: 187 180 174 209 172 168 161 163 164 182 196 186 119 103 86 85 84 37 9 63 122
Route #9: 47 76 38 129 131 193 57 149 222 230 202 201 210 275 200 132 162 118 110 94 105 83 42 44
Route #10: 96 60 58 55 90 120 12 13 167 269 221 89 173 207 267 279 248 46 102 48 67 49
Route #11: 261 1 219 22 66 282 276 77 73 65 88 24 80 20 21 111 14 107 82
Route #12: 50 93 128 104 117 144 153 157 158 160 130 124 72 71 51 31 240 113
Route #13: 87 224 223 23 251 194 114 262 225 171 36 54 220
Route #14: 33 278 265 41 19 64 183 100 6 184 159 18 145 206 264 137 92 253 123 56
Route #15: 75 45 112 81 138 126 141 244 150 91 98 99 61 52 101 70 16 125
Cost 105446
Time 860.241
