Route #1: 223 55 69 357 46 74 322 151 198 2 92 126 89 247 129 388
Route #2: 196 373 105 169 14 166 245 192 36 323 291 70 273 311 64 283 289 397 270 191 307 370 369
Route #3: 143 39 287 72 53 338 84 317 371 209 361 114 181 303 372 148 298 259 276 282 154
Route #4: 61 205 265 138 22 352 342 316 132 190 102 13 157 158 29 80 343 250 391 233
Route #5: 346 230 353 377 290 339 219 392 47 350 326 344 77 378 213 288 108
Route #6: 8 49 335 304 300 106 182 37 309 38 156 26 63 294 195
Route #7: 48 58 285 374 327 235 75 241 96 68 52 98 153 189 6
Route #8: 243 97 165 50 225 395 57 160 188 87 268 12 227 19 86 232
Route #9: 3 121 134 135 73 360 164 94 110 140 305 264 59 386 306
Route #10: 113 40 380 35 170 79 179 385 365 171
Route #11: 118 85 115 99 1 277 356 355 137 308 43 333 330 217 7 332 211
Route #12: 62 284 161 10 112 278 266 296 82 269 272 280 124 111 168 220 358 78 123 256
Route #13: 25 167 95 210 248 367 104 234 107 340 279 88 334 31 56 257 71 109 18 28 368
Route #14: 396 252 312 387 286 128 197 93 229 319 180 133 382 174 275 237
Route #15: 119 41 100 130 187 260 390 302 122 162 274 281 9 354 216 299 267 224 399 313
Route #16: 139 83 347 375 215 172 146 324 212 258 221 364 242 131 331 175 67
Route #17: 16 310 389 42 362 261 376 30 193 21 214 379 337 45 341 144 398 207 251 262 23 176 186
Route #18: 255 336 127 150 348 263 184 240 116 226 177 66 329 228 295 384 65 320
Route #19: 51 152 147 159 155 203 194 91 81 301 15 271 359 60 201 393 24 185 204 293
Route #20: 249 103 33 34 394 218 363 141 173 236 163 238 11 178 244 101 20 318 125 381
Route #21: 246 120 325 253 136 117 315 351 206 208 366 199 231 321 345 17 183 90 142 4
Route #22: 32 349 239 27 54 314 328 292 145 44
Route #23: 383 76 297 222 202 5 200 254 149
Cost 250920
Time 322.586
