Route #1: 32 42 92 54 82 78 205 50 178 79 180 118 122 123 40 41 89 90 116
Route #2: 188 49 193 76 149 124 74 53 10 171 199 135 127 101 100 98 4 5
Route #3: 63 198 143 168 73 179 160 88 64 154 174 96 97 99 93 107 108
Route #4: 182 11 30 1 52 201 68 184 48 83 75 202 23 22 192 44 105 125
Route #5: 69 51 26 60 2 71 110 131 6 31 33 119 144 36 172 136
Route #6: 65 18 129 138 147 111 14 197 37 189 175 35 121 38 137
Route #7: 162 204 196 181 115 134 167 55 39 109 84 16 95 45 61 67 104 56 20 148 126
Route #8: 47 139 163 177 183 158 146 190 173 12 25 130 185 186 70 191 85 77 7 133 59 203 34
Route #9: 24 157 120 15 87 117 132 46 169 106 156 94 102 200 187 194 165 164 112 113 141
Route #10: 140 145 209 27 208 166 153 62 17 151 159 19 13 21 206 8 195 142 170 3 28 103
Route #11: 207 29 9 72 114 43 86 210 176 66 81 161
Route #12: 91 57 150 152 80 155 58 128
Cost 97044
Time 160.881
