Route #1: 197 196 36 74 177 166 172 182 108 70 79 200 52 204 134 98 185 91 100 173 120 38
Route #2: 190 139 19 131 23 142 60 199 118 143 124 30 102 82 133 83 198 104 117 123 145 140
Route #3: 203 214 85 137 80 179 10 75 11 257 239 113 260 47 68 81 22 4 18 194 162 202 189 161
Route #4: 154 95 119 89 67 87 62 66 178 183 92 122 115 148 147 151 174 176 164 186 213 163
Route #5: 101 129 130 228 135 136 138 209 125 171 99 78 169 170 146 49 132 44 144 188
Route #6: 218 9 8 3 112 245 243 114 240 107 105 219 193 175 157 165 127 121 244 116 109 28 128
Route #7: 227 220 232 77 25 26 27 106 71 72 63 13 65 64 55 53 57 152 86 88 96 94 93
Route #8: 184 20 181 1 216 208 211 73 205 207 233 231 224 229 254 253 217 212 249
Route #9: 201 210 221 234 241 248 259 242 250 237 226 238 247 251 31 21 24 236 235 6 262 187
Route #10: 32 35 206 141 41 14 12 246 258 39 40 54 58 59 261 111 16 223 33 160 5
Route #11: 150 103 42 76 29 155 153 215 230 45 159 34 149 43 69 56 168 51 46 7 256 252 48
Route #12: 50 2 110 225 156 84 158 255 15 37 180 90 222 167 97 192 191 61 17 195 126
Cost 123220
Time 534.396
