Route #1: 454 67 107 271 285 281 480 12 58 197 390 203 62 182 93 104 99 252 26 407 105
Route #2: 426 118 398 442 60 10 8 456 18 185 477 424 430
Route #3: 199 218 86 61 11 54 260 65 70 429 73 123 120 131 92 100 126 179
Route #4: 184 117 270 78 74 473 365 29 41 450 391 462 357 470 25 38 64 428 468 453 239 443
Route #5: 459 385 294 366 286 283 348 97 101 306 278 242 402 282 463 380 431 344 464 6
Route #6: 458 449 143 91 484 44 488 13 309 302 350 467 363 414 220 339 256 254
Route #7: 88 153 158 155 163 164 34 432 85 397 138 125 144 2 384 149 115 229
Route #8: 215 234 208 81 59 318 266 329 273 139 219 200 177 35 446 421 225 247 489 22
Route #9: 405 224 3 235 71 36 4 259 20 180 27 28 320 305 303 491 300 485 299 475 289 264 206 196 228
Route #10: 389 359 354 375 396 413 441 333 265 324 72 434 409 404 400 408 401 483
Route #11: 15 268 261 210 162 321 246 417 190 174 387 169 145 193 418 241 410 79 76 275 263 250 248
Route #12: 84 98 47 186 21 112 166 214 352 141 57 48 121 110 168 154 124 116 39 209 377 212 122
Route #13: 127 231 1 416 244 106 406 374 337 367 314 403 80 77 176 425 452 14 476 195
Route #14: 238 42 301 111 370 150 160 351 312 245 361 223 40 262 253 233 227 213 187 19 360 322 140
Route #15: 89 172 56 394 304 108 159 295 287 23 9 161 311 466 447 216 157 31 171 189 33 291 381
Route #16: 330 317 395 437 128 427 280 364 376 7 32 52 82 68 457 451 243 313 222 255 198 129 130 373
Route #17: 355 307 296 362 356 240 274 217 211 201 173 113 335 336 334 349 346 276 292 230 95 249 378 87 53
Route #18: 167 388 461 251 279 134 55 331 152 94 353 137 43 481 479 267 460 290 472 191 207 135 272
Route #19: 478 338 132 165 202 204 411 181 288 399 50 277 323 319 372 343 308 5 382 142 146
Route #20: 340 205 412 439 170 419 232 103 369 368 474 293 326 383 465 415 226 433 423 444
Route #21: 147 436 90 114 237 136 102 63 257 469 188 221 422 435 236 448 347
Route #22: 133 386 438 455 297 258 37 24 269 298 379 325 471 440 332 328 371 148 284
Route #23: 151 46 75 45 342 316 83 119 109 175 66 327 358 16 345 420 49
Route #24: 96 310 315 393 392 194 490 445 30 51 17 69 486 341 482 156 487 192 183 178
Cost 243465
Time 552.164
