Route #1: 176 76 29 178 58 60 3 10 7 66 71 57 51 113 104 96 177 161 156 180
Route #2: 197 4 195 23 30 22 21 19 16 171
Route #3: 157 154 49 28 181 33 42 59 43 40 46 55 201 61 174 172 6
Route #4: 102 65 56 72 62 73 99 153 131 31 138 147
Route #5: 13 11 82 14 114 115 121 166 8 117 193 24 198 186 88 36 35 9 192 54
Route #6: 125 123 110 149 140 91 122 139 151 150 130 126 136 111 90 89 92 67
Route #7: 105 183 194 200 52 25 119 108 37 77 81 41 53 2 188 189 184 132 118 1
Route #8: 44 170 160 133 64 199 74 12 48 127 148 141 187 163 101 100
Route #9: 155 86 112 5 145 129 164 167 191 185 182 75 144 50 106 68 45 84 79
Route #10: 158 94 70 159 83 85 47 39 190 32 179
Route #11: 142 135 134 124 34 97 26 27 93 107 175 95 80 103
Route #12: 146 20 128 137 143 116 38 69 63 87 109 98 18 173
Route #13: 152 165 168 196 120 169 162 78 17 15
Cost 127563
Time 175.853
