Route #1: 173 199 153 143 138 91 204 147 149 247 203 215 207 175 198 211 110 200 182 177 142 146 206 111 194
Route #2: 121 33 34 2 15 202 201 217 151 50 108 144 234 184 221 129 145 118 122 112 83 56 238 94
Route #3: 128 26 141 239 241 77 41 160 24 244 167 76 11 169 176 170 150 157 13 119 90 98 139 130 148
Route #4: 74 42 79 49 52 54 69 105 229 228 66 53 62 65 237 31 23
Route #5: 37 220 155 38 195 67 230 84 85 89 205 140 210 193 35 4 75 137 189 104 133 227 72 14
Route #6: 22 48 7 92 165 70 100 8 44 30 246 99 233 87 172 96 97 240 123 95 47 21 86 124 232 71
Route #7: 186 216 208 231 242 134 171 161 115 114 158 190 183 51 43 64 63 113 81 16 188 3 156 18 29 28 88 166 168
Route #8: 107 61 109 136 117 17 226 180 68 12 222 45 6 40 59 174 20 80 132 73 116 103 82 191 101 10 192 223 178
Route #9: 236 19 179 125 36 225 243 131 181 185 187 93 106 46 25 78 159 102 120 135 162 164 219
Route #10: 235 218 152 32 57 245 1 127 55 163 224 27 126 209 39 213 214 197 196 212 9 58 5 60 154
Cost 85805
Time 234.496
