Route #1: 65 133 2 308 246 277 176 57 302 299 271 284 102 45 110 26 123 90 304 202 325 324
Route #2: 211 104 89 107 87 101 127 159 186 281 249 155 259 151 115 240 171 73 203 46 85
Route #3: 1 245 128 100 109 113 157 119 196 215 208 212 225 83 148 166 69 74 42
Route #4: 44 38 35 337 152 64 118 239 70 81 260 209 122 213 219 232 112 28 150 75 77 63 243
Route #5: 297 331 222 224 223 20 30 31 305 27 43 91 8 92 82 78 96 95 336 7
Route #6: 116 134 124 282 194 18 276 268 231 132 244 19 86 55 32
Route #7: 79 98 94 56 58 17 50 76 67 68 93 80 60 62 41 36 346 40
Route #8: 126 169 156 168 141 140 137 181 117 182 146 106 108 125 114 105 51
Route #9: 47 54 66 178 190 187 189 198 207 221 131 216 218 138 147 188 228 135 103 97
Route #10: 292 257 261 258 220 217 310 175 327 61 53 252 229 250 39 52 59 48
Route #11: 144 160 139 120 234 130 121 272 294 149 177 227 170 184 197 205 142 204 180
Route #12: 158 143 309 88 162 71 192 288 191 291 179 163 296 301 193 298 278 341
Route #13: 214 200 199 195 161 153 174 165 164 185 167 242 230 251 206 201 241 254 253 274
Route #14: 338 154 172 6 9 16 10 3 136 173 329 210 345 5 22 129 23 183 233
Route #15: 289 332 248 318 226 316 326 237 264 335 342 263 286 328 339 343 317 84
Route #16: 111 29 314 235 236 34 25 12 145 238 21 267 256 247 99 37 323 321 306 273 290
Route #17: 269 266 255 287 293 312 311 313 285 279 72 270 275 265 280 283 262 303
Route #18: 295 307 4 15 322 24 344 319 315 340 320 333 11 49 33 13 14 334 330 300
Cost 125068
Time 325.739
