Route #1: 10 124 108 87 7 46 41 44 33 28 50 115 207 73 29 118 45 97 98 20 31 60 23
Route #2: 38 11 114 90 95 2 210 12 37 18 22 3 206 198 101 197 104 194 92 17 49 21 61 16
Route #3: 62 154 143 144 100 134 88 105 86 175 170 34 211 56 209 1 129 75 94 149 117 84
Route #4: 106 72 39 47 40 25 52 172 77 70 76 116 155 187 4 185 169 24 161 30 122 43 42 48 112
Route #5: 135 183 173 71 27 8 145 35 163 125 14 152 83 109 13 150 213 153 162 55 19 203 160 67 178
Route #6: 6 74 158 204 85 138 148 66 15 120 82 147 54 36 80 79 200
Route #7: 68 9 199 196 58 57 65 110 157 128 127 59 96 212 146 205 53 186 121 208 133 202 81 151 102
Route #8: 179 193 165 201 182 180 69 78 142 184 191 171 5 91 93 26 164 167 113 64 63 89 177 32
Route #9: 119 111 123 99 132 156 141 130 131 137 51 192 174 195 188 190 189 176 159 136 126 168 166 140 139 103 181 107
Cost 77902
Time 376.715
