Route #1: 352 358 28 419 186 439 96 152 407 11 408 98 162 171 61 200 406 198
Route #2: 51 67 130 57 88 164 4 66 353 280
Route #3: 32 45 218 453 81 341 393 458 121 140 356 375 234 228 418 125 384 359 137 327
Route #4: 371 364 345 337 333 46 389 391 273 254 349 38 188 52 3 330 367 209 174 213
Route #5: 313 89 415 348 99 95 448 108 265 100 444 8 197 438 410 267 338
Route #6: 84 35 68 77 322 104 2 259 255 6 64 60 435 309 244 1 230 225 212 220 191 133 102 342
Route #7: 203 62 227 194 224 248 238 49 48 170 301 9 392 138 90 287 251 184 173 58 271
Route #8: 424 396 21 208 147 414 441 111 117 129 39 91 176 409 305 270 195 185 395 401 281
Route #9: 445 241 454 269 79 15 325 383 30 373 101 47 362 394 354 307 275 235 253
Route #10: 297 233 335 428 303 25 166 42 332 363 264 206 350 216 155 443 430 423 144 37 27
Route #11: 146 29 411 210 412 211 55 106 86 87 22 115 34 78 142 134 118 369 368 331 304
Route #12: 274 226 346 231 97 252 288 149 187 148 374 199 207 219 360 245 284 310 386 82 145
Route #13: 311 180 243 328 314 357 240 268 33 80 131 440 246 239 182 36 312 277 163 50 136
Route #14: 59 272 92 94 169 159 165 316 150 153 124 41 201 160
Route #15: 413 380 293 447 20 143 112 172 323 69 114 266 319 317 294 205 300 437 192 85
Route #16: 390 376 321 365 361 403 405 385 378 388
Route #17: 306 417 107 40 53 250 7 291 278 76 75
Route #18: 404 421 347 258 296 260 279 372 175 179 167 132 214 366 370 289 302 397 339
Route #19: 262 70 83 93 26 276 452 429 379 377 427 442 298 336 355 340 446 450 425
Route #20: 285 398 286 217 65 19 10 190 113 168 236 223 74 242 54 434
Route #21: 400 128 416 193 432 381 110 127 402 257 72 71 183 73 334 120 5 449 344
Route #22: 14 222 158 161 63 23 232 282 237 247 283 256 249 157 13 221 139
Route #23: 44 295 261 229 382 422 43 308 126 436 451 456 455 12 202 204 122 181 103
Route #24: 387 56 119 457 329 105 151 318 426 16 116 290 24 324 17 299 123 177 154 399 315
Route #25: 215 189 141 135 196 178 156 420 431 292 433 343 326 263 351 31 18 320 109
Cost 235461
Time 961.43
