Route #1: 282 277 334 326 316 325 309 297 330 275 313 13 327 335 5 261
Route #2: 20 28 3 264 287 278 25 31 304 319 332 324 312 307 14 29 286 296 72 314
Route #3: 301 295 256 288 306 247 253 242 248 274 17 240 259 32 246 33 323
Route #4: 250 249 233 300 284 71 271 189 276 176 174 175 281 215 220 262 265
Route #5: 336 255 328 235 337 216 15 213 9 193 317 303 163 279 188 201 219 310 232
Route #6: 204 157 322 294 98 67 302 311 135 331 6 19 21 10 229 24 200 181 12 209
Route #7: 268 257 237 236 144 202 228 221 187 217 165 214 225 227 224 177 241 226 238
Route #8: 254 308 280 260 186 267 252 239 251 117 138 266 315 171 194 185 184 109 105
Route #9: 64 113 154 147 137 132 134 114 106 170 173 179 131 136 153 182 164 190 198 192 162 205
Route #10: 107 160 207 195 210 191 166 169 146 196 168 119 161 148 143 104 108 101
Route #11: 270 155 158 55 234 230 112 206 199 223 76 54 43 44 231 180 159 130 211 140 82 149
Route #12: 96 60 66 61 77 102 245 128 156 86 126 65 139 203 142 141 258 167 48 273 49
Route #13: 152 272 290 291 97 93 18 11 120 103 100 81 83 79 70 50 22 42 41 38 39 320 51
Route #14: 35 4 321 80 285 111 59 69 74 94 92 91 78 68 23 58 57 53
Route #15: 118 90 151 62 30 16 298 263 269 218 243 73 172 52 40 338 145 318 2 27
Route #16: 63 56 8 305 222 333 178 197 293 292 124 212 45 208 283 26 84 289 123 1 7 329
Route #17: 299 46 37 129 116 47 95 89 88 75 115 110 125 85 133 244 183
Route #18: 127 36 150 34 87 121 122 99
Cost 147780
Time 576.528
