Route #1: 137 140 110 98 122 141 60 4 24 112 111 130 249 17 15 80 52 45 26
Route #2: 164 134 49 211 152 133 223 149 95 86 253 41 103 43
Route #3: 97 79 205 70 254 127 136 61 128 118 161 166 160 21 34 150 30 147 206 76 244 228
Route #4: 38 139 33 40 257 42 153 239 165 85 44 91 58 48 94 138 84 117 71 66 51
Route #5: 201 126 224 62 50 23 72 121 54 69 78 159 219 6 5 1 2 32 259 255 8
Route #6: 68 229 99 114 81 123 56 35 168 235 158 31 181 177 197 212 200 199 202 188 184
Route #7: 7 238 57 20 55 47 46 25 252 250 240 263 247 37 29 16 11 19 27 22 53 256 39 232
Route #8: 3 59 92 173 108 261 241 246 258 236 251 207 193 196 260 209 214 213 245 231 12 195 194 262
Route #9: 208 198 189 190 218 203 248 237 18 10 13 204 9 169 234 233 242 131 67 132 135 154 64
Route #10: 185 226 243 167 176 113 186 179 191 178 182 225 145 124 215 129 144 172 187 180 216 28 125
Route #11: 192 146 88 142 174 87 230 104 106 100 96 73 74 75 217 89 163 171 93 221 227 102 222 90 210 220
Route #12: 155 36 175 116 120 162 183 148 151 105 107 143 14 170 109 83 101 115 82 63 65 77 119 157 156
Cost 131522
Time 417.868
