Route #1: 152 153 171 114 120 146 180 143 8 48 33 161 108 129 154 81 196
Route #2: 75 74 125 194 195 169 97 128 89 214 177 165 162 79 6 107 71 109 27 69
Route #3: 53 164 30 147 83 170 179 38 185 23 10 155 42
Route #4: 13 60 9 189 102 77 31 101 66 176 113 64 72 95 126 55 119
Route #5: 54 150 131 7 44 175 87 20 186 51 133 215 182 3 208 11 78 213 144 137
Route #6: 139 210 105 94 50 76 40 67 62 135 93 99 91 130 82 122 98 183 43 104 157 41 56 32
Route #7: 70 181 88 190 127 12 16 92 134 141 151 178 5 47 187 205 73 100 192 18 158
Route #8: 123 65 138 34 52 110 197 145 140 85 17 206 4 39 112 204 96 199 68 63 86 148 45 211
Route #9: 156 106 58 203 132 160 80 49 35 37 25 24 29 212 149 172 184 201 202 36 57 188 117 2 15
Route #10: 61 198 209 168 14 46 207 28 166 136 193 21 200 191 173 1 163 103 19 84 142
Route #11: 22 111 90 167 59 115 159 118 174 124 116 121 26
Cost 102515
Time 270.672
