Route #1: 375 347 303 310 69 46 59 43 129 167 18 371 162 366 278
Route #2: 279 355 258 397 234 249 274 275 257 273 277 311 370 302
Route #3: 230 113 254 395 193 7 26 144 350 406 146 140 361 388 236 391 229 240 238 21 270 5 31
Route #4: 213 191 175 157 131 362 372 185 37 177 73 330 168 218 301 84 48 12 6 33
Route #5: 313 293 312 332 99
Route #6: 243 60 289 285 27 72 123 267 158 89 67 107 56 337 336 334 346 38 151 244
Route #7: 281 138 184 291 135 287 320 155 137 125 159 163 105 325 344 215 189 130 145 280 315 294
Route #8: 295 292 80 331 183 78 77 128 71 324 153 58 3 36 23 25 17 34 41 14 176 86
Route #9: 327 196 136 172 223 4 101 116 360 10 88 1 74 309 317 382 306 304 179 143
Route #10: 255 166 316 354 174 352 288 127 24 203 198 380 359 264 262 231 242 226 225 219 220 210 368
Route #11: 103 201 206 156 147 342 349 106 261 396 47 104 377 374 373 376 114 387 165
Route #12: 178 390 204 70 148 283 97 132 121 407 400 32 381 265
Route #13: 68 199 205 221 186 228 208 405 233 239 181 235 290 65 66 348 102 90 109 194 11 141 195 341 8
Route #14: 401 164 345 182 408 45 180 200 54 389 112 276 269 268 81 282 272
Route #15: 224 335 326 93 150 169 173 222 139 142 197 187 28
Route #16: 87 300 358 271 134 124 171 305 217 154 64 126 57
Route #17: 75 338 298 149 394 319 299 296 98 207 260 247 251 266
Route #18: 353 192 161 53 15 108 241 190 122 212 100 115 110 392 409 398 30
Route #19: 119 117 118 92 340 329 357 13 250 55 379 259 62 40 399 120 2 16 152
Route #20: 133 85 170 19 256 328 384 9 96 95 83 160 91 35 79 63
Route #21: 111 94 318 232 356 314 393 263 343 308 245 82 211 188 209 237 403 369
Route #22: 385 367 383 76 333 61 42 216 214 49 227 20 253 351 378 386 402 322 246 248 252
Route #23: 363 323 339 22 297 286 284 39 44 50 52 51 29 307 321 365 404 202 364
Cost 238170
Time 380.578
