Route #1: 254 255 249 225 227 238 193 190 259
Route #2: 200 209 213 242 86 87 178 180 182 270 130 6 14 172 161 143 114 112 164 208
Route #3: 105 116 268 160 48 27 256 23 260 257 38 258 132 167 9 158 274 253 96 8 121 118 226
Route #4: 12 33 243 22 1 42 41 68 135 4 174 88 187 98 262 84 228 239 65
Route #5: 170 59 58 111 149 162 146 235 233 93 63 40 61 2 185 157 176 108 245 188
Route #6: 10 20 77 50 55 100 125 197 142 169 107 83 134 199 237 99 219 90 110 207 113 189 202 218
Route #7: 201 72 44 186 175 81 150 74 66 75 7 206 181 151 37 144 43 147 21 120 80 85
Route #8: 168 60 52 15 122 109 133 95 247 97 210 101 82 215 252 123 119 192 159 163
Route #9: 195 11 79 106 194 17 71 18 102 67 129 145 89 234 230 236 232 231 229 5
Route #10: 137 64 217 250 47 36 248 196 223 244 76 179 204 70 25 13 34 148 131 240 263 26
Route #11: 115 73 152 205 216 104 166 69 126 211 261 92 117 156 91 39 57 45 51 53 224
Route #12: 183 62 78 221 212 24 266 251 222 3
Route #13: 246 35 32 28 16 128 49 127 46 29 31 94 30 136 138
Route #14: 273 272 153 191 214 171 154 165 184 203 220 124 177 139 103 54 141
Route #15: 241 140 155 265 269 198 19 173 271 264 56 267
Cost 147828
Time 863.617
