Route #1: 262 243 269 261 320 237 241 254 322 236 302 289 267 281
Route #2: 36 21 13 9 207 202 189 10 15 41 253 229 245 270 279 247 246 235 27 8 214
Route #3: 280 275 219 259 286 148 185 208 174 191 193 223 271 72 106 328 12 198 218 234
Route #4: 316 319 304 188 315 196 239 248 183 26 190 20 291 23 151 176 276 266
Route #5: 65 89 35 40 53 54 59 62 63 61 86 60 56 1 29 142
Route #6: 273 216 64 105 313 88 52 317 150 153 166 70 165 17 116 250 107 240 290 203
Route #7: 213 99 117 329 28 51 14 200 128 251 30 57 32 311 4 206 140 258
Route #8: 210 296 257 301 228 114 46 244 178 44 201 215 277 184 125 138 50 71
Route #9: 222 120 127 164 18 48 297 104 295 294 231 288 233 230
Route #10: 227 122 167 252 204 159 268 272 130 163 158 76 226 135 323 100
Route #11: 225 144 172 121 25 109 80 90 87 212 278
Route #12: 110 73 141 146 154 168 147 93 221 74 137 69 255 205 5 326 293 102 68 11 95 33 287
Route #13: 94 115 96 327 314 157 156 6 112 306 181 108 303 169 282 307 308 305 186 47 162 170 143
Route #14: 197 113 220 49 58 97 19 34 24 2 299 173 124 284 3 132 300 133 249 139 42 84
Route #15: 161 81 92 43 192 37 152 103 38 39 66 285 324 217 260
Route #16: 242 292 209 179 199 111 177 171 126 7 211 238 264 265 182 136 75
Route #17: 91 78 98 129 175 155 118 283 309 321 232 194 310 22 16 85 55 119 145 180 123 256 79 83
Route #18: 195 263 31 187 45 101 82 274 318 160 149 312 325 131 134 298 67 77 224
Cost 199509
Time 362.161
