Route #1: 77 273 228 147 44 308 271 137 4 57 291 296 95 220 231
Route #2: 358 98 285 157 159 194 307 196 103 185 175 28 359 237 148 278 202 192 116 321 363 126 270 3
Route #3: 115 178 247 339 87 128 325 284 215 127 304 149 161 166 51 297 236
Route #4: 209 277 78 238 110 302 85 313 200 1 213 172 344 330 21 218 239 343 323 83 76
Route #5: 311 75 336 286 288 125 24 47 80 258 121 353 267 70 197 244 292 69
Route #6: 257 64 14 89 205 283 186 184 19 138 212 280 199 65 94 50 335 234 356 84
Route #7: 354 54 49 36 109 214 329 16 58 332 223 158 15 108 92 298 142 113
Route #8: 96 101 355 310 68 314 30
Route #9: 245 342 290 139 79 241 195 350 72 5 361 264 301 120 242 201 227 2 181
Route #10: 303 233 136 349 309 154 262 129 40 48 243 37 156 210 198 41 331 56 35
Route #11: 230 39 150 362 53 266 204 208 119 341 141 131 99 8 328 17 261 259 306 13 86 251 287 9
Route #12: 183 173 111 189 224 295 351 32 169 305 164 217 104 226 255 219 174 256 268 203 294
Route #13: 319 253 106 117 216 190 326 299 145 74 333 81 105 118 252 102
Route #14: 293 187 240 168 348 42 352 146 62 274 67 133 27 34
Route #15: 222 162 123 275 66 122 134 327 61 153 91 100 346 114 170 211 254 180 152 93 33 22 279 140
Route #16: 143 124 276 31 97 43 324 135 46 55 82 250 45 20 282 23 18 11 25 207
Route #17: 144 167 38 263 132 334 60 316 357 347 88 177 107 221 90 165 322
Route #18: 249 155 246 360 338 26 312 171 232 315 260 281 179 337 12 176 71 300
Route #19: 289 229 340 130 52 225 112 272 345 320 73
Route #20: 6 7 10 318 317 59 63 163 182 188 29 248 235 193 269 191 206 151 265 160
Cost 210338
Time 222.139
