Route #1: 280 286 140 219 226 287 243 135 66 130 166 127 202 212 173 255 253 65 215 153 176 183 157 111 239 216
Route #2: 275 10 180 35 30 21 11 187 20 22 267 245 221 207 210 236 222 248 213
Route #3: 194 181 160 159 142 279 186 170 16 184 205 203 192 196 225
Route #4: 261 132 282 90 257 249 46 105 96 266 109 262 281 293 294 112 12 296 168 167 209
Route #5: 119 150 152 23 291 139 161 8 227 26 25 38 24 103 214 67 41 82 49 74 42 101 9
Route #6: 206 28 190 165 238 198 230 197 237 235 1 5 290
Route #7: 85 110 118 97 48 155 56 62 188 73 72 78 80 189 86 95 122 218 223 199 254
Route #8: 64 131 145 143 19 29 175 43 231 234 247 3 158 224 129 178 2 44 75 154 89 88 292 241
Route #9: 81 285 220 272 271 59 58 120 13 289 4 70 200 204 113 201 208 106 17 148 124 123 79
Route #10: 156 125 114 195 47 133 138 15 182 141 136 144 134 126 121 233 50 77 71 7 283
Route #11: 172 60 147 87 94 116 115 107 193 232 146 258 57 228 31 288 276 91 191 117 128 211 270 263 54 268 34
Route #12: 18 53 229 164 252 27 242 269 84 273 61 36 104 83 174 63 68 92 151 108 6
Route #13: 185 278 149 69 265 51 45 52 171 100 39 40 37 295 277 137 162 179
Route #14: 250 93 256 76 55 32 217 163 98 99 274 244 169 177 102 284 14 33
Route #15: 246 251 240 259 260 264
Cost 155085
Time 704.581
