Route #1: 29 194 226 207 148 204 214 159 149 126 206 211 157 160 20 98 108 45 218
Route #2: 9 235 227 238 197 103 99 11 177 141 220 175 134 164 152 120 228 191
Route #3: 201 212 209 161 163 165 69 58 145 113 90 219 125 224 133 137 237 14 3 86 65 49 52 136 75
Route #4: 196 176 83 236 48 13 82 62 35 64 57 63 66 51 73 72 213 139 59 56 53 232 223 231 78
Route #5: 32 155 221 229 129 116 55 117 67 27 203 140 46 89 38 44 109 115 33 34 26
Route #6: 234 87 150 41 166 4 95 54 50 80 42 233 60 23 170 74 119 79 156 107 101
Route #7: 91 88 70 31 40 36 25 104 77 16 162 144 188 189 200 85 71 138 179 132 174 181 180 240
Route #8: 18 185 114 205 190 225 192 131 128 169 173 130 8 195 30 97 106 222 19 12 43 37 172 24 202 199
Route #9: 105 122 39 21 76 112 142 154 100 127 17 178 151 124 153 184 22 118 210 92 93 96 84 217
Route #10: 61 186 110 171 6 10 216 94 183 208 239 143 147 123 146 15 193 111 182 81 2
Route #11: 28 1 47 158 168 198 135 7 187 5 121 230 68 167 215 102
Cost 85625
Time 498.077
