Route #1: 198 60 57 33 19 31 6 214 220 119 200 91 190 188 179 216
Route #2: 199 261 186 173 16 27 116 127 93 48 103 92 34 178 176 182 177 180 240 185 14 101 193 2 52 109
Route #3: 159 97 122 99 181 32 171 197 85 152 157 165 15 265 192 217 49 41 65
Route #4: 175 9 25 86 209 169 54 67 3 98 89 13 183 78
Route #5: 210 104 135 146 133 126 189 138 142 136 132 118 112 37 50 100 95 79 248 47 71 53
Route #6: 51 124 219 221 7 241 128 167 156 222 236 82 250 148 269 273 117 234 151 235 36
Route #7: 130 266 147 26 113 271 263 260 208 259 207 227 172 102 45 258 257 125
Route #8: 245 246 238 226 232 145 120 58 215 154 121 205 153 20
Route #9: 96 166 191 163 162 62 212 35 18 30 204 255 46 187 160 87 108 218 239
Route #10: 229 81 252 105 196 243 12 111 75 28 223
Route #11: 213 76 66 77 70 38 139 115 40 56 64 55 44 42 131 140 74 110
Route #12: 202 231 249 149 268 270 1 242 244 170 174 143 61 129 168 158 225
Route #13: 262 230 237 254 256 251 63 24 247 29 233 59 72 203 267 253 114
Route #14: 94 23 10 88 83 195 106 5 150 137 141 80 43 39 8 224 201 206
Route #15: 155 84 69 144 228 21 73 90 4 211 11 68 107 264 194 22 184 161 164 272 134 17 123
Cost 161362
Time 343.97
