Route #1: 382 114 241 34 201 367 311 295 328 280 297 298 187 345 224 225 301 286 356 424 115 30 232 276 235 284
Route #2: 245 299 274 60 265 267 420 413 324 357 162 128 185 152 94 72 177 182 418 67 393 372
Route #3: 354 376 397 55 407 93 96 103 98 90 104 422 19 412 417 414 391 380 377 375 366 349
Route #4: 255 31 101 69 419 202 44 346 331 336 337 314 71 137 222 405 256 131 140
Route #5: 313 327 321 322 358 16 77 78 387 160 392 401 11 28 400 36 46 398 43 395 394 363 76 343 344
Route #6: 269 272 79 97 390 58 70 108 112 113 348 330 317 169 406 411 403 389 186 318 281 292
Route #7: 10 119 249 147 250 273 271 257 149 133 290 270 63 254 56 20 12 13 421 307 320 341 329 304
Route #8: 383 364 365 379 188 33 38 52 221 92 118 148 143 81 80 102 99 91 212 136 234 278
Route #9: 9 246 415 242 230 228 158 146 157 156 192 236 258 178 266 29 306 240 191 184 244
Route #10: 360 262 333 167 175 154 35 227 231 5 189 370 219 95 180 338 129 4 179 381 353 166 261 355 151
Route #11: 51 61 388 209 87 3 325 216 312 32 126 203 378 190 172 141 194 263 21 6 62 339 197 217
Route #12: 371 142 368 163 66 45 64 215 73 65 288 109 198 139 165 111 409 74 251 287 385 369
Route #13: 199 305 204 374 42 153 259 334 361 350 2 85 300 27 302 1 8 362
Route #14: 293 41 220 260 359 200 408 352 173 150 82 386 23 100 218 340 226 176 89 335 127 15 138
Route #15: 22 40 145 285 120 117 106 233 214 332 309 399 243 193 110 294 205 213 252 37 326
Route #16: 315 7 279 303 168 24 373 39 50 49 402 48 14 57 384 229 283 410 196 342 277 247 248 296
Route #17: 423 210 144 134 124 53 275 159 174 164 161 170 155 171 211 207 208 316 84 105 195 268 253 291
Route #18: 107 26 264 132 122 121 239 319 75 323 308 223 206 59 17 18 125 123 289 310 416
Route #19: 404 396 347 68 54 88 83 183 130 86 282 25 237 238 181 47 116 135 351
Cost 204479
Time 502.392
