Route #1: 226 352 57 72 229 130 147 7 176 202 284 50 139 287 35 328 397 127 53 399 150
Route #2: 218 254 12 151 152 164 52 10 235 231 232 112 131 132 85 129 197 191 225
Route #3: 259 316 210 372 149 126 383 300 111 114 157 137 286 156 163 168 165 161 133 93 49 340 6 113
Route #4: 98 253 63 75 145 141 180 153 245 58 275 241 154 97 3 86 41 120 219 173 199
Route #5: 355 119 228 268 196 193 234 204 244 239 188 402 279 271 405 230 252 2 115 159
Route #6: 281 21 178 177 411 1 67 359 358 306 172 22 194 48 5 277 32 265 211 357 60 46 103 102
Route #7: 206 227 76 77 195 198 349 376 69 8 16 66 83 15 395 381 105 100 94 18 374
Route #8: 36 246 59 377 24 47 40 122 64 160 79 169 297 342 348 375 90 11 17 54 39 62 264 262
Route #9: 257 346 270 280 224 182 247 43 288 282 299 309 398 354 289 51 384 74 118 55
Route #10: 303 365 336 393 14 406 91 95 409 361 360 87 88 82 56 391 404 389 371 369 324
Route #11: 295 329 20 34 33 23 26 387 373 344 363 351 356 380 347 350 334 322 326 339 292
Route #12: 315 410 403 330 38 44 407 109 30 31 37 28 29 125 394 386 388 158 401 400 367 123
Route #13: 269 148 301 296 283 321 333 331 298 362 304 318 9 413 317 325 4 27 25 45 65 68 99 13 19 116
Route #14: 89 320 108 343 379 110 71 378 42 61 78 305 308 294 302 314 338 80 323 319 312
Route #15: 266 341 255 215 201 291 293 251 307 263 408 240 382 223 385 220 221 261 272 313 327 311 285
Route #16: 171 167 203 364 184 332 368 396 155 390 353 142 337 278 290 310 170 175 345 366 370 174 183
Route #17: 335 92 106 392 146 101 81 84 181 179 216 70 236 238 243 248 242 209 212 207 73 412
Route #18: 121 138 140 143 136 135 134 213 190 107 96 104 144 128 117 166 237 256 276
Route #19: 273 222 217 192 124 185 208 260 267 274 205 189 186 249 250 200 162 258 187 214 233
Cost 188502
Time 896.683
