Route #1: 293 486 97 106 68 370 56 441 15 308 416 174 332 478 320 457 166 387 285 472
Route #2: 125 43 336 240 516 495 422 177 8 139 54 47 173 471 518 127 124 523 514 148 126 181
Route #3: 470 135 14 178 169 481 397 299 140 70 239 210 113 109 364 163 102 110
Route #4: 108 59 409 408 11 455 69 9
Route #5: 449 376 82 487 241 291 267 371 494 329 328 260 6 101 415 525 434 508 493 315 275 228
Route #6: 128 474 399 374 167 91 274 283 238 237 337 373 284 289 295 350 248 244 358 259 482 509
Route #7: 507 483 466 75 391 402 414 401 25 529 510 520 393 201 485 497 233 207 469 313
Route #8: 440 437 381 439 339 377 464 480 503 380 384 517 413 310 23 398 18 378 42 345 41 326
Route #9: 473 499 383 359 365 52 45 58 66 280 34 305 294 290 272 531 10 306 342 475
Route #10: 202 80 26 253 137 129 322 189 321 136 122 37 491 208 451 298 270 334 453
Route #11: 225 532 406 143 22 196 51 528 524 519 222 511 500 477 29 282 504 512 521 296 292 17
Route #12: 335 311 277 214 460 484 133 435 424 144 447 448 442 205 403 430 179 417 388 354 324 32 262
Route #13: 395 340 341 211 273 67 183 94 104 369 276 73 394 243 420 418 419 421 21 62 379 385
Route #14: 35 429 458 203 99 255 468 4 63 71 111 191 33 405 490 190 19 223 445 39 446 363
Route #15: 307 151 146 226 213 349 197 159 170 142 423 366 107 344 346 168 396 28 522 502 461 121
Route #16: 65 443 425 353 84 160 161 200 156 20 465 303 72 286 3 83 407 44 16 157 220
Route #17: 7 501 60 232 175 162 147 327 172 61 114 247 235 12 254 301 343 48 257 269 184 180 2
Route #18: 123 467 297 149 216 206 155 352 355 5 382 433 116 367 218 79 515 165 86 85 513 182
Route #19: 112 152 279 338 50 145 98 120 404 76 81 74 463 150 265 256 246 27 40 309 312 426 250 194 138 204
Route #20: 258 53 245 103 131 251 249 215 431 411 30 1 219 221 198 217 330 171 57 319 410 24 360 325 87
Route #21: 158 252 476 505 492 489 488 278 390 209 438 176 117 96 134 93 64 498 261 119
Route #22: 496 314 479 199 362 318 78 36 361 55 153 192 506 375 317 526 527 287 300
Route #23: 356 288 302 266 281 348 347 89 141 187 188 193 333 331 316 450 386 400 105 95 428 100
Route #24: 268 92 357 530 236 38 234 212 224 118 130 115 427 185 227 230 164 351 456 90 264
Route #25: 77 372 195 186 432 263 412 389 392 13 304 242 46 271 31
Route #26: 444 452 323 154 132 229 231 368 462 459 88 49 436 454
Cost 265990
Time 533.904
