Route #1: 156 121 264 118 256 382 44 301 90 238 339 291 272 69 313 1 168 201 56 361 192 338 381 329
Route #2: 276 225 154 63 141 303 377 395 359 94 150 217 265 386 383 356 221 143 81 309
Route #3: 15 52 105 316 38 18 60 254 89 174 39 92 222 131 35 358 160 139 191 353 185 138 114 241 216 384
Route #4: 33 293 149 340 133 364 111 6 352 371 10 305 87 211 406 165 239 260 322 178 179 266
Route #5: 345 34 5 54 195 393 317 199 332 177 401 240 230 103 296 68 269 72 300 307 104
Route #6: 233 351 403 71 360 91 283 328 148 315 357 214 299 129 243 257 116 190 323 162 73 186
Route #7: 288 367 397 19 61 208 202 354 341 366 228 232 224 161 86 374 280 115 286 247 110 142 368
Route #8: 376 344 65 132 200 284 407 175 380 261 49 20 74 378 302 158 198 255 62 321
Route #9: 13 14 346 75 12 76 51 50 278 282 78 77 130 223 220 169 171 172 163 189 203 27
Route #10: 236 205 204 197 4 206 210 246 398 399 144 348 147 152 207 59 21 226 405 99 234 145 402 123
Route #11: 151 155 101 106 113 102 82 83 67 97 57 135 146 58 184 400 112 124 125 127
Route #12: 119 369 47 324 375 373 25 396 285 273 70 108 355 159 252 294 41 84 196 388 137 2
Route #13: 408 100 64 343 391 297 394 372 385 390 392 23 387 363 370 404 22 43 96 389 342 55 11
Route #14: 107 80 95 182 126 153 181 213 136 218 53 128 270 334 365 188 258 281 170 122 244
Route #15: 187 275 310 157 235 248 26 8 298 263 140 3 31 120 24 16 98 134 259 209
Route #16: 349 333 231 183 180 326 327 229 320 289 93 176 253 250 237 290 251 262 271 227 306 109 215 268
Route #17: 30 85 17 287 312 350 318 319 335 336 330 331 167 7 219 9 42 347 292
Route #18: 40 194 311 362 304 164 295 242 37 28 46 45 193 249 32 245 66 337
Route #19: 36 117 277 274 212 267 379 173 325 48 166 308 29 88 314 279 79
Cost 122124
Time 928.548
