Route #1: 272 268 287 285 274 19 18 8 1 283 44 30 257 9 219 6 5 7 205 175 256 246
Route #2: 286 180 20 28 11 96 60 150 16 225 224 223 17 226 232 61 67 40 24 261 3 266
Route #3: 131 155 163 166 181 191 240 254 108 243 277 275 12 289 288 270 267
Route #4: 281 207 210 276 248 252 250 249 253 251 200 198 290 171 139 144 134 148 206 273 229 239
Route #5: 78 194 183 187 202 195 190 185 215 217 220 228 118 209 176 136 141 165 120 115 111 114
Route #6: 227 282 271 184 130 262 242 151 172 258 260 244 119 230 54 33 264 245 75 247 43 269 125
Route #7: 23 77 107 105 102 104 103 110 121 112 157 161 164 168 152 143 162 158 154 116 178
Route #8: 238 182 213 167 177 160 145 147 193 140 149 201 214 204 179 170 169 138 106 94 95 4 26 37 133
Route #9: 89 68 218 50 255 259 35 79 52 62 53 65 76 81 82 66 63 55 73 93
Route #10: 279 199 265 99 84 39 117 124 186 235 222 221 211 196 189 192 128 45 233 69 59 36 42
Route #11: 41 27 22 48 31 34 14 64 57 278 159 234 123 188 127 10
Route #12: 212 80 56 91 51 72 100 86 32 2 15 25 237 241 236 280 284 58 47 49 29
Route #13: 90 83 203 231 173 146 98 92 101 38 71 13 197 216 174 21 208 46 97 137
Route #14: 132 74 88 156 109 87 126 122 135
Route #15: 70 85 113 263 153 142 129
Cost 150889
Time 948.525
