Route #1: 479 493 83 434 454 468 181 64 95 164 307 311 265 427 68 326 296 408 94 92
Route #2: 56 58 465 487 25 115 500 124 119 503 15 491 112 122 117 118 114 110 5 50 35
Route #3: 398 424 261 144 154 291 432 504 335 41 76 78 492 494 472 458 446 489 467 437 358
Route #4: 314 482 53 344 345 421 428 433 438 471 387 384 395 413 403 478 386 388 444 365 366 340 396
Route #5: 80 84 455 81 300 447 448 449 440 450 463 47 44 28 480 464 456 54 416 411 322 34 475
Route #6: 350 336 385 359 367 374 412 381 371 405 333 372 348 361 368 152 135 150 177 351 134 37
Route #7: 325 22 290 445 354 352 355 349 370 379 380 390 410 409 401 389 346 369 341 343
Route #8: 357 40 52 26 153 159 169 161 176 162 156 43 42 38 158 148 31 138 439 324 315 451 319
Route #9: 130 255 404 393 414 431 435 469 452 382 402 19 18 6 495 497 377 376 29 501 484 459 332
Route #10: 276 443 457 353 502 14 13 391 39 55 69 65 96 105 104 453 1 86 89 87 93 85 417 429 283 420 394
Route #11: 278 308 249 216 219 253 268 305 327 280 281 303 316 313 356 284 301
Route #12: 250 215 207 187 184 201 228 257 236 206 277 271 264 209 188 309 179 178 218 204 266 282 360 272
Route #13: 297 462 415 45 97 423 140 147 466 214 470 208 180 100 131 139 142 136 422
Route #14: 102 223 189 167 63 103 286 165 51 116 77 225 229 486 238 248 339 244 241 168 199 203
Route #15: 298 224 232 312 237 242 221 275 57 88 197 231 243 213 226 234 32 72 196 163 174 259 436
Route #16: 125 210 146 400 373 194 473 363 46 217 252 123 121 157 485 274 270 477 425 202 476
Route #17: 378 245 198 185 132 288 20 399 173 172 33 247 338 375 106 426 30 99 246 7 9 8 192
Route #18: 267 10 304 306 263 200 442 481 48 149 145 74 141 113 128 260 170 230 239 329 498 418
Route #19: 155 490 337 383 334 49 60 186 90 79 82 109 133 98 293 70 317 323 211 127 190 191 151 222
Route #20: 120 254 91 227 111 289 318 59 61 193 23 24 496 499 11 12 4 3 27 137 66 71 75
Route #21: 183 331 364 342 294 175 330 392 347 285 279 143 195 166 287 67 107 182 101 488
Route #22: 36 233 240 269 295 273 73 160 474 310 205 262 220 299 129 321 419 320 235 258 251 62
Route #23: 407 406 171 292 328 397 212 430 460 461 483 16 21 2 256 441 17 362 126 108 302
Cost 206618
Time 1104.31
