Route #1: 71 166 219 201 214 215 210 207 197 93 188 172 158 182 184 143 131 137 169 97 103 107 127 175 145
Route #2: 8 10 203 9 17 252 249 243 196 19 206 213 209 208 202 223 186 190 191 185 187 3
Route #3: 111 136 128 138 135 46 156 74 76 67 79 29 25 35 78 62 237 27 232 216
Route #4: 193 176 228 242 233 231 26 230 32 235 31 246 22 240 28 30 44 225 56 199 5 132
Route #5: 155 162 96 43 123 189 167 163 170 180 194 224 222 238 52 248 239 234 58 55 226 38 177 129 250
Route #6: 117 69 195 139 146 124 211 200 45 118 165 33 181 157 179 39 36 236 171 18
Route #7: 7 6 59 63 60 119 251 66 48 50 4 229 113 217 227 245 13 164 80 116 142 126
Route #8: 94 174 152 73 204 109 173 198 178 133 65 149 150 221 24 159 37 241 125 218 141 90
Route #9: 160 112 88 41 61 99 101 23 147 85 87 108 102 110 114 106 120 86 89 20 192
Route #10: 21 49 130 161 183 12 140 82 75 121 105 70 68 134 247 104 98 81 14
Route #11: 34 151 115 244 122 153 144 154 168 205 220 212 100
Route #12: 15 16 77 57 53 91 84 92 51 72 1 83 95 64 11 2 47 42 40 54 148
Cost 124032
Time 308.158
