Route #1: 11 280 119 302 300 10 276 16 297 287 283 36 49 298 41 33 286 44 8
Route #2: 258 295 292 244 238 290 289 245 284 253 275 259 249 262 265 256 255
Route #3: 240 6 21 31 239 77 248 261 263 29 32 194 154 122 184 118 211
Route #4: 237 37 30 164 25 7 126 14 301 3 235 9 223 15 209 303 293 294 272 304 274
Route #5: 186 208 224 222 215 216 207 220 195 196 227 226 212 203 144 185 157 94 98
Route #6: 254 46 270 246 130 125 153 145 269 167 179 190 187 199 273 285 206 204 197 201 267 250 241
Route #7: 147 161 165 166 168 200 176 170 181 183 17 210 150 198 180 192 188 219 189 53
Route #8: 136 146 152 214 228 225 149 202 221 229 236 232 230 101 279 278 100 257 155 288
Route #9: 88 96 299 38 48 68 123 134 102 112 116 110 105 128 169 171 158 97 86
Route #10: 56 40 271 148 63 69 103 109 177 117 120 124 114 47 54 43 266 24 260 247 231 142 242
Route #11: 51 233 5 19 22 71 78 89 72 66 65 60 62 59 73 58 95 90 268
Route #12: 264 91 296 45 13 12 23 108 34 178 217 282 67 55 61 143 151 87 139 141
Route #13: 218 2 4 84 18 243 20 104 137 79 35 133 52 162 42 106 76 70 57 160
Route #14: 175 135 85 111 99 113 50 81 26 213 281 27 251 252 159
Route #15: 83 64 127 82 173 131 191 172 182 193 205 234 174 163 129 115 93 156 277 121 80 74
Route #16: 107 291 1 28 138 92 132 75 140 39
Cost 137437
Time 420.254
