Route #1: 290 305 293 287 273 271 278 304 272 283 279 286 17 43 32 59 29 24 18 14
Route #2: 254 84 238 239 231 234 269 270 285 284 243 245 262 12 303 294 7 297
Route #3: 257 26 31 242 232 23 241 133 36 230 229 37 221 67 44 97 35 39 38 33 34 288
Route #4: 198 185 184 216 289 295 299 306 219 15 20 218 183 128 19 109 171 213 220 13 11 200 199 224
Route #5: 188 161 267 268 266 148 132 123 129 9 249 250 252 253 248 251 307 160 274 105 181 212 291 302
Route #6: 167 176 142 189 191 190 187 204 196 195 153 192 201 156 155 210 174 203 211 228 258
Route #7: 74 168 202 197 177 111 175 143 145 144 154 166 170 157 102 151 146 130 115 83 103 117
Route #8: 209 172 259 240 260 264 263 60 88 126 125 124 136 255 137 214 208 169 186 173 165
Route #9: 63 95 42 101 87 108 99 158 159 163 182 222 235 236 292 207 206 127 164 152 131 104 66 51
Route #10: 5 57 100 8 55 180 49 226 46 246 217 114 247 244 227 65 140 139 280 86
Route #11: 30 70 96 141 69 52 77 80 76 91 64 62 120 61 265 112 98 68 225
Route #12: 47 261 276 275 89 93 92 73 41 58 79 1 45 25 300
Route #13: 6 85 223 107 178 3 134 135 162 179 301 113 54 72 122 10 50 147 28 233 116 237
Route #14: 78 110 16 27 281 256 81 298 296 4 21 106 205 194 56 71 2
Route #15: 118 150 282 277 40 75 94 82 53 149 215 193 138 121 119 22 90 48
Cost 110243
Time 254.503
