Route #1: 308 344 13 165 161 329 196 215 16 20 233 23 24 10 346 194 203
Route #2: 272 246 314 240 238 244 331 338 321 315 256 284 286 299 72
Route #3: 318 251 37 60 280 311 327 277 252 226 219 323 322 224 242 225
Route #4: 239 70 342 104 160 211 207 259 261 300 343 176 205 202 172 232 222 204 179 164 221 208 258 229
Route #5: 287 223 291 54 57 56 129 80 294 181 27 33 255 279 61 297 45 273 118 136 133 158
Route #6: 295 31 260 254 143 38 139 333 34 92 88 330 44 320 340 137 126 157 253 124 174
Route #7: 339 71 35 125 188 94 166 97 109 177 345 39 278 262 326 324 114 293
Route #8: 296 48 162 59 120 197 301 249 283 83 217 55 153 21 169 74 248 309 292
Route #9: 87 132 235 107 138 134 15 303 17 96 151 187
Route #10: 41 91 113 77 8 290 81 168 149 148 95 167 180 159 43 64 185 334 182
Route #11: 78 275 274 98 313 216 213 319 142 200 178 206 302 316 285 189 305
Route #12: 82 65 183 170 101 199 245 281 110 105 108 75 90 76 131 317 332 154 190 198 40 155 146
Route #13: 5 9 36 102 106 115 42 310 212 243 2 130 218 250 135 236 276 312 116 288 307
Route #14: 191 6 53 210 123 173 111 86 100 30 1 29 328 99 85 73 3 7 264 267 269
Route #15: 201 193 122 119 79 14 58 69 62 220 209 67 63 68 18 257 228 19 46 127 241 11
Route #16: 50 49 156 270 271 268 266 237 89 141 335 341 337 144 12 289 4 265 150 263 234 117 231
Route #17: 26 112 175 28 145 66 140 47 184 152 171 52 51 147 186 325 103 32 336 306 163
Route #18: 282 247 84 195 25 304 298 214 22 128 93 121 230 192 227
Cost 203369
Time 404.804
