Route #1: 160 429 81 176 322 205 488 290 7 162 330 237 19 239 194 265 3 221 253 291
Route #2: 5 273 337 9 105 74 423 439 95 222 357 238 317 462 87 292 263 327 212 190 328
Route #3: 100 91 133 233 225 114 234 293 326 370 77 191 308 244 259 189 60 117 143 161 323 201 4 277 333 78
Route #4: 364 319 243 188 412 249 196 208 356 339 297 281 252 168 192 216 217 247 255 257 242 325 186
Route #5: 340 341 280 284 195 309 174 146 230 159 313 311 213 215 246 67 122 123 121 416 224 251 206
Route #6: 93 305 99 134 131 120 409 485 8 136 268 276 471 275 264 349 283 299 298 306 310 320
Route #7: 185 430 472 181 180 207 443 427 198 200 35 204 152 145 286 169 304 301 279 296 375
Route #8: 324 97 103 128 96 405 384 366 331 414 418 433 441 480 182 478 473 449 392 415 218 179
Route #9: 368 373 377 492 388 389 397 396 390 387 27 15 498 499 380 18 501 496 367 12 460 446 399
Route #10: 73 344 335 379 338 468 354 353 352 372 476 447 85 459 86 102 442 461 17 16
Route #11: 351 500 394 28 410 426 33 51 453 44 455 456 452 40 50 55 49 52 451 29 464 381 382
Route #12: 318 312 332 355 359 363 383 385 403 376 365 361 407 422 68 130 493 484 470 431 404 148 282 43
Route #13: 428 419 413 393 435 432 450 457 11 63 115 118 23 486 454 448 444 465 424 436 420 425 374
Route #14: 54 83 479 84 135 156 487 157 37 41 92 94 69 66 132 104 483 110 109 477 25 36
Route #15: 411 56 65 398 116 223 149 34 108 475 474 469 438 295 141 32 303 497 90 39 26
Route #16: 107 400 271 57 402 266 199 254 348 245 395 466 172 329 240 125 64 494 75 278
Route #17: 61 347 261 491 350 369 262 440 144 124 202 463 362 482 127 46 417 294 336 267 165 288 210
Route #18: 71 45 106 14 256 250 445 458 467 72 10 13 22 21 42 334 302 137 142 126 80 260 111 154 321
Route #19: 314 31 406 258 386 434 346 307 70 343 119 408 171 371 269 360 378 2 184
Route #20: 345 147 231 30 58 203 193 316 315 112 59 24 38 129 358 495 490 437
Route #21: 101 214 270 481 228 289 62 248 79 272 175 164 113 178 138 76 167 48 1 20 53 300
Route #22: 274 232 226 227 236 285 88 173 219 197 211 153 139 183 158 177 241 229 209 187 489 220 235
Route #23: 98 391 150 82 170 163 47 6 155 287 166 151 89 401 342 421 140
Cost 227552
Time 487.538
