Route #1: 153 158 169 162 222 216 114 69 56 54 198 143 298 95 28 27 101 122 65 30 17 141 100 174
Route #2: 87 58 201 213 159 258 209 35 129 68 29 103 206 55 297 38 108 6 23 228
Route #3: 117 125 104 19 44 97 304 205 49 26 13 310 165 127 142 316 315 199 120 238 256 202 318 94
Route #4: 264 272 3 290 284 229 269 96 253 84 293 239 137 172 60 240 42 93 102 263 223
Route #5: 105 187 281 276 177 41 88 36 234 118 128 235 273 236 268 267 275 279 280 282 278 277 5 46
Route #6: 66 24 140 121 132 145 208 176 163 219 211 80 1 33 221 123 154 155 271 285 70 85 90 115 107
Route #7: 299 111 40 43 203 71 311 106 262 130 22 21 254 251 242 173 288
Route #8: 147 218 168 300 146 144 190 317 192 15 63 166 261 53 237 2 188 91 232 195 296
Route #9: 301 160 135 79 86 78 62 61 289 75 161 98 308 307 287 286
Route #10: 225 224 193 180 178 171 7 124 150 152 184 244 226 248 255 274 270 260 227 200
Route #11: 243 303 11 37 39 48 59 196 252 249 12 10 14 212 210 204 20 215 50 45 320 170
Route #12: 83 309 313 52 51 265 32 34 302 319 314
Route #13: 175 247 241 214 189 250 179 138 246 156 151 197 134 220 57 149 217 186 182 9 31 295
Route #14: 4 305 109 119 157 207 257 245 259 72 292
Route #15: 18 73 99 77 25 92 266 136 181 81 312 233 131 116 230 110 64 126 16
Route #16: 112 283 306 89 294 148 194 76 164 291 191 74 139 133 185 183 67 8 47 231 113 167 82
Cost 185419
Time 644.619
