Route #1: 255 50 321 211 30 150 7 303 23 20 322 160 393 151 119 153 144 57 231 241 93 161
Route #2: 316 40 97 16 186 91 51 367 217 312 122 123 199 37 358 359 224 284
Route #3: 70 148 77 175 61 201 216 94 176 33 100 101 105 81 103 78 14
Route #4: 347 350 345 116 353 243 52 32 399 311 298 276 373 331 346 268 120 60 63 237 226 137
Route #5: 390 155 257 230 283 275 282 290 157 315 249 210 228 188 269 214 236 253 349 377 361 260
Route #6: 75 343 299 212 235 394 340 335 310 234 239 305 238 147 38 26 213 73
Route #7: 344 374 354 376 177 83 388 64 380 378 366 102 300 96 95 371 334
Route #8: 288 339 278 295 296 117 168 82
Route #9: 56 221 209 389 227 3 196 202 206 297 368 314 398 248 159 379 232 369 281 39 5
Route #10: 68 139 129 262 136 218 386 271 342 115 318 34 287 44 107 53 12
Route #11: 285 308 357 294 279 29 187 162 190 170 325 31 332 203 302 306 48 304 286
Route #12: 134 181 327 320 329 326 319 328 330 246 98
Route #13: 118 113 265 158 194 152 252 208 72 128 36 1 333 247 179 195 215 205 372 365 149
Route #14: 223 87 11 24 233 133 131 135 45 132 79 67 182 364 280 173 174 355 15 145 43 142
Route #15: 109 256 193 387 10 27 124 21 17 143 110 80 42 55 189 272 154 375 360 13 74 220 6 169
Route #16: 264 19 22 163 165 184 191 8 200 384 178 90 112 250 171 385 2 140 59 183 245 323 180 251
Route #17: 49 219 47 267 58 222 382 381 225 106 240 166 4 41 138 9 383 397 244 66
Route #18: 289 336 341 270 172 88 198 197 273 263 28 89 62 69 362 266 254
Route #19: 156 204 71 84 167 301 114 18 356 391 127 146 338 125 121 207 337 111 309 307 229 277 108 25
Route #20: 185 363 396 370 85 192 164 104 54 351 92 35 292 86
Route #21: 348 242 99 261 274 130 126 352 293 259 291 76 46 65 258 395 392 313 141 324 317
Cost 216876
Time 454.396
