Route #1: 130 404 143 138 247 241 1 305 107
Route #2: 454 209 409 447 98 330 97 488 206 142 19 329 236 406 284 272 212 187 301 232 486 220
Route #3: 20 505 277 514 285 227 180 431 333 311 200 43 356 211 179 477 37 14 238 224 196 83
Route #4: 96 335 397 229 341 338 433 169 332 474 225 89 298 450 513 17 161 240 400 165 79 453
Route #5: 44 219 39 465 308 77 467 291 204 279 182 137 471 506 121 345 208 462 435 374 418
Route #6: 502 131 115 342 136 113 302 156 214 412 85 326 116 133 139 426 303 510 267 235 127 210
Route #7: 264 512 395 408 339 386 4 217 497 5 242 425 316 472 106 371 109 294 424 70
Route #8: 437 483 275 346 68 439 38 495 257 144 399 385 379 221 321 120 205 148
Route #9: 475 25 443 456 178 172 123 259 452 75 7 451 170 292 203 64 382 366 363 215 2
Route #10: 499 135 470 72 86 286 36 175 288 320 280 498 157 42 176 153 81 160 145
Route #11: 152 459 396 444 419 312 3 401 468 351 504 249 448 190 407 478 105 368 317 239
Route #12: 265 289 463 274 430 30 423 61 167 256 22 387 511 273 114
Route #13: 306 334 436 446 111 31 340 174 348 122 494 319 34 146 126 377 213 102
Route #14: 460 124 432 9 428 449 73 233 349 367 376 103 509 110 117 350 322 119 391 493 32
Route #15: 24 58 67 390 41 141 29 500 384 40 290 48 283 101 181 159 361 92 251 54 375 253 26 458
Route #16: 427 56 343 336 173 440 381 383 82 74 466 248 189 228 183 438 315 246
Route #17: 231 250 168 492 243 23 420 417 508 33 46 415 164 262 445 327 365 364
Route #18: 296 328 62 128 491 188 18 59 13 403 260 201 281 207 202 49 331 258 226 155
Route #19: 55 369 28 171 149 100 324 194 16 252 485 313 177 411 222 195 503 393 163
Route #20: 66 389 314 162 434 47 12 282 482 318 52 469 480 11 245 27 310 269 166 93 8 394
Route #21: 51 218 276 295 455 402 140 496 441 185 304 95 484 154 360 63 309 299 357 392 358
Route #22: 263 184 490 57 501 65 84 388 473 6 193 278 266 410 234 230 378 479 476 87 69
Route #23: 104 422 442 323 287 192 353 80 21 108 344 255 151 223 268 125 347 270 359 129 88
Route #24: 94 78 76 481 325 413 354 373 457 416 191 398 362 198 405 147 461 186 50 134 307 244 254
Route #25: 216 429 199 35 158 118 293 297 261 414 197 507 71 380 60 355 337 489 10 464 237
Route #26: 45 53 300 99 271 150 132 15 91 421 372 487 370 90 352 112
Cost 295200
Time 878.395
