Route #1: 152 220 234 237 197 189 233 65 14 232 6 15 62 177 21 122 183 75 196 162
Route #2: 188 191 198 203 201 99 175 20 44 230 150 229 222 119 223 179 242 9 245 253 199
Route #3: 241 176 251 226 186 10 145 136 58 227 243 57 120 240 107 117 28 221 121 252 70
Route #4: 219 213 214 207 194 180 181 178 143 141 24 79 195 209 208
Route #5: 129 81 64 43 80 63 16 235 37 228 5 204 90 73 98 72 32 218 35 190 45 224
Route #6: 138 146 147 182 172 174 210 151 149 126 124 100 95 123 211 200 173 148 202 206 212
Route #7: 169 113 128 1 185 11 225 215 144 29 137 86 84 108 116 158 130 78 114 109 133 56 42
Route #8: 59 115 187 134 87 153 167 157 156 132 55 135 170 54 238 30 39 71 26 217 184 193 192 91 4 110
Route #9: 2 85 205 118 139 254 140 161 165 168 164 160 250 101 22 97 88 89 111 112 131
Route #10: 155 77 49 52 51 50 236 69 74 61 47 48 83 106 94 93 244 3 247 246
Route #11: 171 166 163 154 142 18 19 17 27 239 31 66 53 92 36 46 12 60 76 41 33 68 67
Route #12: 82 103 40 23 125 102 96 249 7 25 38 34 231 8 159 105 104 216 248 127 13
Cost 93390
Time 442.692
