Route #1: 9 95 110 118 131 29 137 39 114 121 120 89 142 135 132 119 143 146 134 122 139 102 74 228
Route #2: 205 162 5 67 87 93 213 97 77 48 129 1 252 249 116 204 56 165 222 161 160 150 148 98 73
Route #3: 84 187 3 149 35 34 138 208 103 170 83 63 55 85 94 104 72 80 86 31 49 145 155 159
Route #4: 17 54 76 81 238 179 214 200 65 42 69 46 22 209 240 124 18 52 7 36
Route #5: 177 181 99 108 44 113 79 75 51 30 60 219 70 251 62 59 10 206 136 154
Route #6: 203 90 188 25 27 211 13 210 38 239 218 192 140 57 176 180 156 43 15 194 130 32
Route #7: 216 233 16 61 24 111 26 23 107 45 123 127 126 40 41 236 11 220 244 243 227 241 196
Route #8: 190 198 91 237 71 66 64 58 28 231 47 232 221 224 223 229 235 217 215 207 202 186 191
Route #9: 151 245 250 199 68 12 8 6 253 195 193 184 197 21 33 225 226 37 53 234 247 14 20 246 78 82
Route #10: 158 19 169 172 171 168 201 2 167 166 112 164 174 189 182 248 254 152 115 101 106 163 157
Route #11: 173 185 212 153 117 125 88 105 141 92 96 100 109 133 128 144 147 50 242 4 175 183 178 230
Cost 117414
Time 702.249
