Route #1: 91 70 191 245 198 111 190 263 299 226 252 248
Route #2: 54 283 18 266 23 251 131 14 223 68 10 216 240
Route #3: 108 217 232 96 2 213 71 188 205 178 171 277 265 182
Route #4: 64 159 298 151 124 177 6 102 130 203 204 200 135 28 82 264
Route #5: 193 98 241 207 262 31 58 146 228 17 25 103 81 129
Route #6: 268 19 116 78 288 253 4 35 235 219 144 133 86 274 287 36 106 269 29 257 104
Route #7: 110 275 230 209 267 90 1 77 211 145 115 76 42 57 249 272 153 101 89 32 84 206 221 154
Route #8: 220 138 167 142 258 147 136 214 152 39 97 15 197 290 59 225 105 192 189 119 247 239 285 238
Route #9: 255 66 62 120 157 45 278 139 92 161 148 297 293 79 8 199 49 254 30
Route #10: 279 60 95 164 127 280 41 80 126 281 117 44 46 273 38 282 83 9 33 123 16
Route #11: 85 56 26 27 7 50 291 51 173 292 196 271 296 137 166 195 61 194 24 72 295
Route #12: 63 276 47 20 53 65 94 270 87 73 67 75 12 118 140 160 52 162 128 40 74 93 113 168
Route #13: 201 231 170 149 132 37 99 3 22 187 114 107 43 34 11 284 21 141 48 294 224 256
Route #14: 156 289 260 143 242 246 259 250 236 109 5 169 13 186 202 229 55 100 286 155 234 150
Route #15: 163 227 179 180 183 261 174 172 158 134 233 222 165 176 175 212 243 215 185 184 181 237
Route #16: 112 121 210 244 88 122 69 218 125 208
Cost 113906
Time 248.908
