Route #1: 60 70 51 422 4 20 149 95 297 92 130 22 93
Route #2: 249 245 225 16 341 191 98 284 140 160 11 188 181
Route #3: 106 129 226 432 307 206 294 319 99 332 86 433 144 3
Route #4: 30 57 69 380 280 46 440 159 7 278 356 337 336 398 110 201 90 435 128 259 165 463
Route #5: 218 442 113 257 101 196 32 222 409 308 242 171 208 143 87 41 412 293 157 348 186 180 248 42 38 455
Route #6: 316 454 61 291 434 320 219 28 220 67 247 55 326 155 339 15 304 448
Route #7: 175 142 94 285 272 437 266 134 329 246 236 431 265 469 45 193 121 371 292 389 460 224 73 381
Route #8: 8 104 400 299 147 252 59 170 65 71 35 81 466 426 126 78 464 167 288 233 27 172 449 311 459
Route #9: 267 306 296 261 383 305 258 256 123 366 273 138 287 372 2 465 342 76 338 62 109
Route #10: 12 302 408 355 350 376 421 21 100 173 213 151 111 467 166 241 234 36 48 250 377 277 116 84 75
Route #11: 456 373 240 40 43 333 115 392 207 221 56 425 415 394 290 317 419 24
Route #12: 420 468 54 458 334 312 328 362 66 387 283 429 13
Route #13: 423 176 260 390 154 131 177 289 125 235 203 453 63 451 262 295 223 80 411
Route #14: 414 102 418 37 107 402 10 424 228 192 197 401 344 323 210 251 153 120 211
Route #15: 343 410 271 430 88 23 146 413 254 255 204 53 49 301 351
Route #16: 114 141 269 137 243 50 205 457 445 14 18 360 428 331 388 91 436 127 178 276 200 25
Route #17: 33 327 118 368 357 361 441 446 349 39 136 103 105 391 9 89 190 148 399 150 239 231 340 346 183
Route #18: 450 347 74 212 367 403 152 286 417 325 244 363 214 359 282 447 122 444 179 227 345 29 439 279 462
Route #19: 364 189 44 117 198 82 83 133 5 281 313 58 322 382 253 31 443 237 358 79 164 397
Route #20: 470 135 17 352 77 374 26 1 298 47 378 330 385 182 72 34 405 184 384
Route #21: 229 161 318 274 379 163 393 300 52 132 209 185 216 427 324 158 6
Route #22: 96 232 321 169 315 263 375 406 275 354 310 145 353 168 119 97 335 156 395 139 416
Route #23: 174 369 215 303 124 407 187 270 64 386 314 230 19 217 108 268 199 195 68 452
Route #24: 461 238 194 396 365 404 85 202 309 112 162 264 438 370
Cost 260282
Time 465.767
