Route #1: 236 216 234 258 208 10 179 243 231
Route #2: 127 126 15 120 197 201 199 215 203 174 145 185 182 200 202
Route #3: 157 36 78 92 52 139 41 38 21 133 173
Route #4: 131 150 119 49 33 172 175 264 254 34 117 68 14 257 4 75 220 102 26
Route #5: 144 148 214 61 67 77 240 55 229 235 142 72 162 170 81 245
Route #6: 69 132 86 40 9 155 156 160 161 176 98 143 209 59 135 71 122 50 46
Route #7: 124 70 64 207 213 205 74 123 45 25 23 12 29 239 19 125 219 43 13 190 2
Route #8: 147 24 237 204 166 85 223 222 3 224 196 88 108 100 189 188 106 99 228 90 191
Route #9: 116 65 76 11 54 255 259 62 241 60 221 238 136 130 17 218 232 42 97 6
Route #10: 154 151 168 163 178 171 253 206 180 141 112 134 118 114 89 94 263 101
Route #11: 80 194 250 37 252 167 217 261 247 251 249 73 107 5 146 22 31 186 195 95
Route #12: 211 193 192 87 66 103 47 48 35 91 153 96 30 226 262 233
Route #13: 248 246 7 169 177 184 198 256 242 1 165 158 230 104 39 28 260
Route #14: 140 18 20 63 8 265 27 109 111 57 129 110 58 105 164 128 113 83 159 227 115 212
Route #15: 183 210 138 149 16 32 84 53 82 51 79 44 244 225 187 152 121 137 93 56 181
Cost 146632
Time 413.284
