Route #1: 205 186 215 33 146 201 195 62 34 37 54 98 171 64 76 25 115 14 9 209 138
Route #2: 5 8 151 149 193 208 198 13 20 213 200 164 158 150 177 161
Route #3: 38 119 126 204 110 165 52 176 211 18 114 123 135
Route #4: 53 79 93 152 121 97 105 203 7 65 57 67 43 95 45 172 58 131 83 194
Route #5: 147 82 46 50 74 88 153 137 142 118 101 63 47 41 32 36 15 162 103 140
Route #6: 3 66 132 87 80 113 99 129 144 124 125 128 112 94 102 56
Route #7: 1 29 78 122 159 189 192 196 96 12 90 40 59 23 180 81 68 10
Route #8: 207 106 210 109 185 61 86 134 163 183 136 202 197 155 6 184 214 143
Route #9: 187 199 21 42 51 111 72 27 91 16 4 170 48 148 154 141 30 44 26
Route #10: 173 156 70 71 85 120 60 168 108 130 145
Route #11: 190 31 55 92 19 2 212 127 157 35 188 11 24 84 39 178 100 133
Route #12: 69 191 117 107 73 77 75 28 22 116 179 49 17
Route #13: 89 139 104 175 174 169 160 181 206 166 167 182
Cost 133833
Time 399.868
