Route #1: 110 134 90 88 87 6 37 27 74 93 209 94 201 76 29 89 83 197 198 5 176 170
Route #2: 62 187 193 1 132 184 136 73 4 145 21 75 23 70 64 130 50 213 98 108 177
Route #3: 44 141 30 14 19 42 34 143 204 9 208 55 49 40 111 65 200 120 25 36 35 16
Route #4: 52 194 169 196 82 115 32 20 172 13 77 78 114 72 33 202 205 212 214 15 53 119 148 66 85 125
Route #5: 124 123 95 189 190 79 191 131 149 11 179 156 45 31 8 185 192 39 48 168 54 12 24 46 80
Route #6: 171 104 128 161 86 112 159 99 175 153 163 162 51 43 183 207 174 101 135 173 113 63 68 100 60 186
Route #7: 164 152 182 121 102 122 116 47 118 158 127 97 126 154 167 166 107 92 199 140
Route #8: 137 188 146 69 57 56 129 155 59 58 17 165 180 106 157 210 203 67 28 195
Route #9: 91 18 38 178 96 41 151 160 105 7 103 181 26 138 133 81 22
Route #10: 84 147 211 71 206 10 61 3 139 150 142 2 117 144 109
Cost 67883
Time 295.403
