Route #1: 222 299 342 25 300 420 287 46 121 123 35 400 187 308 313 361 199 378 396 213 178 232 230
Route #2: 202 204 294 411 193 160 17 43 148 134 90 111 76 413 412 371 414 156 101 315
Route #3: 103 73 338 314 154 185 184 240 205 80 201 33 350 191 109 144 124 186 225 224 206 273 389
Route #4: 406 408 238 141 19 257 88 189 42 352 345 159 270 86 79 276 133 112 12 164 317 373
Route #5: 296 283 197 163 102 282 198 340 292 214 63 140 341 305 94 53 278 312 194 263 220 16 310
Route #6: 309 303 295 421 27 354 417 22 40 83 89 95 138 64 92 165 47 149 190 177 69 24 419
Route #7: 122 265 349 279 45 41 415 172 118 127 236 209 195 1 335 401 31 10 174 2 252 107 9 5
Route #8: 180 268 215 218 289 298 286 320 318 211 75 284 131 297 337 49 392 368 120 271 58 407 385 74
Route #9: 171 364 175 381 145 143 136 146 50 57 56 147 388 85 87 54 77 399 409 21 44 60 32 18 11 351 333
Route #10: 15 26 291 357 246 397 34 395 405 384 365 376 339 327 353 360 358 343 119 84 235
Route #11: 319 348 386 346 372 66 23 359 326 113 336 374 416 176 142 250 114 97 135 82 324 379 363 344
Route #12: 91 81 96 108 130 264 293 132 233 234 239 153 275 266 248 110 14 329 78 68 269 55 13 331 398 391
Route #13: 301 402 226 221 70 71 65 52 155 181 216 203 274 249 316 251 277 6 183 182 212 242 241 258
Route #14: 380 370 29 139 256 3 169 247 152 244 137 168 72 369 304 179 231 290
Route #15: 192 59 173 37 322 253 228 288 217 157 321 323 117 243 362 150 99 38 267
Route #16: 355 200 210 418 237 28 161 307 347 62 48 4 281 8 61 158 410 126 98 390 223 367 332 129
Route #17: 30 272 377 115 387 280 325 261 260 245 125 162 382 356 167 7 170 166 100
Route #18: 403 311 375 394 328 67 207 306 393 39 383 196 254 330 227
Route #19: 105 262 106 93 404 188 219 20 36 51 208 104 285 259 302 255 334 229 366 116 128 151
Cost 203546
Time 723.954
