Route #1: 324 9 8 321 34 44 53 11 300 311 306 308 16 19 24 23 310 25 253
Route #2: 264 224 211 250 262 263 268 255 258 309 307 3 5 303 302
Route #3: 265 240 204 21 201 14 26 252 246 241 239 13 10 217 66 69 84 37 281 7
Route #4: 319 286 294 290 285 271 256 4 325 206 235 320 315 312 247 237 227 231
Route #5: 216 326 187 185 189 164 167 169 15 131 12 96 95 18 327 328 186 176 171 322 323 242
Route #6: 184 122 261 254 106 114 292 120 170 200 251 249 259 269 270 273 295
Route #7: 160 46 243 214 274 279 59 98 130 194 190 289 225 223 229 296 304 299 298
Route #8: 107 51 156 172 174 129 165 158 150 108 121 112 210 245 219 198 199 181 177 179 173 86
Route #9: 244 236 213 207 208 153 195 183 163 138 157 147 148 127 161 135 118 145
Route #10: 284 293 228 232 283 266 188 182 162 175 178 159 142 144 134 99 85 67 32
Route #11: 72 63 91 92 152 104 192 196 203 140 143 151 238 126 125 116 260 267 280 101
Route #12: 117 136 132 133 141 209 220 226 230 139 233 89 100 197 191 88 113 90
Route #13: 149 313 52 288 218 74 49 193 257 272 212 287 48 58 57 42 291 297 78 77 79
Route #14: 30 36 43 56 82 28 39 128 41 54 64 70 62 61 27 75 47 317 316 318
Route #15: 155 103 305 17 50 105 38 29 6 94 81 109 33 55 45 278 73 65 180 282 168
Route #16: 277 276 31 221 35 40 119 1 301 314 215 60 111 93 123 146 76 83
Route #17: 154 137 97 80 68 202 205 222 275 234 248 20 110 2
Route #18: 124 22 166 102 115 87 71
Cost 141577
Time 474.767
