Route #1: 240 251 20 33 36 22 24 52 9 34 25 229 10 16 237 230 206 205
Route #2: 228 14 249 255 250 247 221 220 209 225 178 185 212 153 141 215 213 222 158 156 188
Route #3: 252 110 235 242 174 175 173 3 177 6 208 190 254 199 19 204 80 7 29
Route #4: 191 202 23 189 194 193 187 32 149 26 115 11 90 8 5 4 253
Route #5: 160 159 161 146 121 117 128 214 210 166 224 241 201 197 196 227 238 72
Route #6: 38 87 89 135 112 186 236 203 207 40 226 74 211 179 150 145 181 155 167 169 164 172 198
Route #7: 133 127 147 144 132 126 111 165 131 154 151 122 163 136 125 88 68 42 232 218
Route #8: 95 113 79 120 93 82 76 85 81 91 108 86 114 139 140 107 97 106
Route #9: 21 184 67 239 98 57 56 39 162 47 49 43 53 77 48 27 243
Route #10: 69 66 51 102 234 176 219 70 195 200 119 168 152 134 96 148 138 94 1 137 130
Route #11: 30 45 28 63 64 35 31 17 109
Route #12: 248 180 65 118 101 123 216 44 37 183 129 246 217 2 18 41 61 55 46 12
Route #13: 223 92 233 124 116 54 100 103 192 170 171 182 143 105 60 99 84
Route #14: 71 62 75 59 58 50 83 73 157 244 231 78 13 104 15 142 245
Cost 101908
Time 636.989
