Route #1: 62 93 88 66 65 33 104 236 275 266 204 155 60 191 225 148 258 170 75 274 273
Route #2: 30 145 120 168 19 174 200 255 208 185 122 141 158 80 87 70 91 63 48
Route #3: 112 45 4 23 90 127 260 214 78 154 124 262 18 52 232
Route #4: 195 147 31 207 126 165 68 5 223 276 49 89 67 163 9 130 99 111 1
Route #5: 72 43 279 153 182 183 259 192 203 210 39 227 234 224 197 239 109 107
Route #6: 84 114 252 74 83 263 44 51 129 8 240 47 40 76 71 35 41 281 278
Route #7: 50 56 57 53 54 58 69 86 92 108 98 81 82 257 280 77 243
Route #8: 150 149 151 159 176 161 193 106 216 162 61 138 140 121 115 55 64 59 17 38
Route #9: 73 42 100 113 94 96 135 134 201 199 196 136 105 101 169 103 102 125 132 146 139 118
Route #10: 110 128 133 123 144 171 79 179 186 188 184 173 164 206 205 175 178 117 97 95 85
Route #11: 152 156 166 198 256 26 209 218 119 249 231 157 143 142 137 261 287
Route #12: 237 246 254 247 241 245 226 180 167 172 177 264 248 242 238 190 217 230 213 189
Route #13: 244 277 211 269 7 116 21 131 22 160 16 212 215 220 221 229 251 233 250 286
Route #14: 194 181 24 28 37 3 235 288 36 34 27 32 29 219 282 12 10 6 187 202 222
Route #15: 228 267 265 13 25 271 11 46 283 270 20 272 284 2 268 285 14 15 253
Cost 105256
Time 344.599
