Route #1: 27 23 235 223 217 209 147 13 53 212 129 154 164 94 197 42 123 76 83 151 90 133 156 211 171 80 108
Route #2: 215 26 179 91 69 87 75 34 220 2 233 40 144 131 68 67 177 181 41 112 49 1 191 205 12 73
Route #3: 105 44 4 183 178 16 169 111 52 143 166 47 193 8 84 59 141 222 97 159 115 174 103 186 221 92
Route #4: 198 184 189 188 196 182 170 167 137 139 116 98 219 192 99 140 206 207 138 118 190 187 203
Route #5: 168 81 213 130 185 204 175 195 160 148 226 72 109 121 225 176 127 216 122 66 201 24 199 165 36
Route #6: 162 136 210 124 145 161 142 234 146 126 135 85 43 28 107 232 11 180 21 173
Route #7: 79 17 57 70 78 95 117 150 93 158 224 163 14 172 194 114 208 88 128 32 37 45 15 56
Route #8: 157 106 96 218 74 65 62 48 89 63 54 60 61 58 77 100 101 230 134 125 231
Route #9: 22 55 46 25 51 50 31 228 229 110 20 30 19 33 152 202 39 120 149 155 153 86
Route #10: 35 214 64 82 71 38 102 3 104 10 200 9 113 119 132 7 5 29 18 6 227
Cost 87881
Time 331.23
