Route #1: 95 69 225 164 160 79 38 101 19 58 63 179 104 27 151 111 99 163 184 42 126 78
Route #2: 180 117 112 116 13 108 8 18 34 76 203 120
Route #3: 215 74 107 147 183 11 4 23 22 14 91 26 133 140 159 88 230 190 195 234 220 162
Route #4: 177 15 97 231 216 202 36 214 6 224 182 169 32 102 130 113 191 62 21 37 30 57 54
Route #5: 156 237 122 39 149 119 146 173 2 67 166 185 135 145 96 170 60 150 129 7
Route #6: 110 155 154 66 200 209 64 29 47 118 199 138 134 80 61 132 50 46 131 233 181 56 82 187
Route #7: 106 93 223 68 70 71 48 178 222 17 142 35 73 28 211 213 137 87 196 228 188
Route #8: 75 217 198 51 25 1 44 165 208 175 168 9 193 84 148 59 65 218 100 205 33
Route #9: 49 221 125 43 55 158 176 16 5 90 136 232 40 41 20 123 31 109
Route #10: 144 204 10 12 52 139 103 226 86 3 98 85 152 201 197 206 72 127 157 189
Route #11: 94 174 114 81 236 121 105 143 171 24 229 92 186 210 194 83 172 167 192 212 128 53 141 235
Route #12: 161 207 153 45 77 124 227 89 219 115
Cost 70353
Time 210.54
