Route #1: 189 102 105 208 87 153 132 203 39 181 182 196 82 98 5 174 168 65 165 134 179 162 184 195
Route #2: 213 41 81 44 25 22 201 137 28 59 207 206 197 110 46 104 101 133 96 188 52
Route #3: 100 121 43 169 194 84 204 29 177 115 83 80 127 183 126 76 166 78 56 33 7 8
Route #4: 180 55 47 112 72 131 42 6 62 18 17 175 10 212 51 176 171 173 49 53 74 86 19 85
Route #5: 57 99 95 63 79 75 15 45 94 54 50 161 136 11 27 24 198 209 202 129 92
Route #6: 210 149 154 164 152 157 144 21 146 140 172 36 135 120 119 77 71 12 37 38 125 93 139 116 91 114 34 193
Route #7: 106 186 109 60 64 73 148 160 32 170 211 2 147 178 200 185 191 192 214 26 143 23
Route #8: 90 68 31 123 88 205 167 155 138 159 158 145 113 156 190 89 107 122 13
Route #9: 97 141 30 35 16 163 117 108 3 151 150 70 9 128
Route #10: 118 66 130 124 103 142 20 69 187 111 40 58 61 67 14 48 1 199 4
Cost 67781
Time 583.727
