Route #1: 245 249 130 92 22 225 93
Route #2: 106 129 226 432 11 191 140 160 98 284 16 341 307 188 181
Route #3: 420 468 206 294 319 99 332 86 433 3 144
Route #4: 46 381 460 101 257 113 242 171 308 278 356 159 440 110 337 336 398 201 90 435 128 455 259 165 463
Route #5: 30 57 69 7 218 442 143 87 208 196 193 32 222 409 348 157 293 412 41 180 248 42 38
Route #6: 380 280 316 454 61 291 434 320 219 28 220 67 247 55 326 155 339 15 304 448
Route #7: 147 252 71 170 59 437 266 134 329 246 236 431 265 469 78 126 45 186 389 292 371 121 224 73
Route #8: 240 75 8 104 400 466 81 35 426 299 464 65 138 273 123 366 287 372 2 465 342 76 338 62 109
Route #9: 175 142 94 272 285 256 100 21 421 376 173 213 111 467 166 36 48 250 377 373 456 317 419 24
Route #10: 102 418 306 296 261 383 392 115 311 333 221 207 305 258 233 234 241 151 288 167 84 277 116
Route #11: 12 302 408 414 43 355 350 40 394 415 56 267 451 262 295 425 172 27 449 459 290
Route #12: 23 131 177 390 154 235 260 203 37 63 453 362 66 328 312 334 458 301 351
Route #13: 410 271 430 88 204 53 255 254 146 413 289 125 401 424 411 80 387 283 13 49
Route #14: 176 33 327 118 228 107 402 10 223 192 361 190 269 447 276 200 25 391 197 344 323 429
Route #15: 114 357 137 243 50 205 457 445 368 14 18 360 428 331 388 91 436 150 239 231 340 399 148
Route #16: 343 364 189 44 117 198 39 349 136 103 105 9 441 89 153 251 210 120 264 211 438 370
Route #17: 141 446 403 152 286 417 325 244 363 5 133 214 359 227 179 444 122 282 183 346 178 127
Route #18: 96 367 347 74 212 450 281 313 322 58 358 237 443 382 253 31 345 29 439 279 330
Route #19: 423 54 135 17 352 77 374 83 82 26 1 298 378 385 47 182 72 34 405 184
Route #20: 174 274 124 187 407 303 386 64 270 52 427 209 132 185 216 79 164 397 462
Route #21: 229 315 169 321 232 263 375 406 379 275 354 404 68 365 452
Route #22: 85 161 318 369 215 199 163 393 300 314 230 19 217 324 158 6 268 108 335 97
Route #23: 470 461 194 396 353 168 119 145 310 195 202 309 112 162
Route #24: 60 70 51 422 4 20 297 95 238 156 395 149 139 416 384
Cost 259390
Time 802.644
