Route #1: 111 263 115 60 179 95 219 243 156 120 250
Route #2: 201 32 104 218 192 9 66 126 78 193 98 119
Route #3: 113 1 108 59 133 117 30 237 211 186 223
Route #4: 217 196 61 76 175 162 159 140 233 143 222 146 164 103 194 13 150 244 14
Route #5: 7 40 64 106 241 234 261 155 262 144 79 123 110 232 27 157 168 260 259 37 87 167
Route #6: 226 215 46 158 10 161 220 214 208 145 24 172
Route #7: 43 182 227 47 54 72 73 71 116
Route #8: 188 183 58 240 206 96 184 141 92 204 149 128 29 38
Route #9: 239 28 2 205 248 130 62 185 57 213 48 195 93 94 255 41 249 148
Route #10: 257 202 102 190 225 11 12 34 198 127 112 135 36 230 203 56 197 82 67 245 15 142 99 86 212
Route #11: 4 163 100 216 121 89 170 209 16 191 101 153 122 44 176 169 22 19
Route #12: 152 118 231 45 210 151 23 68 177 134 42 75 84 53 85 63 55 90
Route #13: 70 49 224 235 125 139 166 8 236 229 97 137 114 242 105 189 251 171
Route #14: 69 160 246 187 252 178 124 20 21 238 180 50 107 200 129 136 5 147 25 207 132 3 17
Route #15: 181 165 254 26 258 81 199 253 77 65 18 83 131 80 91
Route #16: 247 88 154 33 109 6 228 51 256 35 31 52 138 221 173 39 174 74
Cost 177133
Time 226.314
