Route #1: 99 118 133 142 172 171 174 5 269 205 257 222 225 214 218 220 200 197 190 176 163 162 158 59
Route #2: 7 244 243 12 251 252 253 100 245 60 19 15 92 223 185 211 215 260 240
Route #3: 232 236 8 259 11 256 20 10 9 267 203 207 202 195 16 234 3 22 21 6 270 242
Route #4: 58 63 24 148 194 191 56 38 51 70 68 83 67 102 117 178 201 248
Route #5: 246 268 126 86 87 57 28 17 263 217 265 139 81 261 2
Route #6: 181 149 192 224 14 26 48 55 66 79 75 73 88 94 135 229 64 186 227 228 41 46 27 127 125
Route #7: 47 39 113 115 101 54 208 154 151 264 104 103 29 4 262 198 50 23 53 122 231
Route #8: 42 43 258 35 1 44 52 45 247 32 13 62 61 170 65 266 49 36 34 33
Route #9: 98 96 91 78 80 90 107 106 112 109 134 141 140 146 138 82 77 74 85 40 30
Route #10: 124 111 110 69 155 156 145 175 204 95 93 18 206 84 97 173 105 143 114 123 25
Route #11: 241 212 147 157 238 108 89 249 255 254 31 237 221 37 210 166 196 164 250 119 153 239 180
Route #12: 72 76 120 116 169 152 129 128 159 168 183 167 177 161 131 165 150 136 71
Route #13: 233 213 216 209 199 193 189 219 230 235 144 132 130 226 160 187 188 137 182 184 121 179
Cost 98586
Time 699.855
