Route #1: 327 212 13 229 36 39 68 102 111 328 325 179 222 205 217 218 16 19 223 232 261
Route #2: 293 210 292 195 9 14 12 23 21 263 339 267 300
Route #3: 290 318 25 48 257 192 191 41 134 142 137 299 283
Route #4: 262 284 109 165 189 252 107 250 258 245 227 181 213 153 157 154 228 203 185 280
Route #5: 270 294 80 184 331 334 226 169 162 251 289 240 234 312 296
Route #6: 8 11 91 194 271 110 42 96 26 81 193 85 236 55 89
Route #7: 219 66 67 182 247 152 255 264 176 265 233 333 63 329 316 295 106 288 225 282 307
Route #8: 332 338 56 216 259 20 51 57 145 97 33 337 330 301 209
Route #9: 275 161 304 324 201 244 35 128 115 108 314 320 126 319 136 118 117 148 163 59 60
Route #10: 84 175 98 100 173 49 52 61 38 200 186 187 211 158 18 64 315 62 73 183 298 285
Route #11: 44 302 30 123 95 112 143 140 124 133 53 171 308 160 43 167 155 94 7 6 32
Route #12: 168 138 220 238 323 274 4 24 65 83 93 231 86 235 266 253 256 149 116 156 272 243 78
Route #13: 101 224 230 260 287 5 103 313 309 17 82 88 120 248 29 104 114 113 87 50 72 159
Route #14: 326 190 119 129 269 27 305 34 303 10 254 249 239 172 1 146 147 135 70
Route #15: 246 268 130 22 46 199 215 37 297 74 322 31 105 40 242 276 273 277 278 197 28 198
Route #16: 77 196 99 221 151 188 58 180 69 279 75 174 76 311 241
Route #17: 125 71 132 170 127 92 131 141 3 15 202 204 79 54 321 281 2 90 237 335 336 208
Route #18: 291 139 306 206 207 310 317 164 177 121 144 178 122 214 286 166 150 45 47
Cost 191583
Time 1038.57
