Route #1: 648 137 32 4 158 33 246 64 221 220 564 19 183 305 506 573 93 34 608 455
Route #2: 37 75 200 553 344 362 419 349 633 468 224 82 346 13 225 555 80 428 154 483 94 62 9 342 352
Route #3: 29 606 108 24 649 520 626 345 561 488 437 486 477 223 227 279 519 496
Route #4: 194 40 210 182 201 111 36 106 429 258 235 262 120 306 148 548 91 147 105
Route #5: 375 476 487 316 469 7 47 163 399 580 214 619 378 228 284 584 320 21 467 541 155
Route #6: 109 450 343 363 431 333 304 204 302 499 274 245 402 459 451 481 244 360 89 90 141 43
Route #7: 236 257 518 153 634 409 480 267 374 454 110 76 425 635 276 31 522 280 298 131 581 72 397 92 525
Route #8: 146 63 560 554 559 434 348 569 291 318 544 577 41 422 368 101 57 644 269 211 301
Route #9: 448 290 97 18 598 143 71 386 54
Route #10: 289 178 299 45 58 620 85 494 325 441 527 590 398 22 597 582 181 442 400
Route #11: 460 524 474 558 42 16 150 319 230 52 46 6 313 157 174 142 493 511 592 350 572 613 556 121
Route #12: 563 188 169 49 535 589 438 614 567 199 135 498 604 383 466 129 504 250 372 603 277
Route #13: 470 83 539 510 478 566 249 542 175 242 28 113 334 125 585 424 8 162 631 379 389 292 502 549 99 367 215
Route #14: 403 212 288 578 140 65 130 449 213 565 255 103 172 387 412 60 67 435 532 540 139
Route #15: 79 171 151 643 128 259 338 123 12 50 252 66 77 591 574 618 95 557 138 273 251
Route #16: 646 218 282 68 2 621 491 170 579 514 458 240 364 356 270 303 293 286 340 53 530 102
Route #17: 377 588 393 515 173 275 446 70 78 145 297 357 624 552 160 358 48 647 395
Route #18: 205 447 538 243 69 126 124 607 537 198 533 26 623 390 534 248 617 394 11 479 432
Route #19: 310 650 526 195 10 436 427 127 217 207 495 596 300 219 231 104 44 261 118 508
Route #20: 238 562 640 536 433 586 407 311 308 136 443 315 492 354 161 337 206 371 86 149 382 233
Route #21: 440 247 134 326 107 339 265 571 355 497 222 408 642 321 465 472 159 15 501 471 193 165 380 119
Route #22: 361 341 381 51 602 263 531 177 575 88 115 1 27 482 384 490 164 234 332 439
Route #23: 5 420 641 314 630 637 610 98 216 401 191 418 55
Route #24: 23 229 61 278 430 599 453 20 463 132 3 209 25 312 366 475 260 583 396 365
Route #25: 39 629 295 516 406 405 413 410 133 84 550 587 373 622 187 444 500 523 609 376 636
Route #26: 456 167 317 309 546 616 421 628 203 327 116 611 426 392 570 197 112 323 512 347 517 253 226
Route #27: 568 73 190 489 335 545 615 417 505 184 87 294 56 528 324 385 186 285 388 74 208 461 462 30
Route #28: 192 351 122 241 595 625 600 14 336 551 328 645 296 445 176 513 239 307
Route #29: 370 457 114 268 152 264 35 266 473 485 196 117 96 202 415 359 331 256 272 353 232 281 484
Route #30: 632 594 156 423 638 593 464 452 189 329 612 639 100 601 369 38 521 543 254 330 17 627 411
Route #31: 391 81 287 547 283 180 168 414 59 237 576 529 322 605 144 404 271 509 507 416 179 166 185 503
Cost 327011
Time 1145.88
