Route #1: 268 240 233 334 234 208 193 155 301 166 229 209 206 207 232 336 269 270 317 267 205 235 245 160
Route #2: 307 306 290 323 150 241 272 330 6 320 161 204 38 103 375 297 148 224 147 275
Route #3: 365 349 163 28 310 230 130
Route #4: 176 380 366 200 107 211 192 177 165 216 128 347 129 183 184 55 12 156 325 308 305 295 78 265 321
Route #5: 239 210 218 219 125 113 85 49 23 363 360 355 26 353 22 58 64 100
Route #6: 21 351 217 277 346 333 369 367 35 101 201 322 121 48 70 71 66 59 87 102 52 33
Route #7: 327 288 104 343 287 72 119 13 289 303 37 170 273 89 106 271 154 373 315
Route #8: 227 191 342 112 352 109 16 25 36 157 228 300 258 167 149 332 356 361 359 281 173 242 39 338
Route #9: 266 82 86 364 368 24 47 143 180 202 83 255 226 138 158 56 137 111 377 127 146 178 212
Route #10: 256 260 249 231 99 62 151 61 42 195 350 294 95 299 264 169 175 203 378 20 164 179 214 278 279 329 97 34
Route #11: 285 81 280 186 372 105 282 340 115 293 189 76 98 188 120 379 68 284
Route #12: 9 94 122 108 319 251 250 298 152 358 337 302 5 96 341 174 198 15 261
Route #13: 142 75 159 222 43 136 331 172 133 185 145 257 244 381 10 292 283 221 345 126 296 92 67 141 3 18
Route #14: 263 312 196 17 237 88 80 50 40 114 14 339 194 335 51 259 182 4 30 118
Route #15: 46 181 116 11 140 117 132 311 2 53 215 328 190 8 286 32 238 54 252 79
Route #16: 247 225 171 309 63 45 90 65 243 253 276 19 262 246 291 370 162 371 324 168 220 44
Route #17: 60 223 74 153 123 41 69 73 197 91 304 199 144 313 354 124 139 84
Route #18: 326 314 1 93 254 318 7 357 31 213 131 57
Route #19: 135 29 274 110 77 236 248 134 374 376 348 344 27 187 316 362
Cost 129610
Time 561.752
