Route #1: 94 128 92 314 368 360 395 168 91 269 239 311 276 257 123 488 93 469 456 467 484 408 496 290
Route #2: 141 71 303 103 84 199 73 382 53 56 472 184 15 113 411 487 145 68 74 125 6
Route #3: 178 173 95 134 373 80 58 177 196 54 87 43 25 226 232 115 437 486 495 499
Route #4: 447 267 57 111 21 12 332 352 405 418 384 339 455 424 139 319 428 442
Route #5: 422 14 157 272 120 344 13 454 409 227 470 265 151 448 412 406 132
Route #6: 55 410 436 337 219 420 48 423 296 221 398 228 167 260 425 432 31
Route #7: 341 363 369 407 160 483 421 427 218 317 131 142 67 431 383 371 419 117 99 477 485
Route #8: 473 498 401 402 34 88 182 350 435 156 147 385 331 292 278 478 237 36
Route #9: 37 38 430 255 116 101 230 333 210 164 224 217 188 170 149 59 433 323 60 143 180
Route #10: 105 300 345 413 187 458 124 122 69 90 102 465 213 466 153 172 2 223 208 202 316 302 291
Route #11: 79 308 310 137 274 329 263 297 107 106 77 380 351 242 243 211 248 24 254 438 7 494 96
Route #12: 183 83 154 189 222 75 152 247 258 212 41 235 289 283 282 281 112 155 309 171 238 294 138 118 315
Route #13: 204 330 165 244 251 206 30 386 392 379 389 387 388 328 9 326 353 367
Route #14: 457 133 130 5 493 490 439 78 426 148 3 192 63 127 376 452 29 85 471 318 266 136 33
Route #15: 193 441 62 10 313 35 20 245 197 126 22 185 277 181 86 44 18 162 215
Route #16: 214 233 110 203 262 378 366 361 161 169 175 146 163 174 357 356 194 207 348 176 240 121
Route #17: 231 304 312 306 158 336 347 440 150 4 104 191 109 108 119 374 159 65 275
Route #18: 97 220 261 273 450 268 11 28 393 225 1 463 492 443
Route #19: 416 299 288 320 190 144 89 81 98 236 307 444 400 287 135 46 27 40 229 271 298
Route #20: 375 397 295 129 66 49 377 246 16 166 479 250 264 293 491 489 195 497 252 216 475 474
Route #21: 279 284 301 270 17 201 462 390 179 362 370 186 52 32 140 453
Route #22: 338 322 364 349 346 417 446 459 464 343 394 114 482
Route #23: 415 429 342 396 372 355 321 354 359 358 19 51 50 47 42 305 249 280 8 286 26 327 461 434
Route #24: 445 256 476 209 61 64 45 70 82 285 365 391 381 76 403 100 399 200 451 414
Route #25: 460 480 198 404 234 253 468 449 340 335 334 325 481 324 23 259 39 205 241 72
Cost 263119
Time 1624.97
