Route #1: 255 203 177 218 111 136 125 133 159 206 202 182 79 78 101 103 104 256 105 201 175 172 166
Route #2: 137 162 47 50 179 181 67 194 184 92 165 65 59 63 130 163 53 1 88 57 97 102 110 108 219
Route #3: 64 87 117 106 112 214 123 222 257 139 304 113 132 293 127 138 250 207 178 129
Route #4: 9 24 8 283 273 253 239 263 233 232 227 297 168 278 173 176 192 164 154 155 149 150 151
Route #5: 216 213 230 234 235 237 242 244 245 7 12 15 22 43 284 34 33 35 267 241 229
Route #6: 21 44 285 68 262 197 208 91 54 52 264 39 280 288 27 25 122 295 298 287 228 209
Route #7: 4 198 225 236 240 224 254 265 258 275 274 268 276 270 296 243 249 231 223 220 196 6
Route #8: 109 279 142 301 99 96 69 75 42 16 61 282 299 302 286 303 199 80 261 153 118 135 260
Route #9: 277 90 10 60 290 266 246 247 183 189 204 212 18 5 95 48 41 116 26 77 84
Route #10: 49 86 272 100 131 281 36 188 215 169 205 3 121 271 195 160 81 13
Route #11: 251 46 93 55 72 38 98 120 161 56 70 170 124 30 119 85 83 305 126 174
Route #12: 94 193 37 31 186 187 66 76 107 51 134 58 300 89 32 185 191 190 145
Route #13: 148 147 171 19 141 115 114 82 74 40 289 226 221 238 252 292 45 17 14 217 248 158 211 180 210
Route #14: 167 156 20 11 294 73 140 2 269 143 62 259 152 144 146 128 29 23 71 28 200 157 291
Cost 142626
Time 354.5
