Route #1: 243 14 16 34 272 12 95 27 17 251 266 241 220 219 271 195 247 238 229 231
Route #2: 94 7 164 190 18 22 9 81 57 58 210 26 224 24 21 30 267 13 269 262 257 206
Route #3: 239 223 203 189 181 236 235 237 150 168 244 246 252 165 170 180 254 240 245
Route #4: 202 205 255 176 171 158 154 242 233 131 117 253 250 261 96 15 5 3 6 268 226
Route #5: 125 146 143 147 142 152 149 132 167 162 161 201 194 178 197 183 188 163 193 191 68 155 138 127
Route #6: 218 221 217 216 199 179 173 133 177 145 137 130 156 151 128 134 124 91 54
Route #7: 123 139 116 175 157 200 215 108 1 234 232 106 172 166 93 160 112 113 92 99 31
Route #8: 32 76 55 59 62 115 105 88 74 85 100 102 136 129 89 119
Route #9: 209 211 60 84 87 169 213 97 37 135 19 20 204 214 198 41 43 11 263 49 259
Route #10: 208 207 196 10 4 64 63 79 29 90 66 51 50 56 86 83 72 65 70 182
Route #11: 228 186 114 28 46 44 126 2 148 174 122 121 40 104 98 23 69 260 42 52 273
Route #12: 270 77 256 35 36 39 192 144 248 227 153 8 25 265 103 230
Route #13: 120 141 187 212 222 38 109 78 107 33 225 184 185 159 118 140 71 80 53
Route #14: 111 110 73 67 61 249 258 45 82 101 264 75 47 48
Cost 99169
Time 364.247
