Route #1: 183 173 34 131 219 320 40 151 106 91 94 268 117 81 12 271 15 260 269 171
Route #2: 98 92 130 141 137 158 168 198 318 113 62 80 72 108 47 362 274 166 38 100
Route #3: 133 25 116 93 353 361 227 112 358 326 248 327 262 194 35 245 237 110 145 82 148
Route #4: 263 122 279 109 246 107 345 21 128 306 129 228 191 185 175 142 119 136 18 188 174
Route #5: 247 135 295 159 178 280 161 313 88 256 37 67 172 311 17 68 73 356 304 265 222
Route #6: 157 200 223 201 207 229 71 314 226 233 284 259 276 277 193 167 333 293 180
Route #7: 290 255 69 99 16 300 89 1 164 156 184 204 205 217 218 138 266 250 294 206 299
Route #8: 328 132 281 240 336 357 189 114 102 75 51 202 312 220 97 2 54 182 190 214 231 90 77
Route #9: 177 58 60 239 241 46 57 64 221 84 63 55 36 216 236 258 252 234 253
Route #10: 105 244 287 23 272 181 251 254 267 101 152 143 126 118 154 224 186 33 208 235 150
Route #11: 29 48 26 359 215 124 209 203 146 127 120 121 103 104 144 85 86 111 225 123 249 230 153 140
Route #12: 56 115 242 257 195 162 163 278 160 176 179 321 322 170 169 340 342 165 339 155 149 134 139 332 323
Route #13: 125 147 199 212 232 305 347 283 285 338 325 291 307 292 288 352 22 211
Route #14: 238 273 296 309 315 282 329 331 335 348 302 298 8 310 7 14 341 343 31 5 355 308 316 303 11
Route #15: 9 301 3 70 28 30 6 10 43 53 49 346 95 360 24 27 44 61 13 59 52 334 50 330 289
Route #16: 83 32 192 20 275 270 261 19 96 87 39 363 297 187 196 74 213 337
Route #17: 243 350 4 324 317 264 286 319 197 344 349 351 354 79 66 65 41 42 78 45 364 76 210
Cost 174916
Time 569.742
