Route #1: 314 324 86 186 149 154 166 171 163 140 74 219 164 156 312 80 44 98 13 289 199
Route #2: 223 188 240 66 215 70 175 124 134 157 162 170 115 122 128 117 144 150 174 160 159 167 89 108
Route #3: 196 230 218 207 268 31 158 296 200 24 233 210 138 75 97 146 96 246 19 165 226 228 191 212 113 195
Route #4: 107 36 109 168 192 28 82 91 141 213 59 4 79 71 69 292 39 311 281 48 29 176
Route #5: 264 16 42 290 50 47 51 270 22 185 242 120 87 5 1 12 43 225 73 129 310 325 37 285
Route #6: 234 291 254 252 318 271 272 276 262 263 267 283 284 259 202 301 269 20 46 57 14 330 34
Route #7: 33 313 7 316 65 77 72 67 68 61 328 41 321 297 279 303 317 260 238 280 224 245
Route #8: 274 8 110 26 126 30 27 95 94 21 18 23 53 15 9 327 323 309 302 258 250 253 261
Route #9: 286 331 180 118 235 239 265 244 243 329 249 2 10 17 25 38 307 304 295 305 32 60 6 251
Route #10: 282 287 155 273 278 288 298 306 142 139 326 127 133 293 131 130 294 99 255 232 257 256 81 248 247
Route #11: 332 241 198 203 214 85 35 204 148 236 147 143 145 151 153 152 277 275 315 11 320 123 300 114 125 227
Route #12: 266 220 182 322 308 189 119 106 105 116 172 319 229 222 221 208 209 194 177 173 169 217 216
Route #13: 136 132 135 92 93 137 184 112 100 161 84 76 183 187 211 206 52 179 178 49 181 299 231
Route #14: 45 205 201 193 54 197 56 190 40 64 3 63 121 88 111 103 104 101 83 102 78 62 58 55 90 237
Cost 145316
Time 782.07
