Route #1: 264 354 351 402 320 57 227 124 326 309 391 74 251 3 288 253 129 44 425 400 210
Route #2: 102 422 364 240 383 61 418 144 8 9 126 204 194 27 50 312 289
Route #3: 257 282 434 159 396 48 437 363 352 108 83 99 220 202 276 432 211 401 356 413 310 170
Route #4: 241 259 273 336 348 430 439 24 291 393 117 139 70 231 218 140 201 286 359 381
Route #5: 290 152 225 216 54 345 254 105 435 397 428 436 370 69 234 207 56 131 82 127 97
Route #6: 187 158 278 29 455 136 12 457 176 196 20 79 47 81 238 299 424 449 228 346 301 91 78 395
Route #7: 137 122 317 237 41 232 256 161 329 341 280 265 431 417 208 4 376 244 149 420 250 235 266 23
Route #8: 419 361 306 5 295 180 16 260 270 293 304 339 167 398 389 111 73 421 285 92 375
Route #9: 11 115 43 88 229 447 93 410 411 154 199 374 387 340 95 143 233 343 371 388 162 319 183 2 386
Route #10: 32 200 316 384 31 224 426 255 414 141 188 412 77 94 365 160 198 145 394 90 267
Route #11: 128 13 101 456 239 130 297 86 66 408 444 169 405 51 37 355 261 349 153 80 335
Route #12: 219 156 53 197 427 120 147 249 214 163 268 142 76
Route #13: 272 98 40 150 38 63 6 281 22 366 377 212 15 113 192 454 168 182 109
Route #14: 67 193 338 373 269 104 452 378 342 307 135 100 45 247 186 423 35 275 263 189 89 245 223 283 271 203 315
Route #15: 58 308 46 59 19 372 311 172 321 258 284
Route #16: 166 369 221 438 110 36 49 10 368 34 332 262 404 191 213 217 433
Route #17: 230 334 177 184 195 409 62 14 415 350 28 138 453 274 116 382 1 416 64 121 324 379 451 318 164
Route #18: 106 25 148 252 327 33 146 55 322 68 441 85 446 71 358 39 226 314 248 302 333 17 206 215
Route #19: 65 303 123 292 296 323 236 96 243 205 246 119 165 18 300 380 174 403 385 279 305 407 406 171
Route #20: 357 179 277 242 209 133 125 26 344 185 429 362 367 175 30 155 173 87 360 337 298 440 330
Route #21: 448 178 114 222 390 445 313 84 112 103 325 294 21
Route #22: 60 353 42 347 52 287 442 392 118 72 132 75 399 157 7 331 443 181 151 190 328 450 107 134
Cost 241923
Time 388.167
