Route #1: 183 213 218 204 1 162 279 94 118
Route #2: 127 150 175 234 235 102 30 309 255 78 136 87 219 36 45
Route #3: 53 35 5 209 70 16 56 202 268 149 206 184 138 74 144 71 233
Route #4: 38 231 163 129 176 124 256 173 210 62 207 164 13 115 284 240 266 17 24 282 117 142
Route #5: 250 51 139 307 134 195 290 69 227 83 161 22 80 104 10 158 245
Route #6: 81 177 73 12 199 296 119 137 191 254 121 77 226 107 216 246 222 122 6 217
Route #7: 238 54 185 182 39 97 65 287 63 273 244 261 189 251 247
Route #8: 112 271 130 135 156 41 263 18 31 15 155 113 89 300 187 160
Route #9: 109 2 19 174 9 125 228 110 105 283 236 44 223 257 276 66 40 186 242 85 86 220
Route #10: 28 172 221 34 91 293 305 79 272 281 32 145 33 100 92 99 37 29 143 60 304 116
Route #11: 264 181 170 4 3 294 215 133 48 269 301 23 280 64 229 196 205 88 275 241 96
Route #12: 179 192 274 178 171 197 270 267 288 58 108 203 225 265 297 50 49 230 188 237 306 84 43 132 278 232
Route #13: 98 212 157 67 258 224 167 8 95 146 7 239 165 285 249 52 200 151 169 168 208 153
Route #14: 190 308 154 75 291 72 106 277 46 252 57 114 90 123 103 101 82 286 131 141 295
Route #15: 248 289 140 59 302 193 166 76 152 180 20 259 292 11 55 120 299 93 211 126 42 194 26
Route #16: 14 27 198 61 201 21 148 298 147 303 262 47 260 68 214 111 243 253 128 159 25
Cost 176891
Time 301.462
