Route #1: 248 50 250 279 227 95 190 217 138 123 162 84 163
Route #2: 97 75 223 9 296 284 125 57 277 3 124 113 301 18 251 141 111
Route #3: 23 263 173 51 116 117 205 245 191 66 1 93 214 242 128 196 237
Route #4: 221 253 16 211 281 208 201 96 267 132 268 282 40 41 285 53 204 8 109 235 203 293 254 100
Route #5: 176 28 135 195 78 98 38 94 184 26 212 154 146 298 213 131 99 126 47 46 71 151 271
Route #6: 65 13 188 255 252 286 86 87 61 260 29 264 199 35 4 90 158 148 36 68 224 42 105
Route #7: 14 210 32 287 64 91 295 174 69 233 55 144 145 177 249 21 24 80 130 161 156 48
Route #8: 280 76 168 101 137 216 297 262 256 289 147 107 239 294 187 198 229 261 153 185 265 133
Route #9: 299 120 5 241 189 37 197 246 243 160 44 39 230 33 232 257 170 228 247 149 12 15 31 58
Route #10: 186 222 10 159 43 127 27 276 288 6 169 34 45
Route #11: 30 172 54 72 106 192 179 290 92 115 259 103 102 74 67 272 56 17 20 218
Route #12: 300 215 63 274 73 270 79 236 139 155 209 142 269 85 231 178 11 88 292 200
Route #13: 193 129 278 122 225 104 181 283 240 164 114 202 206 59 152 22 110 207 2
Route #14: 143 219 167 220 244 166 165 182 226 194 150 275 175 121 82
Route #15: 119 62 157 49 136 70 83 134 108 7 180 19 81 52 60 171 140
Route #16: 266 238 273 118 183 258 302 291 77 25 89 112 234
Cost 132064
Time 280.298
