Route #1: 155 35 55 48 158 31 229 19 20 21 12 13 199
Route #2: 236 226 318 189 14 221 240 64 243 59 44 51 23 296 266 259
Route #3: 183 242 216 230 166 218 152 173 116 238 239 147 244 289 311 15 329
Route #4: 43 60 54 47 28 245 306 220 204 237 196 8
Route #5: 39 314 165 247 161 142 149 79 76 74 68 33 16 30 213
Route #6: 111 42 130 250 4 121 50 37 217 326 227 190 254 308 323 317 302 160 77 284 312 315 320 201
Route #7: 262 271 45 151 179 207 233 322 62 57 202 81 118 139 69 269 274
Route #8: 249 290 299 95 97 295 66 313 279 287 94 96 268 261 192 241 203
Route #9: 105 260 288 257 258 145 106 22 122 108 272 310 138 137 82 89 212 119 234 99 157
Route #10: 270 67 267 86 232 225 231 176 255 253 9 41
Route #11: 319 91 124 187 177 265 300 65 53 208 280 182 32 123 26 46 276 52 29
Route #12: 58 80 120 140 146 162 163 141 78 100 112 101 70 178 144 85 40 10 11 205 24 209 131
Route #13: 132 125 34 72 1 193 168 84 5 154 328 303 304 305 148 7 293 185 214 156 109 292
Route #14: 164 281 301 188 49 75 107 110 36 115 61 103 104 129 2 88 297 56 298 134
Route #15: 126 83 159 136 113 198 73 25 38 92 135 133 150 222 143 181 6 282 102 210
Route #16: 184 195 170 223 251 117 191 18 98 71 263 273 307 169 3 153 127 277 264 275 128
Route #17: 228 285 294 286 194 200 87 278 90 321 167 327 180 324 197 63 27 309 325 291 215
Route #18: 211 114 93 172 186 256 248 252 219 316 175 171 174 206 17 235 224 246 283
Cost 194189
Time 346.353
