Route #1: 100 285 209 175 63 274 195 347 228 205 249 330 298 304 51 13 250 197 309 143
Route #2: 136 67 48 126 331 183 6 278 277 190 281 189 181 59 56 320 246 272 174
Route #3: 105 155 130 80 102 182 45 1 299 46 322 7 289 206 23 348 107 89 291 329
Route #4: 28 3 215 87 17 229 213 163 37 169 259
Route #5: 150 24 82 71 173 103 303 196 294 267 286 240 342 69 238 236
Route #6: 239 256 280 328 8 109 61 260 164 338 147 297 332 131 128 237 282 88 202 166 91 54 188 204 263
Route #7: 313 258 279 95 262 311 77 191 124 157 270 40 42 314 220 226 248 114 74
Route #8: 153 152 261 214 244 9 34 158
Route #9: 16 35 159 290 75 217 207 349 115 142 167 273 168 148 12 306 235 283 312
Route #10: 287 41 271 66 251 133 255 21 165 149 337 112 177 305 36 62 106 336 29 185 232 97
Route #11: 57 117 52 68 145 295 275 72 26 345 266 227 344 111 194
Route #12: 84 171 14 99 324 201 340 208 43 64 127 85 222 160 341 50 33 315 253 321 146 247
Route #13: 346 254 333 86 81 73 144 116 101 319 2 216 198 317 49 180 296 140 113 243 76 245
Route #14: 276 200 339 27 172 269 139 121 203 132 20 318 343 212 110 15 94 141 96 257 323
Route #15: 83 22 39 44 119 334 327 316 55 224 223 187 135 58 38 211 129
Route #16: 264 186 233 4 302 120 123 70 225 241 242 108 18 137 60 178 199 79 31
Route #17: 92 335 234 47 231 179 154 125 98 138 151 78 122 325 134 156 252 5 221
Route #18: 192 162 32 288 326 104 301 310 19 300 193 219 25 230 118 307 210 11 30
Route #19: 184 176 265 292 10 65 284 268 218 93 293 308 53 90 161 170
Cost 209131
Time 245.426
