Route #1: 92 36 198 174 286 291 175 29 19 20 208 88 59 221 150 51
Route #2: 167 149 94 216 64 89 265 202 190 189 32 110 263 173 83 302 276 270
Route #3: 81 194 303 151 272 107 162 152 259 131 220 98
Route #4: 71 298 308 61 165 169 186 306 128 196 77 320 96 142 134 247 73 62 289
Route #5: 135 69 108 57 91 101 283 328 253 273 182 109 229 318 279 294 199 158 155 139 113
Route #6: 192 232 181 284 236 264 251 78 301 124 90 210 227 207 248 157 75 257 285 326 288
Route #7: 3 28 45 132 233 178 40 252 145 99 293 65 44 258 262 187 300 148 325 12
Route #8: 278 249 130 240 314 153 217 123 126 125 72 8 116 319 241 267 144 147
Route #9: 177 21 160 282 67 102 97 211 9 204 34 164 26 218 60 234 85
Route #10: 112 127 225 226 275 52 305 56 53 239 7 188 269 5 224 33 95 82 22 43 10 25 137 238
Route #11: 93 311 296 74 304 104 201 324 312 133 115 214 118 244 143 310 14 103 179 180 50
Route #12: 100 172 121 48 203 287 41 58 136 138 140 299 146 274 295 105 54 47 307 171 141 268 163 316
Route #13: 154 79 117 235 313 63 68 170 2 37 323 205 327 237
Route #14: 222 159 321 290 55 176 200 129 254 76 250 191 119 206 242 111 46 106 1
Route #15: 271 30 86 42 161 195 122 197 66 16 219 193 15 166 266 246 156 292 228 212 315 297 49 31 24 281
Route #16: 11 243 213 120 87 84 184 168 13 114 309 70 209 223 215 23 261 6 322 183 17 231 4 280
Route #17: 185 27 18 317 230 256 277 260 35 245 255 39 38 80
Cost 143718
Time 390.528
