Route #1: 189 68 209 232 61 222 81 118 106 154 137 105 97 113 40 83 228 165 211 109 204 201
Route #2: 163 110 124 22 198 34 49 44 197 135 79 80 92 71 98 128 121 45 126
Route #3: 64 63 95 32 89 195 101 43 27 21 48 25 12 73 58 57 52 51 30 122 11 86 170
Route #4: 139 203 153 233 152 46 120 35 175 74 111 87 114 157 136 146 123 172 213 147 14 107
Route #5: 224 54 181 102 24 2 5 28 142 133 15 42 20 132 47 131 1 10 72 31 130 112
Route #6: 176 77 36 143 62 214 205 104 59 66 67 188 60 164 174 200 194 208 70 8 166 190 129 93 210
Route #7: 168 177 236 50 69 17 29 33 223 53 3 55 39 19 38 23 220 41 9
Route #8: 156 155 150 151 141 140 148 99 37 76 75 117 138 202 230 235 207 65
Route #9: 171 199 212 231 221 218 13 56 82 91 26 219 217 226 18 216 185 225 178 116 4 187 16
Route #10: 158 182 227 167 169 184 215 186 183 193 6 7 196 192 191 237 180 234 145 134 206
Route #11: 161 149 96 90 78 84 103 119 115 159 173 179 229 85 125 127 100 88 94 108 144 162 160
Cost 109612
Time 599.527
