Route #1: 160 138 140 145 113 106 112 109 73 100 101 107 111 118 123 13 158 153 223 98
Route #2: 172 147 141 89 66 85 234 60 186 64 55 99 91 86 130 79 78 61 97 59 62 65 56 72 88 1 76
Route #3: 155 146 139 127 133 128 119 120 129 126 124 117 122 228 212 137 161 159
Route #4: 168 134 45 50 47 44 144 38 148 151 149 170 193 202 194 198 205 105 142 135 102
Route #5: 131 132 232 32 104 103 114 110 191 108 208 96 229 16 21 28 29 77 5 227 221 84 43
Route #6: 3 181 152 14 24 52 214 40 195 185 175 233 154 167 169 200 204 163 178 176 165 166 164
Route #7: 54 41 36 92 94 30 93 224 87 80 75 63 209 22 143 20 31 39 48 34 192 12 189
Route #8: 179 162 197 190 180 199 201 187 196 206 213 211 210 215 2 188 182 220 173 184 183 177 174 171 4
Route #9: 83 74 15 68 25 17 19 230 216 225 219 222 150
Route #10: 42 82 125 116 115 58 207 226 69 37 10 217 46 218 51 57 231 49 70
Route #11: 33 53 71 95 121 26 11 67 81 136 157 18 9 27 6 90 203 156 35 23 7 8
Cost 114715
Time 236.999
