Route #1: 162 120 133 132 95 97 197 81 182 107
Route #2: 157 86 152 60 191 130 4 101 175 23 198 134 154 84 163 42 123 164 62 56 127 144 72 184
Route #3: 180 12 189 37 22 105 9 14 31 34 75 165 33 116 79 53 195 45 178 55
Route #4: 131 145 139 111 151 172 47 51 57 158 25 87 169 13 15 99
Route #5: 11 50 109 137 38 26 83 35 61 41 167 192
Route #6: 94 166 149 93 80 146 110 1 70 21 119 136 36 24 187 155 27 113 68 156
Route #7: 115 92 54 20 2 183 153 159 147 89 122 40 91 129 125
Route #8: 29 39 121 3 100 77 74 143 59 88 201 85 5 181 140 186 102 161
Route #9: 141 179 30 185 117 18 19 104 32 173 150 171
Route #10: 160 138 196 106 90 49 73 177 170 108 44 43 78 124 114 98 128
Route #11: 135 6 118 199 17 148 193 65 52 176 142 48 58 103 200 71
Route #12: 126 112 10 63 8 76 66 190 82 168 96 67 28 188 16 194 69 174 46 64 7
Cost 158456
Time 178.529
