Route #1: 166 232 22 131 132 184 222 153 135 113 109 6 99 90 127 100 72 233 40 10 191 155 79 208 234
Route #2: 179 229 158 140 133 118 102 91 86 85 142 243 146 147 120 2 170 181 145 136 167
Route #3: 37 129 31 32 15 14 71 3 65 157 89 164 152 112 88 83 61 58 43 44 34 39 161
Route #4: 193 168 84 151 67 50 1 134 82 80 165 201 194 207 53 241 244 5 12 9 247
Route #5: 126 128 160 115 189 104 110 224 121 213 219 119 73 240 75 96 8 227 33 41 38 29 35
Route #6: 150 148 178 188 197 205 242 4 236 200 199 210 13 246 209 239 237 231 220 218 203 187 226 87
Route #7: 190 198 221 114 76 137 180 49 42 64 211 215 217 192 183 202 185 159 156 172 171
Route #8: 27 62 196 195 212 216 238 16 17 93 26 68 25 23 60 24 228 230 98 174 125 59
Route #9: 138 176 235 51 55 63 36 206 182 144 7 11 92 54 204 154 18 20 111 173 47
Route #10: 81 177 106 214 143 69 225 122 30 162 169 95 139 117 28 130 175 163 107 19 46 77 78
Route #11: 149 45 94 74 105 57 70 52 56 66 123 101 116 223 124 48 108 103 97 21 245 141 186
Cost 122860
Time 416.683
