Route #1: 119 84 26 7 201 118 288 347
Route #2: 328 228 161 345 240 100 346 5 337 327 330 292 329 54 128 60 198
Route #3: 133 127 203 24 252 50 135 82 6 312 55 183 77 65 159 313 73 342 92 62 296 138
Route #4: 30 91 246 68 103 70 57 209 188 200 338 239 197 241 71 213 59 218 8 189
Route #5: 214 323 305 249 212 18 41 95 94 85 251 17 301 185 242 20 16 247 45 196 131 348
Route #6: 129 192 336 335 326 31 150 193 167 111 233 97 38 43 15 21 306 320 250 13
Route #7: 52 307 319 123 113 204 317 211 69 169 35 124
Route #8: 14 34 289 61 105 270 143 341 148 334 4 324 205 146 172 294 220
Route #9: 349 243 3 28 184 253 293 98 107 283 272 125 235 236 32 86 344 226 256 244 46 140 279
Route #10: 165 281 217 114 145 56 271 261 202 76 257
Route #11: 83 343 182 173 104 158 278 290 210 195 333 152 225 93 44 78 115 174
Route #12: 48 258 155 37 142 88 136 190 280 160 215 154 90 285 180 25 177 134 72
Route #13: 170 75 265 259 221 286 206 49 219 74 350 80 304 10 156 181 300 87 216
Route #14: 260 64 175 29 318 231 227 168 110 340 314 33 237 178 11 232 141 275 266 9 255 53 23 186
Route #15: 311 1 321 331 298 22 295 332 262 137 51 27 163 121 147 208 310 273 282
Route #16: 166 42 176 112 287 248 269 109 96 284 157 187 102 309 171 207 299
Route #17: 229 151 274 325 153 149 12 268 316 277 47 139 58 267 36 308 191 291 263
Route #18: 106 132 302 126 230 245 194 63 79 303 238 199 116 144 81 254 222 234 99 276 66 122
Route #19: 19 179 297 339 120 101 164 130 108 223 322 224 162 315 39 264 67 89 2 40 117
Cost 211597
Time 289.72
