Route #1: 235 62 53 123 121 93 97 91 55 75 68 64 117 151 202 255 205 280 125 133
Route #2: 50 113 69 33 157 209 40 292 293 49 38 158 112 173 232 3 35 32 43 110 147 106 201
Route #3: 177 4 140 185 190 46 166 129 34 71 59 206 231 79 241 87 99 246 174 29 108 37 200 152
Route #4: 153 268 127 139 169 41 224 54 251 239 265 219 245 250 195 90 111 51 119
Route #5: 208 223 244 281 70 76 45 101 63 131 56 137 164 42 48 141 60 78 80 57 18 279
Route #6: 2 52 39 47 85 82 134 146 105 142 114 81 58 65 19 84 86 88 298 74
Route #7: 130 128 95 96 144 178 191 175 170 171 159 138 161 132 168 179 172 103 104 98 92 107
Route #8: 149 126 94 102 253 150 156 143 124 120 284 66 226 109 198 217 136 122 83 61
Route #9: 277 183 264 263 270 262 260 186 181 214 207 189 188 212 213 237 118 115 1 145 271 267 197 215 273
Route #10: 77 165 154 162 199 222 240 225 218 234 249 73 210 203 182 180 221 220 184 193 163 155 148
Route #11: 236 230 8 12 16 10 100 160 176 301 296 228 272 216 288 294 247 233 252 5 31 278
Route #12: 254 72 238 67 243 196 17 192 187 30 36 135 116 167 7 6 204 11 194 211
Route #13: 9 274 28 23 89 229 242 295 27 227 22 20 13 21 290 299 289 291 24 44 25 302
Route #14: 283 26 297 14 282 15 275 261 266 276 269 259 258 257 248 286 285 256 300 287
Cost 109537
Time 732.753
