Route #1: 318 2 189 212 110 210 203 288 232 190 58 127 101 17 186 117 277 79 195 22
Route #2: 56 308 80 130 313 209 263 240 269 185 105 113 65 145 49 121
Route #3: 102 260 23 55 125 26 42 112 68 196 312 118 168 108 227 10 83 67 223
Route #4: 278 137 13 99 15 57 319 128 96 54 259 270 254 163 60 301 245 264 183 85 104 138 63 276
Route #5: 237 62 179 230 69 11 197 220 298 247 171 51 271 267 205 280 133 28 164 234 218 233 92 35
Route #6: 53 294 147 169 231 87 170 249 141 61 293 309 296 52 44
Route #7: 136 50 166 274 253 41 295 5 175 174 139 103
Route #8: 150 47 266 289 192 100 159 155 107 114 31 98 64 126 32 281 305 18 20 19 290 93 217
Route #9: 188 181 78 77 221 157 165 3 25 200 48 273 251 272 292 148 34 228 236 106 116 178
Route #10: 258 84 213 173 149 214 74 316 151 167 14 283 307 115 204 284 199 94 206 70 187 238 66 12 176
Route #11: 4 161 27 24 310 241 119 216 252 131 160 30
Route #12: 156 7 235 45 317 29 82 143 6 222 304 265 299 97 95 248 193 282 300 286 279 180 59
Route #13: 226 86 144 215 246 219 302 38 287 314 135 123 261 152 46 262 72 172 229 43 134
Route #14: 37 256 303 90 257 88 36 33 8 275 191 207 91 129 177 255 1
Route #15: 239 162 182 285 311 154 124 16 146 153 202 111 243
Route #16: 297 208 142 184 250 81 315 198 132 291 89 201 158
Route #17: 40 225 268 194 75 140 73 242 109 39 120 211 224 9 122 21 71 306 76 244
Cost 206258
Time 196.178
