Route #1: 178 84 144 153 179 216 36 5 42 71 73 237 250 248 100 92 55 52 131 136 75 200 101 62
Route #2: 204 104 120 155 19 11 96 13 105 82 122 130 189 139 54 127 107 112 102 77 66 236 199
Route #3: 192 182 108 181 116 12 91 47 56 121 171 167 215 61 186 191 46 29 33 114 24 118 123
Route #4: 129 74 133 58 53 152 218 43 90 231 243 15 249 224 221 143 172 67 69 57 26 148 214 30 28 83
Route #5: 138 253 119 65 34 87 126 198 37 184 23 187 94 89 166 149 157 137 177 154 64 188 220
Route #6: 76 229 35 63 59 60 6 25 39 16 8 241 193 196 7 257 194 254 255
Route #7: 164 222 175 174 183 209 217 234 232 233 203 197 208 205 195 79 14 238 78 3 242
Route #8: 202 201 165 159 246 252 251 18 81 103 106 113 226 223 228 99 227 244 245 22 32 31 38 48
Route #9: 235 239 240 256 9 50 212 213 210 45 20 51 125 4 70 68 72 27 115 124 247 230 17 10
Route #10: 206 170 190 207 211 219 180 225 150 140 141 97 95 117 128 176 163 21 162 173 134 110 135 168 169
Route #11: 2 98 111 109 142 160 156 147 145 151 146 85 93 86 1 80 132 88 158 49 40 161 44 41 185
Cost 119623
Time 531.516
