Route #1: 25 26 5 260 50 60 51 237 73 209 104 14 153 131 145 8 54 257 96 119 161 231
Route #2: 176 256 87 246 11 120 129 252 34 157 264 199 198 223 76 182 111 126 181 53 204 134
Route #3: 149 107 93 52 150 84 102 56 72 66 71 70 265 267 266 227 65 91 247 108 123 67 159
Route #4: 236 184 185 90 3 214 210 78 188 152 207 138 47 22 118 49 35 259 258 255 62 148 170
Route #5: 109 19 68 238 38 37 39 208 83 63 75 117 254 197 29 206 136 130 156 177 205 141 61
Route #6: 86 165 106 89 88 45 9 167 179 203 232 55 121 30 94 242 92 244 239 144 174 42 249 74 77
Route #7: 142 114 6 193 202 230 17 194 172 241 162 13 183 173 191 23 220 222 2 48 263 251 113 12 28
Route #8: 15 24 105 124 1 133 43 155 41 187 46 248 20 216
Route #9: 21 4 57 186 219 211 95 189 16 164 160 125 115 112 261 18 40 192 81 132 97 200
Route #10: 99 80 110 103 32 147 7 250 116 127 98 69 10 268 201 195 253 33 101 178 85 31 139 137 64
Route #11: 59 180 140 151 154 36 245 218 233 158 163 235 27 82 44 135 262 100 122 79 58 243
Route #12: 171 169 175 240 225 168 166 215 212 226 229 128 143 146 190 224 217 221 228 234 213 196
Cost 105391
Time 1312.76
