Route #1: 257 255 237 234 240 243 242 245 200 179 209 221 24 189 214 154 120 267 157 215 236 210 217 227
Route #2: 383 80 141 136 108 191 169 122 90 233 254 47 54 62 48 49 57 70 211 130 182 226 1
Route #3: 188 81 187 220 261 115 138 232 153 341 159 347 168 164 165 248 251 107 92 123 135 133 143 88
Route #4: 158 229 396 397 387 311 320 319 321 315 313 19 68 327 308 306 110 276 241 250 262 246
Route #5: 67 75 344 60 151 180 193 194 360 359 349 337 172 170 357 174 152 29 111 33 11 98 21 63 58
Route #6: 271 300 291 292 249 307 281 286 285 297 303 287 284 274 126 244 296 317 316 294 293 127 318
Route #7: 298 310 18 252 378 374 372 366 375 365 27 69 73 61 368 55 361 364 394 312 309 393 392 373
Route #8: 265 218 228 388 45 390 380 346 86 66 41 25 17 113 118 192 348 167 149 350 340 351 148 280
Route #9: 358 299 305 369 314 335 342 343 324 352 381 384 363 362 379 336 356 326 323 288 266 247 273 260
Route #10: 277 395 147 121 30 42 94 95 26 20 13 38 40 10 389 46 74 282 270 339 345 328 325 295
Route #11: 44 385 2 183 354 93 268 279 76 39 56 322 205 391 290 101
Route #12: 28 31 85 116 36 7 256 34 155 173 353 59 139 224 50 301 23 82 79 156 377
Route #13: 304 176 207 160 112 289 338 239 32 334 131 382 216 22 264 225 331 137 370 102 12 171
Route #14: 386 302 105 103 64 253 8 3 6 9 51 278 65 52 166 178 106 37 35 114
Route #15: 272 184 197 78 77 87 195 185 125 119 53 109 99 84 259 142 263 275 283 190 89 175 231 238 230 104
Route #16: 15 83 177 330 258 219 4 355 146 124 16 371 100 91 161 162 163 212 181
Route #17: 332 222 43 376 144 235 97 145 206 128 213 150 5 223 71 129 132 329
Route #18: 367 117 198 201 208 203 199 333 134 269 96 186 14 140 72 196 204 202
Cost 181890
Time 834.874
