Route #1: 127 147 29 3 38 113 17 177 172 170 126 46 74 140 106 66 47 101 169 141 115 20
Route #2: 43 134 51 77 202 59 6 2 44 196 175 100 4 154 63 14 104 112
Route #3: 105 87 76 90 33 25 165 161 37 35 85 135 124 109 52 40 95 156 89 122
Route #4: 166 73 78 31 93 148 30 130 69 145 181 195 54 150 83 71 133 149 64 142
Route #5: 137 80 107 162 5 98 68 200 103 11 13 55 143 194 116 129
Route #6: 8 16 197 201 7 146 108 99 120 18 45 164 183 21 70
Route #7: 188 92 139 117 203 72 94 121 49 42 132 136 19 88 174
Route #8: 151 82 167 27 91 191 39 65 57 102 123 152 67 12 60 171
Route #9: 198 160 187 75 10 1 22 81 32 48 62 26 157 186 189 119 114 58
Route #10: 179 15 155 193 128 56 158 118 53 144 176 125 79 178 190 23 24 84 97 41 184 192
Route #11: 131 9 185 153 159 111 86 199 182 180 96 36 28 138 110 50 173 204 168 34 163 61
Cost 76079
Time 191.019
