Route #1: 38 188 86 93 217 131 54 2 15 212 207 195 139 136 134 138 162 166 157 18 161 128 99
Route #2: 306 289 318 159 142 100 90 103 104 21 305 53 107 284 51 186 114 145 126 118 125 13 16
Route #3: 101 96 98 115 81 40 30 37 43 296 97 181 201 42 169 156 3 191 274
Route #4: 26 252 259 175 158 84 317 7 8 1 31 24 206 88 94 34 83 220 276 65 294
Route #5: 4 52 148 155 89 185 33 287 28 266 62 325 150 163 251 223 205 222 224 198 20 196 204
Route #6: 17 27 59 269 144 102 187 183 172 47 261 320 72 315 64 73 301 14 292 307
Route #7: 316 41 55 58 61 68 6 74 323 69 322 314 35 319 312 285 268 19 255 135
Route #8: 112 80 225 216 213 232 230 234 235 239 240 283 95 290 174 87 82 45 12 171 113 249 233 151
Route #9: 79 265 267 273 288 304 297 310 10 300 56 291 57 48 295 298 23 257 11 264 253 244 221 302 293
Route #10: 324 321 71 5 111 258 250 246 256 270 311 308 286 309 279 263 248 242 241 219 218
Route #11: 229 237 272 147 140 141 25 39 32 36 127 49 313 238 278 153 154 209 200 202 143
Route #12: 60 231 260 254 281 271 228 236 277 215 210 190 299 189 184 182 179 167 152 149 180 211 214
Route #13: 124 170 46 50 164 178 44 208 77 193 119 120 282 121 130 122 123 303 262 22
Route #14: 280 247 109 203 105 117 132 92 91 76 78 243 67 70 75 66 326 192 106 108 197 85
Route #15: 245 194 177 275 129 110 116 133 137 160 165 176 173 168 29 146 226 199 9 227 63
Cost 148422
Time 333.768
