Route #1: 78 86 183 80 92 120 7 199 12 55 42 5 81
Route #2: 10 2 200 107 20 155 84 135
Route #3: 61 24 167 1 15 170 119 203 76 31 101 187 181 18 63 151
Route #4: 186 95 100 72 109 21 74 168 148 149 147 59
Route #5: 128 178 28 158 191 46 201 41 38 179 162 43 117 96 206 35 52 102 111 98 23 139
Route #6: 17 205 195 77 91 34 126 194 165 22 197 113 143 11 108 123 202 133
Route #7: 192 67 47 198 79 152 29 131 27 54 114 88 146 49 188 166 164 130 142 73 69 89
Route #8: 208 37 56 32 106 66 93 82 132
Route #9: 30 204 196 44 129 83 39 124 175 26 156 45 33
Route #10: 171 97 62 116 173 85 25 60 157 50 4 16 177 105 68 184
Route #11: 127 75 103 161 190 70 140 144 180
Route #12: 172 14 8 110 159 185 137 145 19 163 125 136
Route #13: 36 65 104 48 99 58 176 121 169 112 53 160 150 57 154
Route #14: 138 122 9 118 3 189 134 193 141 40 115 207 87 90 13 51 71 6 182 153 94 64 174
Cost 171246
Time 107.755
