Route #1: 21 71 57 148 102 1 94 54 59 60 62 61 64 56 72 93 2 145 87 86 51 173
Route #2: 235 252 195 196 117 124 115 218 203 206 186 192 163 257 106 110 136 159 197 179 45 187
Route #3: 223 221 241 242 280 23 42 265 269 255 254 83 251 89 165 182 174 9 8 219
Route #4: 271 35 185 198 289 290 220 212 214 268 262 228 217 216 236 237 238 213 226 246 210
Route #5: 85 227 249 266 278 73 66 65 31 11 27 24 277 283 282 281 279 276 263 256 99 25
Route #6: 38 77 211 205 225 245 244 258 229 248 250 233 273 103 172 36 288 82 41 74
Route #7: 171 138 284 164 118 240 10 139 189 230 193 180 208 153 160 270 13 188 169 168 158 114 125
Route #8: 132 95 76 207 202 90 204 231 161 48 53 260 267 52 155 137 55 215 200 154 101
Route #9: 157 156 151 178 146 5 34 29 181 33 39 107 272 253 152 6 37 22 12 275 264 47 46
Route #10: 50 58 224 166 28 120 123 167 105 80 147 247 20 112 176 144 292 286 88 285 194 142
Route #11: 184 15 209 126 122 140 17 170 68 121 135 79 3 7 26 199 201 150 40
Route #12: 261 18 63 133 96 175 67 239 108 291 259 100 128 116 32 141 191
Route #13: 134 113 111 104 98 119 49 30 131 130 4 274 81 234 243 78 91 75 84 97 92 149 129 143
Route #14: 162 222 232 190 70 16 19 43 287 177 183 127 69 14 44 109
Cost 144427
Time 249.551
