Route #1: 2 141 149 203 184 151 126 57 216 59 123 122 128 243 3 91 77 231 88 168 142
Route #2: 146 130 124 121 14 139 85 87 92 120 265 86 241 196 177 62 150 176 33
Route #3: 188 161 84 207 226 25 167 192 134 83 70 32 174 50 281 26 230 21 103 27 114 80 89
Route #4: 99 136 158 157 61 42 110 131 198 173 187 209 202 39 180 244 193 199 31 16 175 183 262
Route #5: 217 19 10 15 30 225 251 240 259 258 5 72 279 68 60 12 9 269 264 255 247 221 222
Route #6: 206 266 271 38 66 76 63 277 282 273 4 238 254 248 246 227 212 106 95 44
Route #7: 43 223 211 51 53 253 257 45 28 37 34 6 47 236 232 234 67 215 210
Route #8: 218 268 274 117 249 250 129 135 140 143 237 245 235 133 118 97 22 115 20 107 275 220 65
Route #9: 195 82 145 190 280 8 13 11 228 18 23 96 98 242 58 7 219 283 213 201 256 260
Route #10: 41 229 113 233 239 267 276 272 261 214 224 205 127 204 132 179 181 73 79 102 64 152 138
Route #11: 182 40 166 48 55 54 144 156 71 78 74 75 69 52 29 137 155 270 263 252 171 189 172 191
Route #12: 94 108 148 109 160 101 112 125 1 93 90 81 111 56 164 100 162 178 49 35 36 169 46 159 147 116 154 170
Route #13: 186 194 165 153 105 119 24 197 200 208 17 185 104 278 163
Cost 130126
Time 313.582
