Route #1: 50 47 32 29 108 90 101 27 26 14 206 40 211 203 190 110 99 38 209 195 196
Route #2: 46 86 83 213 55 207 175 157 54 113 131 172 173 147 170 168
Route #3: 167 210 37 42 92 214 212 193 192 185
Route #4: 65 94 117 119 148 53 64 21 17 220 135 129 68 180 179 178 95 169 184 215 105 16
Route #5: 219 125 20 74 6 11 122 8 63 76 24 12 10 4 52
Route #6: 163 166 146 128 197 15 78 80 22 71 142 97 181 186 182 151 164 165
Route #7: 51 82 79 85 112 23 104 19 9 140 121 116 77 143 106 102 69 75 48 44 156 34 137 91
Route #8: 160 176 57 25 43 13 59 217 201 60 61 45 194 162 136 216 218 103 124
Route #9: 62 98 58 33 188 2 205 35 72 100 87 89 109 120 111 115 36 66 149 138 141 134 118 154
Route #10: 189 144 127 39 133 18 56 49 3 174 187 183 1 31 158 126 153 177 67 28 7 159 96
Route #11: 73 139 70 208 114 161 81 202 88 84 198 199 41 107 93 200
Route #12: 152 191 204 5 30 150 171 132 155 130 145 123
Cost 131655
Time 199.985
