Route #1: 41 313 80 9 2 16 117 112 72 101 43 274 110 130 182 205 276 294 305
Route #2: 346 255 224 198 92 102 141 194 417 448 8 13 439 215 278 88 28 137 307 244
Route #3: 98 138 202 273 210 209 53 167 169 270 290 418 168 145 111 185 128 129 126 142 436 249 286
Route #4: 15 394 59 49 183 225 219 216 115 105 34 229 226 207 186 214 262 345 257 77 160 109
Route #5: 351 347 434 240 196 454 450 218 32 398 228 208 108 277 267 165
Route #6: 252 251 258 260 231 237 234 235 217 164 147 254 175 190 161 143 176 204 188 232 304 302 184 154 155 197 212 268 287
Route #7: 266 295 263 125 146 131 178 181 195 211 66 238 84 96 156 132 3 4 83 75 230
Route #8: 58 47 177 44 378 91 76 93 223 95 121 236 158 151 135 133 134 97 189 221 150
Route #9: 106 357 308 163 272 149 157 148 166 275 193 199 206 271 282 285 174 316 170 343 377 122 387 89 85 74
Route #10: 431 291 452 303 296 384 288 310 423 336 335 119 140 297 116 279 264 283 153 261 220 265
Route #11: 54 45 410 55 73 103 38 36 440 388 179 421 375 213 203 367 406 200 162 397 180 171 379
Route #12: 104 124 317 315 349 355 356 321 325 420 342 359 12 11 354 344 451 337 338 6 324 430 413 253 247
Route #13: 407 319 403 385 383 374 400 395 396 393 391 334 332 329 330 328 314 312 301 100 311 191 245
Route #14: 443 453 352 136 25 370 26 392 29 416 414 46 65 419 64 67 408 405 412 60 425 381 24 18 14 21
Route #15: 1 52 281 309 306 298 333 323 340 339 364 358 369 372 363 348 368 365 318 159 350
Route #16: 455 222 341 399 373 361 360 435 422 22 442 411 426 429 362 437 353 447 404 389 331 320 371
Route #17: 427 71 17 81 61 40 35 57 48 10 5 20 107 56 173 37 51 23 63 79
Route #18: 390 30 31 409 33 424 444 19 446 445 433 87 90 94 428 86 82 449 7 441 382 432 415 322 327
Route #19: 201 233 123 39 248 241 187 401 402 139 250 99 152 326 172 259 366 438 27 284 292 118 256 127 113
Route #20: 68 192 50 280 299 70 243 69 246 293 239 380 376 289 42 62 78 269 242 386 120 227 300 144 114
Cost 192115
Time 599.336
