Route #1: 292 187 274 320 266 348 353 301 367 290 265 191 188 321 202 193 233 196 263 281 280 318 243 285 299 303 347
Route #2: 330 315 291 345 237 255 230 211 213 217 234 262 89 209 312 103 104 418 139 302 37 116
Route #3: 420 307 286 277 270 275 449 297 414 509 269 271 474 491 512 373 528 527 11 8 15 17 18 521
Route #4: 363 378 368 398 391 396 4 526 14 408 404 407 417 32 31 426 332 403 397 423 525 99
Route #5: 328 336 483 380 372 371 462 382 445 438 384 425 381 374 375 389 392 386 358 335 333 383
Route #6: 461 310 475 465 59 79 82 81 473 80 92 479 107 98 108 469 485 91 61 62 456 48 33
Route #7: 369 410 409 395 394 433 451 453 448 458 454 471 500 464 510 429 432 424 413 411 415 377
Route #8: 504 476 484 490 495 494 487 482 43 50 49 64 60 466 477 472 42 480 51 3 497 416
Route #9: 114 142 508 177 197 72 77 73 78 229 97 74 86 135 148 151 166 519 44 45 214 95 66
Route #10: 344 338 352 25 2 53 54 71 267 442 470 501 452 463 455 430 457 446 437 393 341
Route #11: 359 349 364 376 365 370 189 162 141 440 431 419 406 421 439 428 427 361 434 174 366 360
Route #12: 56 16 27 26 85 127 125 123 505 522 498 496 503 499 489 122 128 131 121 460 100 324 450 161 222
Route #13: 87 70 179 244 156 201 35 272 112 329 52 342 412 36 467 47 356 325 517
Route #14: 322 75 175 182 308 163 502 276 199 362 105 124 300 68 90 101 249 24 289 63
Route #15: 337 261 251 235 102 65 507 331 134 41 208 167 468 295 316 283 354 257 298 183 309
Route #16: 524 22 400 422 30 9 138 13 5 126 388 327 164 147 226 486 511 12 1 46 84
Route #17: 282 220 117 250 326 311 350 120 133 158 20 239 192 76 313 109 523 130 119 28 516 488 387
Route #18: 19 40 314 93 436 153 515 518 514 478 67 231 210 168 435 319 165 278 223 7 132 246 346 355 238
Route #19: 405 252 137 268 264 94 186 113 111 185 293 340 305 154 225 194 390
Route #20: 294 385 88 34 520 145 144 159 29 115 149 178 176 195 155 96 136 258 259 55
Route #21: 296 129 106 224 212 39 200 323 506 232 236 205 198 206 241 171 140 143 110 83 10 459 38 379
Route #22: 481 401 317 170 150 253 180 306 207 284 6 69 287 152 172 118 339
Route #23: 334 444 169 256 288 240 160 203 273 447 245 216 58 57 227 228 218 242 260 351 173 357 247 221
Route #24: 279 184 146 254 181 399 219 492 21 441 443 157 190 493 204 248 513 304 23 343 215 402
Cost 212483
Time 651.105
