Route #1: 282 450 67 63 118 116 125 142 174 176 192 400 435 434 34 166 138 186 121 224 71
Route #2: 219 194 237 382 277 148 59 168 433 131 230 234 23 49 182 255 64 72 342 76 455
Route #3: 207 211 217 260 210 209 173 179 253 308 111 164 98 100 287 143 162 106 310 146 128 268
Route #4: 248 155 60 442 199 350 301 149 235 276 272 279 33 40 453 449 85 140 302 360 278 3
Route #5: 83 243 113 129 74 158 123 70 1 21 20 22 9 28 231 7 12 18 19 73
Route #6: 61 252 384 167 165 241 288 318 107 122 406 295 184 82 80 101 446 137 293 305 135 316 181 188
Route #7: 227 170 156 53 169 93 290 240 147 266 265 309 307 292 385 62 15 371 198
Route #8: 206 196 246 51 141 153 11 271 448 178 77 172 152 50 119 236 383 132 242 32
Route #9: 187 300 395 205 130 338 150 233 345 441 134 306 27 263 250 269 68 2
Route #10: 24 346 314 91 99 104 108 103 428 427 92 97 407 102 45 66 65 397 436 418 409
Route #11: 403 402 421 425 431 456 443 75 432 451 420 415 429 411 408 399 376 374 368 364 332
Route #12: 315 321 336 331 367 405 404 394 372 398 389 390 333 160 327 317 114 324 90 88
Route #13: 335 84 36 38 37 145 440 136 151 46 183 89 171 115 112 26 126 127 417 410
Route #14: 69 109 87 43 35 42 439 438 426 414 412 44 17 380 369 373 298 378 29 447 352 334
Route #15: 356 339 341 349 30 381 392 133 48 47 57 54 58 78 79 86 96 81 56 416 366 361 430 358 344 340
Route #16: 5 274 303 304 311 357 323 313 388 328 330 325 370 347 375 401 393 343 377
Route #17: 273 419 337 457 8 348 4 363 362 25 365 359 354 458 459 460 6 422 322 320 319 353
Route #18: 16 326 355 396 244 251 261 264 296 297 291 423 445 329 454 444 413 424 238 239 220 280
Route #19: 286 283 228 221 225 226 256 312 289 299 270 275 281 94 31
Route #20: 216 259 232 157 161 285 163 144 201 185 190 202 212 262 284 254 294 223 213 175 249 247 191 203 245 208
Route #21: 197 229 105 391 452 13 41 386 387 124 154 39 159 180 193 117 120 10 379 14 437
Route #22: 351 110 139 267 204 222 200 95 258 214 218 52 177 55 189 195 257 215
Cost 192242
Time 1117.88
