Route #1: 220 211 212 36 23 208 105 108 107 91 16 101 73 62 127 78 161 66 47 57 52 46
Route #2: 45 32 191 93 50 190 76 72 92 145 56 59 20 123 15 25 114
Route #3: 84 86 71 106 8 218 90 41 102 118 100 55 38 30 140 189 51 155 122 68
Route #4: 1 219 74 104 63 77 28 81 143 112 126 132 128 121 115 111 177 109
Route #5: 134 129 65 82 95 54 35 80 125 2 70 29 183 192 14 34 12
Route #6: 119 171 103 130 19 43 21 168 138 136 96 49 216 131 166 141 58 133 60
Route #7: 165 182 7 214 40 39 42 6 193 69 44 206 213 210 205 195 184 150 142
Route #8: 157 33 37 9 22 24 26 27 31 10 75 67 48 53 201 18 203 209 204 202 185 154 158 4 200
Route #9: 199 188 197 196 17 3 162 5 222 147 198 179 148 187 207 215 221
Route #10: 124 97 175 174 79 173 88 194 85 89 94 83 180 181 176 178 151 153 163 167 156 164 13 11
Route #11: 160 149 146 144 139 170 137 152 135 159 116 87 64 99 98 110 120 113 172 61 217 117 169 186
Cost 110676
Time 476.43
