Route #1: 8 417 141 124 422 101 325 314 260 7 254 149 312 60 201 418 400 114
Route #2: 379 386 31 107 137 194 227 375 387 295 142 14 179 181 77
Route #3: 376 347 215 352 143 75 284 259 43 73 85 238 128 173 13 16 405
Route #4: 23 190 105 58 256 64 116 163 154 103 76 356 34 258 41 209 317 191
Route #5: 53 90 370 278 289 292 349 96 410 381 268 171 68
Route #6: 11 274 28 266 222 15 271 307 309 298 88 65 175 69 174 426 395 51 63 290 319
Route #7: 348 341 33 324 270 200 408 264 389 24 156 398 251 221 240 322 148 308 416
Route #8: 204 212 39 326 226 46 81 122 218 403 374 118 362 146 208 83 217 188 402 234
Route #9: 19 305 150 93 187 394 339 47 424 414 186 366 25 241 207 195 404 123
Route #10: 160 363 48 233 44 346 245 280 177 213 262 269 273 415 12 30 42 185 72 412
Route #11: 350 225 287 111 211 353 246 140 94 230 135 113 338
Route #12: 237 131 136 147 406 361 102 263 52 205 265 168 159 38 385 382 35 183 407 250 296
Route #13: 331 70 203 320 126 397 74 121 423 202 172 26 193 343 261
Route #14: 104 162 27 411 210 56 288 86 29 393 125 369 6 224 2 1 165 10 197 232 327 178 396 61
Route #15: 303 368 57 45 36 391 9 132 388 329 337 323 59 302 297 189 40 413
Route #16: 282 253 49 192 151 304 138 219 419 300 332 71 4 110 50 169 333 276
Route #17: 275 82 206 293 378 401 315 294 95 92 310 335 157 129 306 115 255 321 267 199 248
Route #18: 380 291 354 216 97 32 144 301 66 161 249 342 167 196 239 358 360 243 106 99 383 91
Route #19: 18 372 364 392 120 336 285 283 198 313 180 100 62 55 119 37 79 170 127 228 359 21
Route #20: 318 176 334 235 367 299 5 390 340 78 257 316 17 399 277 421 357 355 252 20 130 409 214 351
Route #21: 133 54 229 22 231 98 345 108 420 286
Route #22: 365 384 242 152 67 109 223 373 84 425 155 272 117 377 89 87 153 166
Route #23: 184 134 244 330 182 3 279 328 164 220 145 158 311 344 112 281 371 247 236 139 80
Cost 172361
Time 870.13
