Route #1: 24 37 357 240 304 244 282 42 49 58
Route #2: 152 350 25 195 129 361 394 86 101 46 92 53 130 105
Route #3: 455 184 29 77 319 103 59 155 110 124 291 36 100 452 292 448 296 403 393
Route #4: 384 418 411 426 68 412 273 262 252 409 264 430 450 439 102 204 4 95 182
Route #5: 193 30 114 40 133 181 303 349 81 257 164 175 279 253 307 126 437 321 203 373 85 147
Route #6: 407 421 211 168 154 89 91 335 342 428 176 387 442 187 370 317 254 286 64 212
Route #7: 197 259 149 144 112 150 167 196 207 210 223 217 15 228 243 270 278 322 382 329 327 109 11 140 276 358
Route #8: 232 255 390 230 241 233 19 142 247 185 191 208 213 20 277 280 231 225 226 26 209 237 218
Route #9: 263 249 234 135 70 139 121 432 385 235 289 227 314 354 356 348 353 355 111 320
Route #10: 170 190 272 260 315 118 298 79 306 123 127 188 310 138 153 214 340 163 371
Route #11: 186 165 316 136 16 3 17 67 179 301 84 389 174 18 13 12 137 43 134 205 148
Route #12: 366 337 21 162 376 54 324 47 313 388 311 94 96 122 117 104
Route #13: 219 386 173 60 106 201 202 5 2 345 87 35 447 145 431 261 456 446 198 22 189
Route #14: 206 245 268 445 1 200 415 283 224 400 48 132 397 395 281 364 61 449 6 238 156 31 427 248
Route #15: 396 392 166 417 169 436 229 265 269 443 429 408 398 294 293 80
Route #16: 379 336 300 33 323 57 299 14 183 119 28 34 39 45 32 362 404
Route #17: 413 433 434 454 416 401 457 333 341 328 305 318 7 8 295 297 275 274 312 347 367 420 458
Route #18: 69 44 422 351 368 369 66 65 365 266 246 220 194 50 419 402 440 451
Route #19: 125 410 374 381 256 338 160 159 309 258 251 343 288 287 423 435 326 414 372
Route #20: 99 406 271 346 267 215 180 141 172 62 441 27 63 334 332 222 308
Route #21: 108 72 107 93 438 330 344 339 52 83 88 55 116 131 73 56
Route #22: 171 285 383 97 331 38 425 161 325 250 74 178 236 51 216 199 221 82 143 192
Route #23: 375 405 71 75 76 151 9 284 391 128 377 378 380 453 399 177 424 363
Route #24: 352 23 302 90 115 158 10 239 157 360 78 146 242 113 444 120 98 41 359 290
Cost 258805
Time 598.193
