Route #1: 233 119 141 205 148 56 218 295 195 185 223 23 127 214 146 162 193 221 143 313 166 297 31 152
Route #2: 188 257 238 255 153 324 299 92 38 309 5 203 47 275 97 259 225 198 300
Route #3: 182 105 155 280 222 96 227 2 77 192 6 307 204 242 301 50 87 191 328
Route #4: 294 281 94 76 183 206 86 267 7 154 168 101 84 268 271 118 213 202 85 316
Route #5: 61 175 236 130 290 129 312 327 17 176 186 310 45 197 46 315 272 282 117 172
Route #6: 296 110 109 37 209 216 254 111 321 235 270 25 211 263 194 224 219 165 70
Route #7: 26 266 250 89 284 88 241 326 60 68 67 106 138 161 137 35 317 253 48
Route #8: 303 177 122 82 49 256 230 142 163 181 228 53 63 283 245 21 24 133
Route #9: 160 150 74 302 212 171 52 201 113 208 304 16 329 135 115
Route #10: 10 55 287 58 178 252 124 293 251 116 104 73 196
Route #11: 136 128 288 319 90 147 11 318 95 27 8 322 81 323 285 4 325
Route #12: 34 145 184 265 320 187 308 15 22 9 239 40 278 156 286 36 125 3
Route #13: 59 44 311 19 217 20 112 159 80 237 57 66 173 258 200 277 244 169 12 292
Route #14: 234 249 174 93 246 264 158 164 14 99 29 167 108 226 33 298 120 71 18 41 220 247 65 248
Route #15: 103 32 210 100 132 151 305 144 231 134 331 291 240 149 131 51 114 260 83 215 75 261
Route #16: 232 180 62 28 72 126 189 190 43 274 229 262 123 314 64 289 179 207 39 102 79 13
Route #17: 140 199 1 78 139 121 157 306 98 69 54 279 330 273 243 42 30 91 107 170 269 276
Cost 172877
Time 355.696
