Route #1: 35 90 14 17 132 26 208 162 267 256 161 253 212 175 113 130 141 202 228 229 174
Route #2: 284 9 88 61 6 11 263 33 269 254 281 238 293 292 2 250 153 322 275 274 246 245 297 156
Route #3: 224 234 247 260 57 139 325 27 262 241 231 326 266 302 252 259 285 105 3 282 144 177
Route #4: 189 165 163 296 114 157 85 86 164 299 213 316 97 67 5 69 81 87 294 169 323 315 200 188 127
Route #5: 42 95 89 305 64 181 240 258 37 235 192 146 133 128 83 257 46 32 116 291 135
Route #6: 276 16 93 308 34 227 193 134 84 223 10 59 101 129 15 8 140 201 82 22 117 94 31 152
Route #7: 131 103 70 72 304 226 239 56 106 233 185 160 158 123 51 199 109 159 183 171 180 184 225
Route #8: 191 198 176 149 148 120 119 155 150 187 290 107 261 268 251 249 244 215 243 186 172 207 210 280 273
Route #9: 303 19 20 217 310 195 68 283 300 279 311 142 138 124 92 118 62
Route #10: 271 295 272 278 248 242 209 166 173 287 270 136 255 121 203 205 216 327 219 221 222 76 122 179 289 314
Route #11: 236 264 197 168 190 1 147 137 100 298 301 220 53 43 13 329 66
Route #12: 321 320 313 307 312 194 196 45 23 58 52 12 306 318 324 319 74 108 91 30 80 29
Route #13: 102 104 98 71 54 77 317 96 99 55 111 125 126 110 112 115 265 73 63 60 75 143 206 218
Route #14: 48 47 44 40 78 151 50 49 39 38 28 24 79 214 232 277 145 286 7 328 4
Route #15: 237 204 18 25 167 178 170 41 230 65 36 21 288 154 182 211 309
Cost 111547
Time 1115.23
