Route #1: 238 38 120 50 92 89 63 59 81 233 66 52 13 37 138 140 46 44 40 30 35 28
Route #2: 171 173 34 158 160 164 157 86 151 90 88 75 94 72 103 65 128 80 83 101 82 62 48
Route #3: 163 202 143 142 105 39 135 137 168 155 148 149 161 193 2
Route #4: 98 178 179 96 209 212 119 118 114 215 232 228 108 225 110 156 112 117 216 210 169
Route #5: 113 132 84 167 177 182 184 195 180 213 234 104 85 129 133 144 147 145
Route #6: 127 174 71 231 229 205 188 7 21 36 208 186 192 49 196 16 6 200 10 190 1 185 12 221
Route #7: 11 43 47 235 15 95 19 18 102 27 29 68 76 74 230 91 226 79 77 73 189
Route #8: 222 227 32 60 61 54 26 224 237 53 56 3 201 197 199 172 122 78
Route #9: 203 42 23 20 150 204 211 218 223 8 58 25 99 45 4 141 220 22 9 236 17 219
Route #10: 126 153 176 166 93 106 170 175 5 41 57 33 207 121 198 187 131 165 109
Route #11: 125 69 134 217 87 55 97 100 181 124 146 116 115 139 64 31 152 14 239 159
Route #12: 206 136 191 51 162 183 214 111 70 67 130 107 24 154 194 123
Cost 123366
Time 532.408
