Route #1: 448 281 141 437 132 468 379 218 98 228 164 612
Route #2: 492 81 45 90 373 550 97 491 77 251 380 344 149 655 113 112 296 1 288 184 305 114 80 79
Route #3: 511 332 282 304 651 661 31 37 57 353 253 320 3 623 52 620 170 543 375
Route #4: 585 182 190 458 178 677 394 632 307 471 559 493 321 548 155 361 460 70 301 119 263 329 595
Route #5: 130 35 58 594 504 580 498 561 579 176 676 642 678 396 521 510 603 358 509 128 477 581
Route #6: 480 384 608 593 600 605 571 286 55 144 78 315 432 169 668 163 614 631 590 640 42
Route #7: 686 124 645 8 254 120 278 356 367 34 565 683 150 233 464 624 383 348 411 212 402 331 481
Route #8: 341 606 466 537 289 236 298 241 599 260 372 636 582 534 392 335 242 179 526 551 633 157 53
Route #9: 685 563 232 15 235 48 577 447 641 652 630 536 160 71 681 405 2 99 410 60
Route #10: 27 574 172 187 14 357 67 538 584 426 216 322 415 673 207 147 374 294 247 525 227 210 544
Route #11: 62 268 191 252 65 604 116 469 94 76 473 64 202 300 401 87 597 122 287
Route #12: 104 554 462 340 465 516 508 129 334 188 284 38 530 418 318 177 654 490 362 435
Route #13: 86 628 660 323 333 16 486 397 266 497 89 664 336 61 352 313 68 378 527 377 674
Route #14: 158 39 162 622 325 46 12 483 515 419 576 572 485 264 250 137
Route #15: 430 173 326 40 255 75 206 209 643 161 434 578 312 390 524 13 208 4 257 482 110 186 421
Route #16: 193 59 404 295 330 436 135 368 131 359 74 528 328 256 308 221 569 350 152
Route #17: 489 667 376 611 626 439 545 474 393 438 314 503 343 398 529 220 682 203 463 445
Route #18: 245 484 414 560 391 299 270 573 238 311 167 303 453 659 342 619 229 658 204 360 51 406 293 154
Route #19: 639 66 134 680 562 417 274 363 248 339 506 635 570 47 399 346 416 25 36 259 627
Route #20: 6 442 472 459 153 230 412 9 54 501 143 151 607 107 455 127 214 371
Route #21: 63 33 403 586 92 364 589 532 44 444 413 687 502 30 100 225 217
Route #22: 82 388 196 246 663 596 338 420 533 234 662 219 240 517 518 688 10
Route #23: 649 496 625 351 20 95 354 446 389 309 7 269 21 93 239 72 11 365 200
Route #24: 297 337 467 650 408 475 647 349 183 452 513 277 621 609 156 223 449 140 566 549 487 591 424 507
Route #25: 181 192 237 675 22 201 271 17 121 118 564 146 470 671 499 457 123 429 108 567 425 171 553 535
Route #26: 159 194 306 5 276 666 638 165 345 310 382 520 505 49 189 258 656 290 138 546
Route #27: 174 443 126 587 653 369 168 440 547 568 616 423 280 523 224 145 552 684 69 431 111 602 370 185 28 50 657 324 387
Route #28: 243 669 133 317 541 665 265 588 23 575 180 291 327 272 634 617 43 558 542 400 226 539 451
Route #29: 41 24 409 427 441 648 215 428 454 347 96 142 285 205 456 231 670
Route #30: 73 56 197 494 319 275 26 610 316 101 83 672 198 136 166 618 386 91
Route #31: 479 125 283 302 540 32 592 488 395 450 106 19 262 105 88 629 195 115 213 679 355 148
Route #32: 646 175 117 381 461 519 495 514 476 522 583 292 478 555 109 267 500 512 556 18 422 598 211 249 644 637
Route #33: 385 531 407 279 261 139 273 601 557 103 102 366 613 199 222 29 615 85 84 244 433
Cost 347333
Time 577.015
