Route #1: 466 339 52 211 229 259 311 382 333 263 84 342 200 328 378 393 261 418 390 44 19 17 303 168
Route #2: 159 506 7 146 334 461 177 67 310 213 9 397 267 420 454 327 373 457 447 105 518 524 464
Route #3: 207 392 427 434 92 292 387 406 407 380 483 142 460 232 317 363 307 469 228 350 183 143
Route #4: 288 274 474 523 134 411 500 510 379 240 11 8 408 276 136 476 436 291 61 236 243 79
Route #5: 356 111 217 444 415 204 46 222 2 231 531 472 279 110 120
Route #6: 127 389 277 353 115 481 149 441 412 196 186 37 163 491 43 193 176 4 308 384 423 93 132
Route #7: 209 458 248 325 396 386 395 5 10 332 455 246 152 391 71 45 35 419 201 227
Route #8: 99 104 38 299 372 315 250 171 233 135 426 164 41 409 14 493 452 203 225 425 475 398
Route #9: 280 218 477 95 433 100 517 381 235 102 191 320 515 417 226 470 410 403 123 298 28
Route #10: 319 64 97 367 513 160 268 287 459 269 70 286 306 405 270 529 221
Route #11: 290 12 301 137 340 435 375 374 198 154 202 331 151 271 468 330 360 247 253 194 157 495 112
Route #12: 106 22 431 16 492 496 23 24 147 166 170 516 324 509 505 499 388 81 359 355
Route #13: 82 482 78 53 76 77 283 162 169 192 260 349 428 352 467 59 63 47 185 244 497 318 56
Route #14: 262 116 437 39 338 219 150 130 284 507 439 214 153 501 18 189 323 75 480 400 462 174 3 297
Route #15: 498 216 138 296 33 383 508 364 242 371 239 520 190 128 316 265 295 49 223 180 238 98 489
Route #16: 479 278 421 264 69 205 326 30 21 188 124 144 401 20 366 525 118 57 245 273 281 300 55 94
Route #17: 456 451 414 443 32 101 26 361 131 344 422 255 234 488 309 485 351 347 179 210 438 385 80 429 91
Route #18: 502 158 294 399 62 139 282 257 348 167 354 484 376 305 31 343 289 148 336 119 96 528 369 208 237 133 50
Route #19: 197 312 490 446 114 337 473 58 29 416 107 345 440 254 87 394 72 346 122 241 27 215 512 527
Route #20: 90 285 66 511 25 195 362 341 450 258 129 187 329 304 113 145 522 302 251 252 220 365 181
Route #21: 40 108 88 172 173 140 256 36 54
Route #22: 503 377 42 65 430 156 121 432 442 494 73 178 514 206 15 370 249 68 335 13 449 486
Route #23: 48 175 117 471 86 199 487 51 155 314 368 60 526
Route #24: 413 357 182 321 322 293 530 402 161 448 266 212 74 521 504 478 83 6 85 125 424 465 230 89
Route #25: 358 141 404 184 109 126 103 1 453 445 224 275 272 34 165 463 519 313
Cost 247979
Time 655.127
