Route #1: 234 200 90 220 149 8 7 274 183 23 81 34 131 141 2 91 37
Route #2: 265 254 217 143 120 169 76 115 46 56 117 212 78 282 65 146 66 35 142 160 296
Route #3: 157 151 106 275 173 62 59 60 88 260 298 174 31 175 266 74 243 40 297 293
Route #4: 57 237 144 195 77 29 27 72 210 294 108 247 75 214 136 226 193 70 51 116
Route #5: 130 45 107 197 118 6 33 203 153 50 96 126 201 248 264 127 244
Route #6: 206 26 109 58 15 154 71 52 204 236 16 83 132 104 276 67 122
Route #7: 18 216 235 241 69 168 198 49 250 111 257 223 178 145 225 228 287 119 188 187 181
Route #8: 269 53 230 185 273 238 291 290 80 82 256 278 134 300 184
Route #9: 5 165 101 271 164 222 179 289 30 207 176 135
Route #10: 163 281 186 231 14 209 224 92 129 63 196 68 270 253 249 28 221 89 139 189 246
Route #11: 152 99 13 263 280 9 95 32 284 85 299 48 208 20 191 55
Route #12: 100 166 240 159 10 215 79 87 283 148 180 205 3 113 301 42 125 167 251
Route #13: 12 233 194 261 128 25 110 103 86 47 211 156 285 288 295 255 19 97 170 147 105 121
Route #14: 44 93 1 158 272 227 218 133 4 292 43 73 277 258 137 262 98 61 140 245
Route #15: 94 268 155 182 84 239 22 267 219 41 11 232 38 36 202 199 259 177 229 279 54 242
Route #16: 171 161 124 150 21 138 123 213 190 24 64 39 102 252 192 172 162 17 114 286 112
Cost 212459
Time 235.84
