Route #1: 321 287 196 23 388 381 409 391 386 270 371
Route #2: 158 346 136 157 361 417 309 408 378 109 165 186 130 435 89 149 164 76
Route #3: 46 331 366 247 332 119 313 312 364 264 25 198 206 169 57 52 6 24
Route #4: 184 197 211 226 333 325 32 78 338 352 229 77 359 443 438 428 423 354
Route #5: 310 261 291 292 327 278 231 228 253 259 422 66 65 104 262 400 207 132 127 12
Route #6: 230 425 55 290 114 445 185 447 449 134 433 348 399 396 173 194 135 430 319 205 342 98 151
Route #7: 68 330 156 195 436 45 48 49 380 223 431 283 246 168 243 193 188 29 118 182 222 172 117 82
Route #8: 265 67 155 105 79 419 340 311 362 152 341 108 437 1 26 303 38 320
Route #9: 227 235 288 148 92 284 39 336 21 204 50 266 125 373 100 59 33 63 81
Route #10: 236 414 103 30 407 9 58 34 41 44 10 203 257 144 225 28 298 358 328 4 36 14 237
Route #11: 343 326 317 232 220 178 167 162 40 382 307 219 56 302 372 370 367 199 345 347
Route #12: 281 363 238 241 322 295 215 420 37 263 324 138 351 375 139 91 166 2 160 175 189 62
Route #13: 126 304 22 377 88 94 120 314 111 177 249 293 143 450 234 441 27
Route #14: 208 446 444 308 296 20 61 3 170 80 440 439 260 216 258 301 275
Route #15: 5 201 123 142 141 140 277 306 402 147 350 404 200 122 137 154 159 124
Route #16: 150 209 86 365 115 163 146 153 405 250 393 395 389 390
Route #17: 394 397 357 353 418 84 245 268 286 11 280 53 74 415 392
Route #18: 221 269 254 171 212 210 267 337 299 282 387 356 360 297 410 434 240 274 279 285 384 334 376
Route #19: 133 411 401 424 7 43 31 335 252 251 71 180 73 113 8 176 179 426 183
Route #20: 112 97 316 93 379 87 161 129 329 60 239 69 75 72 83 95
Route #21: 110 300 421 101 187 368 35 218 448 355 349 233 145 202 191 190 374 128 102
Route #22: 344 369 107 214 17 442 318 47 242 192 217 85 272 244 248 276 406 416 181 131 99
Route #23: 413 385 271 213 70 54 18 51 383 116 106 96 256 90 339 16 121
Route #24: 224 255 294 19 174 42 323 15 429 64 432 427 13 403 398 305 315 273 289 412
Cost 230156
Time 648.794
