Route #1: 219 134 230 148 92 217 88 242 241 83 229 111 100 145 7 99 74 129 169 154
Route #2: 113 20 249 149 128 96 156 18 240 245 244 62 238 231 115 143 82 146 65 173 97 203 202 201 196
Route #3: 168 121 166 56 110 61 126 41 91 172 117 120 186 73 45 6 60 136 107 14 164
Route #4: 76 179 124 69 71 55 38 75 79 15 237 122 44 13 125 165 189 11
Route #5: 119 106 108 26 109 12 206 135 101 70 93 218 94 57 68 84 64 90 159 67 3 98
Route #6: 193 16 222 2 118 174 4 167 188 123 48 49 103 150 133 127 22 86 116 144
Route #7: 52 208 207 63 30 9 21 239 177 243 227 226 141 223 184 24 137 102 81 29
Route #8: 224 250 228 51 212 211 87 171 181 155 40 58 220 234 158 246 59 233 43 138 162
Route #9: 104 215 77 236 42 85 8 232 95 105 28 199 247 204 5 216 112
Route #10: 185 200 180 170 176 198
Route #11: 214 89 78 53 66 39 19 47 114 151 130 35 32 33 27 54 213
Route #12: 210 190 25 225 192 23 147 37
Route #13: 46 1 175 142 140 178 80 50 139 132 163 195 72 235 187 152 131 205
Route #14: 209 191 197 194 36 34 17 160 157 10 31 182 183 221 248 153 161
Cost 147352
Time 654.151
