Route #1: 110 71 243 10 114 201 287 82 185 267 29 122 126 193 37
Route #2: 60 270 139 150 213 205 273 226 216 66 171 210 42 3 222
Route #3: 155 283 227 15 280 261 219 51 296 295 117 9 113 167 131 40 236 182 196 259
Route #4: 6 72 281 97 112 180 260 264 128 166 275 16 38 144 197 248 203 258 186 140 268 69
Route #5: 209 75 265 153 257 256 87 55 4 57 156 181 118 50 262 282 165 133 238 7 135 175 138
Route #6: 92 278 240 96 2 141 241 159 89 151 58 63 14 81 217 136 286 200 39
Route #7: 26 99 208 70 64 154 176 123 20 178 192 187 90 206 130 21
Route #8: 145 169 106 59 49 158 12 188 179 83 108 285 293 24 56 214 43
Route #9: 288 65 134 190 48 212 1 161 235 250 8 239 202 189 249 85 246 11 77 124 242
Route #10: 184 292 251 23 25 244 19 94 274 255 88 152 231 78 271 95 120 272 198
Route #11: 168 115 234 211 195 269 233 45 18 218 129 137 230 102 34 160 245 28 54 125 289 252
Route #12: 237 157 84 73 121 119 67 223 30 132 104 142 199 204 291 147 103 277 266 143 46 91 35
Route #13: 232 105 107 80 53 279 79 207 149 194 163 172 101 44 109 27 284 127 177 228
Route #14: 31 74 164 224 263 290 162 47 173 68 220 52 174 215 247 33 98 76 148 183 146 62
Route #15: 61 93 17 229 111 22 170 254 5 294 32 191 86 100 13 221 253 276 41 36 116 225
Cost 163437
Time 167.673
