Route #1: 78 77 88 160 37 234 10 228 186 208 87 82 81 224 183 19 68 117 105 102
Route #2: 113 104 100 50 46 142 137 83 61 74 122 90 13 221 21 22 67 135 189 190 193 177 205 229
Route #3: 79 196 89 70 66 134 138 136 96 163 166 170 69 85 175 168 144 30 16 191 176 24 86 98 227 73
Route #4: 153 152 129 40 41 195 97 2 180 232 207 55 119 206 212 213 103 106 204 209
Route #5: 194 201 91 162 108 226 116 109 4 150 60 165 59 31 94 121 120 181 215 44 220 38 118
Route #6: 182 157 155 145 128 124 125 107 151 63 219 203 216 211 210 159 158 217 149 147 148 225
Route #7: 223 198 131 199 200 222 197 188 112 15 1 18 178 146 167 5 29 64 218 161 52 187 171
Route #8: 185 65 172 202 192 230 56 6 26 75 126 132 139 28 45 12 8 39 42 57 36 231 49 214
Route #9: 141 238 130 11 95 111 235 114 115 123 156 32 92 43 72 54 35 169 33 3 34 239
Route #10: 7 9 14 51 76 48 47 62 179 71 23 53 80 99 127 140
Route #11: 184 58 233 164 173 174 20 143 133 25 154 110 236 101 84 93 27 17 237
Cost 84106
Time 615.892
