Route #1: 408 190 192 213 16 39 238 143 439 417 419 196 221 225 231 418 200 232 414 293
Route #2: 101 370 411 392 344 63
Route #3: 320 393 305 298 264 276 10 314 33 36 331 339 336 354 351 5 11 307 343 341 427 313
Route #4: 401 310 25 332 346 348 347 433 376 386 422 450 207 86 409 413 440 412 218 147
Route #5: 235 116 398 394 262 283 263 180 83 144 330 357 375 340 274 389 356 241 230 441 59
Route #6: 416 437 74 46 247 244 291 436 285 402 280 388 442 3 12 142 438 380 426
Route #7: 125 124 105 14 242 205 220 266 243 102 54 296 211 80
Route #8: 282 361 90 96 174 112 135 121 167 162 130 185 184 245 114 115 367
Route #9: 384 327 334 306 407 88 15 406 378 153 92 403 435
Route #10: 324 131 113 50 45 429 58 95 64 99 415 176 428 420 53 295 338
Route #11: 301 70 158 390 396 251 187 335 410 78 138 186 248 123 177 28 277 400
Route #12: 69 256 181 163 445 275 91 104 110 379 399 193
Route #13: 57 26 179 366 139 111 155 168 100 178 223 81
Route #14: 195 270 164 265 206 294 303 6 308 382 353 32 236 237 219 126 67 328 165 355 98
Route #15: 73 383 385 22 55 173 65 118 97 146 199 148 304 451
Route #16: 257 140 212 13 309 157 269 302 94 397 108 172 391 268 322 317 321 40 119
Route #17: 281 42 271 77 246 423 425 117 183 449 72 404 342 9 323 290 279 85 84 333 188 191 166
Route #18: 61 82 31 214 217 260 215 222 21 252 364 227 292 288 233 234 24 362 51 79 136 159
Route #19: 87 62 319 345 432 160 141 284 76 71 68 19 20 1 287 198 17 170 443 272 431
Route #20: 349 315 37 47 60 267 369 373 372 203 250 4 7 29
Route #21: 38 325 93 208 23 2 56 49 103 201 204 107 34 312 129 41 75 249 289 18 258 259 228
Route #22: 273 261 44 145 154 226 151 194 171 316 352 152 137 350 189 374 358 329 169 255 175 150 311 297 52
Route #23: 127 337 318 381 133 210 209 106 359 122 8 35 448 240 43 447 360 434 395 120 229
Route #24: 253 444 452 453 286 421 254 377 30 197 216 161 454 300 278 202 446 424 27 239
Route #25: 182 128 326 132 149 109 363 48 224 156 66 134 430 387 365 89 371 405 299 368
Cost 263810
Time 831.545
