Route #1: 180 158 136 170 192 240 268 294 218 216 204 205 179 119 137 234 157 215 366 229 236 230 223 254 266 265 282
Route #2: 96 167 115 1 393 144 145 217 225 219 125 89 91 76 78 99 101 113 139 221 92 264 77
Route #3: 62 104 116 120 310 121 247 66 171 26 135 59 248 245 257 241 67 224 193 212
Route #4: 69 260 238 54 305 249 148 301 161 336 182 186 190 189 177 172 173 288 334 142 152 330 262 252 242 133
Route #5: 370 159 169 175 176 345 386 32 155 124 138 14 380 371 166 347 338 235 251 64
Route #6: 114 188 126 256 244 255 21 154 28
Route #7: 286 308 291 289 285 292 295 303 332 300 299 146 280 15 11 12 384 314 70 8 392 391 390 307 318 320
Route #8: 325 226 232 349 278 316 313 23 311 17 327 27 47 108 55 80 20 102 363 79 357 44
Route #9: 364 360 358 355 34 269 87 326 10 141 36 37 42 52 328 53 61 72 73 93 304
Route #10: 296 302 309 337 339 342 340 379 375 381 354 352 350 351 362 359 348 317 298 293
Route #11: 156 128 122 373 367 168 227 185 107 147 250 275 214 209 207 231 276
Route #12: 208 94 13 45 341 261 111 211 51 377 383 86 88 97 85 5 346 83 368 385 376 129 283 323 315 306 281
Route #13: 160 63 130 131 38 132 58 274 258 206 287 344 329 95 361 98 90 82 343 369 74 48
Route #14: 279 272 127 335 118 65 267 374 178 263 7 270 277 191 196 40 6 246 112 239 372 387 200 331 259
Route #15: 237 60 210 253 68 201 84 149 33 18 181 134 22 243 49 39 35 75 123 2 16 41
Route #16: 333 388 117 81 43 4 3 389 31 56 150 50 100 71 140 195 194 198 273
Route #17: 220 321 202 284 222 353 24 57 109 184 165 163 30 233 29 187 151 213 105 9 25 297 322
Route #18: 228 356 110 106 162 103 164 153 174 183 197 199 143 46 324 203 319 378 271 290 312 365 19 382
Cost 175309
Time 790.467
