Route #1: 247 145 106 54 28 84 253 255 83 190 96 7 243 250 137 11 70 71 95 184 195
Route #2: 67 158 79 204 76 136 77 78 189 179 132 185 34 48 197 107 157 237 151 47 66 111 56 88 222
Route #3: 216 155 203 235 144 120 192 129 212 232 25 223 186 207 191 188 51 181 103 26 105 123 124 100 52 93 147 104
Route #4: 211 205 214 29 201 36 240 46 174 153 62 143 131 125 117 164 114 254 249 13 6 57 156
Route #5: 64 115 242 173 226 233 206 208 252 248 122 110 241 228 217 230 225 116 152 50 33 127 134 170 171 227
Route #6: 167 194 168 161 162 130 85 234 229 219 218 224 165 160 166 169 175 139 141 199 221 198 220
Route #7: 42 154 176 172 31 258 49 1 213 18 35 238 109 118 159 133 178 9 24 209 239
Route #8: 43 17 19 150 138 210 98 101 163 30 177 44 91 99 15 12 41 86 148
Route #9: 244 183 202 149 72 245 89 53 60 55 81 126
Route #10: 92 90 82 73 75 74 63 80 32 59 61 58 45 231 256 40 3 2 21 38 180 236
Route #11: 257 39 22 23 142 20 5 4 182 128 246 259 196 200 69 94 102 27 113 112 14 87
Route #12: 97 108 65 68 37 10 187 215 251 8 16 135 146 121 119 140 193
Cost 88312
Time 572.86
