Route #1: 251 413 254 141 155 33 22 62 76 223 207 211 74 165 430 125 363 136 362 103
Route #2: 241 121 55 148 259 352 331 274 159 234 43 424 137 127 210 209 99 104 56 298
Route #3: 394 289 287 119 249 222 237 144 367 16 192 432 404 39 2 78 1 115
Route #4: 247 167 304 288 57 145 32 75 199 124 146 171 204 193 164 170 202 190 151 435
Route #5: 214 205 201 188 13 25 19 208 149 166 129 101 246 172 91 197 265 150 122
Route #6: 302 181 123 128 236 258 324 383 334 142 81 73 131 270 175 45 58 37 200 309
Route #7: 257 107 110 108 47 48 300 290 7 14 15 46 36 92 94 93 44 311
Route #8: 217 84 109 226 231 348 239 301 130 173 395 408 8 232 238 90 88 415 382 250
Route #9: 275 312 296 156 10 414 428 313 271 215 253 410 219 96 132 20 213 240 183
Route #10: 203 17 248 387 391 184 276 42 384 77 438 82 86 72 50 420 392 406 417 397
Route #11: 49 27 29 35 53 54 160 51 174 178 60 98 111 102 31 30 40 401 34 18 351 327
Route #12: 314 315 359 366 407 422 402 433 436 423 67 9 409 400 427 426 353 349 339 356 342 343 443 441 442
Route #13: 346 358 325 319 308 307 323 330 326 335 360 336 378 376 375 379 385 381 377 373 321 347
Route #14: 285 337 338 340 21 194 357 416 411 419 418 361 344 317 354 364 365 371 306 328 322 293 316 310 297 291 283
Route #15: 405 329 28 41 388 52 71 85 345 106 120 11 12 126 412 421 429 437 434 389 138 370
Route #16: 332 153 168 386 369 187 177 169 176 114 230 295 380 180 179 393 196 374 182 195 154
Route #17: 158 261 216 157 220 235 244 242 431 186 185 439 4 64 350 80 403 398 390 69 59 399 24 355 440
Route #18: 66 83 79 255 273 256 140 425 87 100 118 134 212 228 280 277 268 272 63 68 65 341
Route #19: 396 3 252 23 61 70 89 117 95 105 266 267 147 245 135 143 163 116 112 113 97 139 224 233 368
Route #20: 294 333 282 318 320 278 279 284 227 229 189 198 191 218 38 162 152 133 286 206 225 305 292 264 269
Route #21: 262 263 161 243 260 303 299 372 5 221 26 6 281
Cost 202522
Time 830.459
