Route #1: 222 168 148 145 142 227 176 204 154 206 226 129 165 175 170 112 103 104 106 110 181 179 190 189
Route #2: 224 211 186 195 322 197 174 171 47 49 102 20 55 61 60 220 198 209 236 254 314 10 298 53
Route #3: 235 269 223 99 245 132 293 299 139 153 152 136 205 141 178 172 118 215 200 159 87 77 173 107 1 62 84 283 67
Route #4: 57 56 164 73 82 131 111 115 157 105 98 184 183 208 81 225 230 92 253 109 301 122 134 308 135 239 133
Route #5: 255 16 272 96 285 287 68 303 30 304 26 320 276 324 270 7 9 279 288 275 271 266 267 263
Route #6: 247 259 268 274 11 286 21 24 64 52 46 41 127 125 95 119 100 327 54 260
Route #7: 28 130 241 311 149 199 151 89 32 123 219 216 221 246 248 238
Route #8: 71 318 294 277 265 261 244 249 257 252 258 256 5 45 59 302 297 296 295 280 284 290 250 19 17 70
Route #9: 138 80 312 185 273 69 313 319 13 39 191 93 289 291 292 97 74 76 316 38 317 12 321 315 167 90 264 251
Route #10: 326 281 188 307 14 31 48 51 214 232 231 120 50 40 78 243 29 3 15 2 65 25 43
Route #11: 242 79 202 203 228 75 144 143 201 217 166 182 278 108 310 262 305 23 325 282 33 58 4
Route #12: 323 147 161 163 229 160 192 140 128 212 94 126 27 114 86 306 36 42 37 8 233 22 187 194 300 6
Route #13: 328 91 137 180 72 101 113 117 210 146 196 44 66 63 207 234 121 116 150
Route #14: 124 218 193 213 34 18 85 88 35 155 177 158 156 162 240 169 309 83 237
Cost 147827
Time 342.923
