Route #1: 228 305 164 318 141 180 214 309 297 205 143 134 111 303 146 149 142 12
Route #2: 152 157 326 330 332 192 328 317 147 178 292 212 5 281 130 170 43 153 233 198 289
Route #3: 241 11 110 65 95 103 206 21 100 185 218 91 278 262 248 250 261 105 291 229 51 54
Route #4: 247 129 204 179 76 93 34 66 108 46 60 121 106 221 3 90 166 63 68 45 201 306 38 304
Route #5: 244 243 194 220 202 269 230 267 264 1 9 8
Route #6: 29 109 158 150 123 124 4 13 28 78 113 298 168 97 239 237 263 258 307 184 169 120
Route #7: 181 22 227 2 116 154 159 240 163 135 122 131 209 126 71 77 25 190 127 33 223 316
Route #8: 94 271 280 67 53 79 7 52 338 117 32 50 199 132 56 231 89 88 96 171 6
Route #9: 55 279 273 81 107 24 44 275 140 18 321 176 175 174 272 207 196 314 315 128 333 311
Route #10: 277 139 151 36 64 14 48 138 302 16 118 323 325 322 295 72 296 226 219 186 156 83
Route #11: 266 99 37 30 232 290 236 73 70 285
Route #12: 274 299 10 35 27 287 329 245 61 265 98 69 208 310 224 238 136 87 294 293
Route #13: 313 268 92 23 336 324 42 173 84 162 183 182 188 165 39 148 17 15 125 319 114 115 119 133
Route #14: 102 155 145 19 75 80 104 74 57 47 62 191 26 256 301 41 40 270 49 85 259 211
Route #15: 335 257 308 31 217 137 286 189 203 112 82 101 222 195 197 288 253 160 161 334 337
Route #16: 242 282 246 249 327 252 300 86 193 234 276 200 177 210 144 167 213 284
Route #17: 216 225 20 172 187 58 59 260 255 251 312 283 235 331 215 320 254
Cost 197161
Time 594.688
