Route #1: 183 98 221 232 101 121 219 74 308 220 316 160 254 100 125 271 318 174
Route #2: 14 102 132 310 228 137 127 120 105 68 66 203 54 261 155 40 18 317 91
Route #3: 17 128 81 58 130 104 106 26 239 89 129 103 62 69 295 207 61 35 286
Route #4: 154 234 214 311 289 162 186 65 285 296 82 181 257 141 109 53 49 15 5 315 235 210 259
Route #5: 264 84 188 291 48 184 167 149 321 233 241 283 77 2 70 224 238 194 179 182 172 200 144 16
Route #6: 158 299 301 293 287 19 20 118 119 7 29 30 36 322 55 57 306 28 33 59 267
Route #7: 249 211 198 146 126 112 240 246 113 225 226 262 276 236 245 255 305 273 274 277 290 222 251 73 41
Route #8: 256 250 265 268 263 258 272 304 13 284 282 12 192 37 44 93 209 206 85 227 216 294
Route #9: 11 138 279 312 313 32 9 21 22 300 88 189 163 108 96 111 133 75 116 51 60 3 38 42 195
Route #10: 43 80 95 1 107 213 110 230 243 123 292 298 117 280 281 148 134 147 139 145 159 297 140 24 323 87
Route #11: 8 270 320 45 275 47 212 190 196 99 56 23 124 52 319 164 46 176 173 25 170
Route #12: 64 31 67 63 177 252 152 34 50 114 86 115 288 90 76 168 269
Route #13: 136 208 156 231 166 244 157 6 71 309 302 237 97 307 10 122 193 94 78 165 278 72 187 4
Route #14: 135 161 178 218 92 260 79 83 150 142 153 303 314 215 266 197
Route #15: 175 143 180 242 247 248 229 201 185 151 253 217 191 205 27 39 171 131 169 202 204 199 223
Cost 168754
Time 752.552
