Route #1: 179 82 23 255 247 289 154 133 210 222 163 19 373 274 400 120 132 197 360 207 381
Route #2: 375 229 293 3 251 413 318 374 15 240 285 321 368 408 104 311 380 324 112 21 372
Route #3: 149 348 388 61 115 218 83 303 67 308 204 46 259 327 194 164 345 338 68 8 131 97 11 129
Route #4: 361 364 350 170 330 85 176 371 45 66 217 151 349 310 69 190 230 389 20 16 14 57 90
Route #5: 341 288 331 326 24 309 250 267 117 49 38 221 110 245 63 302 269 43 141 265 283
Route #6: 96 111 94 102 226 234 50 208 209 91 74 73 352 182 78 200 320 116 56 314 316 98
Route #7: 287 72 301 135 315 40 358 260 262 5 25 362 355 246 282 100 27 139 42 286 219 2 122 297
Route #8: 231 213 214 266 244 172 351 147 140 145 186 48 181 173 183 171 155 81 306 296 118 13 71 105 70 65
Route #9: 203 257 300 53 52 31 396 403 233 60 356 156 212 304 409 35 235 138
Route #10: 325 377 292 270 39 354 253 178 215 205 4 256 123 291 36 365 153 249 248 107 33 383
Route #11: 109 93 32 392 41 119 405 387 347 166 160 121 401 128 148 55 54 89 95 76 47 146
Route #12: 159 158 167 184 87 134 80 113 12 88 64 397 386 391 384 312 404 378 398 382 402 395 34 92 415
Route #13: 280 305 185 180 258 276 37 252 201 216 284 370 195 86 243 271 58 124 399 193 337 169 277 175 232 414
Route #14: 333 334 357 79 336 323 239 272 363 367 242 241 238 279 332 307 281 353 275 196 188 191 328 237 101 168 261
Route #15: 126 157 22 298 225 385 6 7 162 1 9 236 416 329
Route #16: 150 410 294 127 317 106 411 319 187 29 254 161 192 189 174 136 199 339 322
Route #17: 295 206 108 220 99 299 342 406 211 346 28 394
Route #18: 376 268 359 18 84 369 273 17
Route #19: 390 137 202 26 340 198 114 10 343 407 51 263 366 228 227 75 278 77 103 62 152 224 313
Route #20: 165 393 335 290 144 264 379 125 44 344 142 130 59 177 143 223 412 30
Cost 125537
Time 748.839
