Route #1: 160 101 86 69 106 47 114 117 57 167 91 93 112 163 81 20 37 98 116
Route #2: 72 77 21 23 62 58 280 94 318 103 209 230 85 232 208 320 131 151
Route #3: 271 31 45 6 84 87 104 40 39 110 268 263 290 321 107 193 241 184 264
Route #4: 74 171 218 135 274 132 3 138 180 270 269 4 145 42 65 126 88 258 148 50 99 276 142
Route #5: 53 63 68 89 59 64 76 115 154 157 204 100 198 231 35 97 159 61 33 315 317 260
Route #6: 149 49 143 125 26 108 109 237 90 95 34 15 92 16 78 46 54 70 44
Route #7: 83 66 2 113 287 56 233 300 278 273 255 1 259 55 248 48 305 217 67 118 52
Route #8: 111 38 79 80 96 120 121 144 146 147 162 174 175 123 122 173 185 194 188 189
Route #9: 102 220 176 181 168 186 240 249 256 239 199 197 158 124 127 136 141 150 137 170
Route #10: 60 75 71 73 165 161 169 242 267 183 304 153 322 172 155 19 134 17 211 43 11 254
Route #11: 128 139 164 133 156 207 195 203 234 212 205 213 221 229 216 225 224 223 222 227 238 277 285 284
Route #12: 182 190 192 178 179 245 266 272 297 288 289 200 293 191 177 166 152 119 105 296 206 243 324
Route #13: 253 10 8 325 201 219 299 298 129 215 226 244 314 265 310 282
Route #14: 130 302 313 311 82 295 319 306 307 292 283 251 235 228 210 246 202 214 236 196 187 140
Route #15: 250 247 252 309 262 316 303 22 36 281 28 257 261 24 275 5 9 279 18 51 291
Route #16: 301 312 12 13 7 30 41 25 27 323 29 32 294 308 14 286
Cost 116187
Time 654.85
