Route #1: 138 104 298 340 254 35 24 114 338 342 102 233 41 123 241 317 148 55 181 347 370 303 96 161
Route #2: 195 184 7 194 310 326 358 97 311 6 19 39 293 327 117 294 252 344 333 201 199 255 230
Route #3: 59 324 349 306 364 153 368 227 169 316 30 284 353 361 154 239 275 302 43
Route #4: 331 320 273 356 253 289 44 71 22 278 145 180 238 232 31 246 73 357 37 312 231 115 218 51 281 134
Route #5: 33 83 68 144 130 162 47 69 313 318 334 346 141 3 237 60 174 286 307 332 202 290 371
Route #6: 350 366 132 65 242 91 75 54 341 226 271 2 8 288 352 140 325 360 70 137 158 119 16
Route #7: 205 362 204 42 159 67 345 127 248 274 308 23 247 63 363 156 101 129 210 170 52 113 56 155
Route #8: 168 269 10 38 355 267 301 167 98 110 348 152 151 118 17 80 200 79 297 305 304 26 112 208 15 330 85
Route #9: 150 191 276 57 299 321 61 5 146 103 4 216 339 147 212 1 236 224 263 48 125 367 18
Route #10: 221 228 219 258 328 206 192 315 250 111 100 139 76 229 14 32 217 36 260 272
Route #11: 240 314 323 234 262 270 12 135 268 291 131 183 172 64 136 74 179 11 282 142 164
Route #12: 88 27 188 9 177 107 166 354 211 109 78 34 173 213 20 256 264 222 157
Route #13: 49 190 365 285 243 257 13 46 143 25 62 28 336 279 343 163 53 160 220 121
Route #14: 81 261 189 225 58 105 149 29 283 106 329 86 84 198 259 309 277 94 82 45 359 171
Route #15: 72 193 249 214 21 287 295 185 92 196 251 122 50 90 369 322 266 77 93
Route #16: 187 95 203 207 223 108 300 197 209 337 175 335 40 99 116 280 124 66
Route #17: 165 176 120 182 265 215 296 87 319 235 133 244 186 89 128 245 292 351 126 178
Cost 155110
Time 389.136
