Route #1: 116 101 28 52 43 290 254 255 241 231 210 203 169 22 51 41 25 126 302 305
Route #2: 48 59 297 299 300 292 61 279 288 68 5 9 7 13 34 57 88 153 66
Route #3: 35 218 256 38 91 50 60 33 244 77 202 36 266 309 37 54 85 186 90 82 31
Route #4: 246 121 152 213 286 258 103 114 29 197 71 295 70 211
Route #5: 137 159 156 178 160 111 154 127 65 267 98 135 150 204 118 140 122 30 143 151 155 273 274
Route #6: 296 198 194 157 149 129 125 81 12 94 86 79 76 176 308 173 4 162 168 120 92 214 193 84
Route #7: 42 175 136 40 247 64 69 148 187 196 53 179 170 44 141 146 39 165 287 132 207 163 171
Route #8: 2 110 108 74 73 87 106 177 104 182 188 189 200 181 93 99 95 72 96 124 105 109 97 107
Route #9: 259 219 209 208 166 123 100 112 161 167 174 158 190 201 20
Route #10: 180 102 195 205 128 191 184 183 130 225 117 119 260 264 277 49 56 47 192 227
Route #11: 234 253 263 278 115 275 281 133 293 280 139 145 147 142 138 144 134 222 215 257 291 185 199
Route #12: 220 6 237 24 270 276 27 18 242 239 311 11 10 282 303 3 306 294 283 268 251 21 19 229
Route #13: 55 262 58 67 46 8 16 17 23 26 89 15 75 307 298 310 32 285 1 252 63 248 221
Route #14: 80 172 78 250 289 304 301 269 284 272 238 235 233 243 230 212 45 164 131
Route #15: 83 216 113 249 226 232 224 236 240 245 223 265 261 271 217 14 206 228 62
Cost 140228
Time 1383.45
