Route #1: 19 283 14 110 31 166 246 244 188 22 180 181 83 172 151 189 270 259 18 227 202
Route #2: 26 23 222 218 98 219 4 187 77 75 87 1 155 162 48 201
Route #3: 123 126 82 258 64 11 132 27 3 241 240 286 161 205 137 206 197 153 144 216 224 62
Route #4: 211 210 282 233 232 230 228 235 236 229 148
Route #5: 79 150 130 136 152 60 120 78 65 41 265 260 159 89 33 178 173 138 107 68 93 71 285
Route #6: 121 156 38 279 251 290 37 9 223 271 92 97 15 5 59 47 95 91 106 226 17 49 20
Route #7: 40 124 207 154 168 146 142 160 185 194 195 196 157 86 182 80
Route #8: 113 184 191 225 81 105 128 94 61 39 50 66 280 192 32 266 21
Route #9: 69 183 284 56 243 108 52 199 245 158 10 287 96 8 167 288 281 190 119 163 164 247
Route #10: 234 237 6 203 44 54 170 198 147 139 102 250 248 249 252 103 135 268 28 267 122
Route #11: 263 13 116 84 76 45 186 145 111 112 133 231 209 212 221 239 88 51 114
Route #12: 129 29 90 99 261 104 289 2 74
Route #13: 272 115 100 242 127 12 70 55 43 254 179 200 255 169 175 208 264
Route #14: 257 58 57 36 35 34 141 140 85 171 269 7 134 25 262 125 42 72 63
Route #15: 214 256 109 101 16 165 193 174 176 177 204 213 117 131 143 220 149 275 217 278 24
Route #16: 53 238 73 30 277 273 46 215 118 67 276 274 253
Cost 160070
Time 215.632
