Route #1: 112 225 231 230 197 185 128 198 191 194 272 271 214 236 54 269 277 259 251
Route #2: 64 59 7 90 99 135 232 131 212 218 190 296 50 40 52 53 219 15 18 217 14 250 247
Route #3: 144 10 21 256 136 138 33 146 104 289 286 170 13 215 205 201 290 279
Route #4: 110 200 26 19 67 65 107 2 189 72 76 188 176 270 168 160 299 165 192 163 39 105 91
Route #5: 237 124 81 285 164 162 169 62 133 129 132 246 70 57 56 242 36 154 159
Route #6: 31 148 149 34 228 45 137 37 66 20 244 5 51 113 255
Route #7: 6 287 58 147 213 207 24 114 115 209 55 125 111 141 284 282 157 117 139 278
Route #8: 126 101 258 143 227 224 86 83 199 182 61 181 180 172 161 122 245 27 116 145 152 79 16 210
Route #9: 94 93 42 87 153 166 257 109 3 123 140 229 78 84 121 74 60 22 253 32 108 202 156 167 175 127
Route #10: 292 171 211 80 73 235 71 297 186 206 273 177 68 216 293 44
Route #11: 17 88 196 220 226 151 281 283 280 92 98 97 204 178 12 195 262 174 30 11 158 28 29 100 295 69 25
Route #12: 265 274 130 142 119 120 155 254 249 187 184 103 241 240 234 239
Route #13: 291 89 82 96 8 9 248 233 118 85 179 193 203 221 222 275 173 260 1
Route #14: 102 23 288 106 77 75 38 298 261 263 268 264 243 276 48 43 35 41 267
Route #15: 266 63 46 47 49 134 183 294 238 95 4 208 223 150 252
Cost 159869
Time 664.813
