Route #1: 118 10 24 38 72 71 206 291 252 314 317 31 50 273
Route #2: 280 113 98 70 232 247 243 220 213 59 268 265 246 188 49 37 125
Route #3: 231 184 172 167 176 137 218 63 60 211 187 245 180 73 168 306 282 269
Route #4: 240 9 214 228 32 241 225 250 256 242 43 284 285 300 215 224
Route #5: 266 279 186 299 141 151 108 312 212 208 210 47 316 175 191 192 198 221 263 259
Route #6: 92 103 20 301 116 87 22 203 195 81 89 95 94 201 255 271 287
Route #7: 6 315 181 21 28 169 101 58 128 140 183 14 194 178 230 7
Route #8: 88 144 159 157 173 158 51 166 56 202 147 308 185 189 156 292 90 100 143 229 135 1
Route #9: 136 139 16 222 257 253 182 29 39 8 233 238
Route #10: 130 122 262 223 261 148 127 99 18 109 110 78 126 219 79 260 91 96 119 236 217 244 251
Route #11: 132 270 272 102 162 171 84 249 311 57 3 4 12 163 129 85 179 15 160 154 121 105 134
Route #12: 204 205 26 177 93 17 35 117 131 302 145 153 55 54 254 27 33 75 77 309 277 197 80 274 174
Route #13: 276 290 264 310 313 296 293 305 83 106 235 226 42 165 142 303 133 120 104 2
Route #14: 258 19 97 138 155 146 152 86 164 82 200 61 227 196 149 111 124 150 5 69
Route #15: 62 34 53 248 170 123 112 114 234 68 278 190 13 288 107 239
Route #16: 216 193 283 74 76 30 207 304 11 237 289 286 267 115 281 294 297 298 295 307 199
Route #17: 275 44 209 41 45 36 48 40 46 65 67 23 64 25 66 161 52
Cost 169881
Time 296.921
