Route #1: 29 93 122 305 154 152 156 155 23 131 151 150 153 215 62 32 126 125 58 17 311
Route #2: 121 201 95 98 137 141 142 135 51 124 161 76 132 39 66 91 24 26 217 31
Route #3: 87 123 268 149 310 191 116 114 214 70 216 79 53 190 187 38 35 10 30 27 101 80
Route #4: 269 11 107 148 44 271 313 244 224 84 260 312 248 59 174 315 159 226 4 278
Route #5: 221 118 83 193 139 94 109 46 56 61 318 85 138 264 229 69 72 41 77 136
Route #6: 90 92 211 257 3 182 20 173 170 28 199 306 195 86 178
Route #7: 33 293 294 42 57 177 36 218 100 99 47 40 88 19 119 265 110 240 120 319 295
Route #8: 202 172 203 43 45 299 291 21 22 5 304 300 276 273 275 277 279 249 223 213
Route #9: 320 143 34 208 227 220 236 241 231 234 246 307 296 281 285 267 301 280 243 292
Route #10: 210 237 204 205 209 297 48 230 251 272 262 287 82 13 16 18 6 303
Route #11: 242 12 14 9 247 253 255 256 254 250 270 52 54 290 49 50 289 183 25 263 259 7 317
Route #12: 239 233 225 113 228 266 258 238 235 232 288 302 309 314 206 181 316 222
Route #13: 245 117 128 283 274 134 129 145 146 133 286 282 298 284 261 140 147 144 196 130 219 212
Route #14: 60 63 308 75 111 89 97 96 169 105 188 194 192 81 197 189 175 165 127 1 2 106 67 176 108
Route #15: 157 186 198 207 164 167 166 160 162 115 103 104 252 200 168
Route #16: 112 179 180 163 102 15 37 64 65 74 8 73 71 68 78 158 171 184 55 185
Cost 154232
Time 382.653
