Route #1: 246 217 232 82 77 266 191 233 17 124 323 140 50 230 58 170 107
Route #2: 109 110 248 274 213 179 45 152 280 223 242 196 229 64 116 163 34 111 65 56 198 41 270 247 311
Route #3: 234 55 83 11 275 319 184 255 273 282 141 28 62 123 176 261 84 279 68 310 195 235
Route #4: 286 183 267 75 94 209 225 37 76 165 208 245 27 302 128 154
Route #5: 22 220 189 89 115 293 256 48 114 174 69 71 222 314 157 216 260 290 252
Route #6: 197 93 160 49 236 24 308 18 190 139 193 54 104 277 303 295 33 325 136 244 101 53 44 156
Route #7: 91 29 78 181 298 315 207 13 316 205 221 129 143 155 322 145
Route #8: 97 159 253 297 269 271 168 250 166 257 185 161 30 137 318 26 52 306 60
Route #9: 144 142 133 21 80 19 289 25
Route #10: 4 125 8 263 35 326 23 100 63 292 299 74 9 7 304 201 72 162 148 243 296 1
Route #11: 36 73 169 86 12 268 6 215 5 20 272 51 177
Route #12: 43 108 61 203 164 85 120 172 39 305 38 98 204 285 113 265
Route #13: 307 211 126 150 106 281 117 59 90 119 178 188 180 3 146
Route #14: 212 122 237 167 96 231 206 210 218 288 118 259 42 199 153
Route #15: 313 254 87 226 135 262 79 14 151 186 134 32 187 301 294 88 2 16 320
Route #16: 66 149 276 251 321 99 224 70 287 324 112 47 284 158 95 46 249 121 132 240 81 283 291 238 105 309 131
Route #17: 102 312 300 227 173 214 194 182 219 192 241 175 138 200 10 40 258 147 103
Route #18: 228 171 15 202 264 317 92 130 31 239 278 57 127 67
Cost 230428
Time 238.684
