Route #1: 227 136 111 122 223 26 126 268 28 260 291
Route #2: 17 224 286 164 160 165 73 70 173 267 218 157 30 134 280 255 79 115
Route #3: 4 167 264 75 259 238 279 289 81 31 178 149 127 129 183 2 64 5 108
Route #4: 47 63 53 190 27 37 101 114 32 107 72 243 125 3 184 215 83
Route #5: 66 6 237 144 56 57 9 263 58 13 42 253 272 271 16 246 95 251 139 62 239 43 202 179
Route #6: 274 211 130 51 54 10 45 217 110 287 118 284
Route #7: 231 281 275 162 77 229 188 269 159 35 168 152 191 106 23 141 226 256 276 175 216 292 300 15
Route #8: 59 142 283 113 49 102 213 262
Route #9: 193 138 254 228 180 250 143 140 61 293 52 174 197 285 137
Route #10: 87 294 14 212 150 46 1 147 123 109 172 100 171 240 103 65 290 105 80 207 67 124 204
Route #11: 24 249 186 221 119 41 116 219 181 170 161 120 69 244 169 201 177 50 208
Route #12: 18 34 273 282 76 22 206 12 145 236 128 91 132 189 195 248 48
Route #13: 210 200 163 230 21 192 220 203 225 135 257 131 148 297 270 155 104 99
Route #14: 241 301 151 29 85 196 96 19 78 36 146 38 258 82
Route #15: 153 154 266 265 40 94 74 33 7 25 302 60 261
Route #16: 156 187 112 185 278 245 222 295 166 214 205 277 194 199 8 299 298 68
Route #17: 39 176 117 98 158 133 252 44 88 288 55 247 121 84 89 232 233 71
Route #18: 11 182 209 20 198 92 234 93 86 97 235 90 296 242
Cost 210782
Time 362.264
