Route #1: 12 136 8 47 14 76 104 31 1 36 69 68 121 157
Route #2: 213 193 35 44 81 90 113 19 39 202 10 204 16 219
Route #3: 86 114 146 92 103 100 192 189 126 176 181 72 88 173 154 177
Route #4: 217 151 37 112 42 180 49 67 89 64 123 130 98 93 107 118 124 24 150 216
Route #5: 116 132 101 143 147 153 163 159 160 164 186 122 144 139 133 125 145 188 108
Route #6: 55 25 9 41 34 21 17 95 48 83 43 45 110 51 13 4 7 20 134 142
Route #7: 187 178 152 167 59 57 11 161 6 135 156 195 194 199 183 182 172 158 28
Route #8: 18 78 54 85 96 97 115 79 53 71 30 32 206 185 23
Route #9: 38 191 211 127 148 15 27 61 77 179 155 201 5 111 214 171 184
Route #10: 102 87 50 75 46 63 60 174 140 196 165 170 175 190 62 212 205 26 128 105
Route #11: 208 58 56 106 117 119 65 84 52 22 99 91 137 168 70 66 3
Route #12: 80 94 131 120 200 166 209 210 215 141 40 33 218 29 198 197 109 203 129 169
Route #13: 149 74 162 138 73 207 82 2
Cost 130289
Time 233.438
