Route #1: 244 220 216 90 144 298 295 285 279 301 6 68 67 64 63 60 288 302 287 283 275 260
Route #2: 43 12 30 45 39 88 308 109 110 268 117 112 307 221 239 240 219 249 267 252 232 254 17
Route #3: 35 274 116 16 248 305 10 257 18 258 265 27 278 29 42 282 76 299 300 19 21 22 24 23 82 81 284
Route #4: 256 273 212 253 255 251 242 235 233 247 259 294 292 277 304 246 243 297 5 280 171 250
Route #5: 245 101 111 128 133 289 276 137 270 127 218 121 123 208 172 96 174 175 98 217 241 154 228
Route #6: 130 203 207 187 150 167 286 236 200 179 189 138 210 149 155 151 142 145 153 106 105 119 159 161 201
Route #7: 46 53 72 136 135 226 223 146 129 170 224 141 229 122 115 125 134 132 78 87 269 264 100
Route #8: 55 120 169 3 186 178 58 160 199 180 157 50 20 108 9 57 99 227
Route #9: 231 196 80 86 230 197 103 113 71 107 97 75 85 79 192 173 2
Route #10: 65 77 91 222 214 194 162 140 188 158 143 118 73 182 165 148 147 93 40 61 4
Route #11: 293 303 15 44 1 14 52 74 102 131 32 94 126 104 95 69 156 206 261 185
Route #12: 33 164 13 272 34 41 38 193 211 215 209 28 54 37 36 51 89 306 11 8 183 163
Route #13: 31 25 152 195 237 84 263 190 139 213 176 49 56 181 202 262 83 238 168 124 92 234 225
Route #14: 204 198 177 47 296 291 7 271 70 66 62 59 290 281 48 266 191 114 26 184 166 205
Cost 150253
Time 307.34
