Route #1: 226 203 346 304 33 99 228 144 132 14 270 142 345 282 8 236
Route #2: 169 255 251 231 263 87 78 84 118 254 3 148 129 92 91 281
Route #3: 309 324 276 271 95 11 238 190 52 348 136 117 47 220 179 191 224 70 213 318
Route #4: 305 75 313 277 330 28 156 112 15 297 67
Route #5: 49 303 278 266 44 53 72 103 55 152 50 45 79 82 66 68 320 155
Route #6: 48 267 207 32 182 325 7 347 244 321 140 242 202 300 302 81 299 312
Route #7: 214 102 274 205 204 211 215 219 272 124 115 193 339 341 201 235 350 342 230
Route #8: 76 154 323 54 56 331 186 338 268 74 60 275 34 35 333
Route #9: 198 122 187 62 248 221 173 306 225 98 310 308 106 319 150 18 340 335 141 260
Route #10: 253 284 127 250 294 38 307 264 249 292 287 286 280 283 290 291 288 5
Route #11: 185 176 328 197 256 25 279 194 163 329 88 334 23 196 126 174 90 168 110 69
Route #12: 131 189 199 206 222 240 12 153 10 181 107 119 105 97 315 96 13 20 138 258 26 24
Route #13: 289 170 29 165 162 133 172 184 180 120 104 30 239 125 183 210 71 209 223 159 177 135 233
Route #14: 41 83 121 16 21 101 326 134 1 65 57 63 61 37 149 332 349 216 166 93 259 46
Route #15: 160 113 167 108 109 245 116 151 64 80 6 73 123 298 171 130 128 200 59 265
Route #16: 246 4 337 9 327 111 114 311 42 295 336 257 227 218 296 17 252 175 188 178 158 147
Route #17: 192 39 164 247 27 43 31 22 241 89 212 143 229 243 58 314 145 85 51
Route #18: 237 293 317 94 217 157 262 261
Route #19: 86 139 161 146 234 232 195 273 36 344 208 285 343 100 269 19
Route #20: 137 322 301 2 316 40 77
Cost 211896
Time 698.631
