Route #1: 334 382 293 60 305 263 272 141 137 133 166 116 388 87 63 51 182 181 61 49 179 176 206 249 243 248
Route #2: 65 210 58 227 233 180 84 115 197 117 119 228 121 109 238 240 46 50 48 232 229 59 64 52 207
Route #3: 242 154 200 2 276 255 283 224 199 235 223 292 262 288 297 291 280 265 387 389 9 8 318 7 311 310 403
Route #4: 372 251 237 72 360 174 379 160 36 231 161 279 167 355 363 186 187 185 188 332 359 343
Route #5: 241 256 209 173 134 219 217 225 260 261 281 278 306 319 321 18 70 399 362 371 342 351 340 331 329 344 369 296
Route #6: 396 299 304 4 108 335 336 349 381 138 128 107 43 45 42 30 146 143 144 139 386 361 152 140 277
Route #7: 194 307 13 354 352 383 100 89 25 21 106 375 356 309 254 239 132 220 156 101 400 171 213 253
Route #8: 268 218 111 142 282 298 300 325 346 357 347 348 326 324 327 317 322 294 295 287 266 302 286 247 234
Route #9: 397 6 23 41 370 368 341 71 26 39 366 367 364 31 37 38 53 55 54 96 110 105 330 73 76
Route #10: 3 401 320 312 315 314 12 374 377 384 365 148 338 378 80 79 81 358 66 373 345 333 391 20 10
Route #11: 27 67 189 24 316 398 284 164 339 69 127 385 98 99 285 393 201 273 308 1
Route #12: 390 392 29 44 56 35 153 211 301 323 28 19 5 11 16 269 230 32 120 14 168 129 192 337
Route #13: 77 204 150 22 290 78 252 303 246 205 169 47 102 91 85 172 83 17 165 151 274 271
Route #14: 221 250 244 86 57 190 131 245 215 130 178 155 158 212 112 93 114 147 162 75
Route #15: 376 216 82 62 74 15 125 236 95 118 159 40 135 226 177 88 163 259 289
Route #16: 90 92 97 122 170 222 191 196 145 123 33 183 103 157 193 198 202 203 395 34 402 328
Route #17: 270 267 353 350 184 313 94 214 264 104 126 149 380 195 275 394 68 113 124 257 258 136 175 208
Cost 175652
Time 597.629
