Route #1: 96 9 128 103 2 181 206 130 87 184 207
Route #2: 46 216 19 21 48 85 35 63 64 5 214 138 125
Route #3: 188 196 132 174 107 115 135 129 179 133 12 160 137
Route #4: 120 82 88 7 94 68 73 75 165 180 112 95 143
Route #5: 223 186 106 105 104 113 15 8 52 22 99 74 18 217 185 198 167 57 173 40 153 39 41
Route #6: 54 36 195 215 219 76 42 141 6 27 227 169 142 159 49 32 70 80
Route #7: 31 225 81 44 67 89 90 3 110 53 111 61 100 101 97 118 91 98
Route #8: 193 114 126 163 140 170 4 191 149 171 222 161 176
Route #9: 168 26 116 92 201 25 175 11 187 194 226 229 59 199 45 139 78 33 16 233
Route #10: 172 157 147 152 189 190 158 145 150 162 155 148 146 102 123 134 119 136 122 29
Route #11: 72 166 117 50 51 108 55 154 83 121 34 23 131 151 237 127 124 144 203 200 197
Route #12: 71 28 224 30 24 10 164 177 183 178 232 230 231 13 234
Route #13: 210 208 84 77 182 58 156 47 60 202 79 86 192
Route #14: 20 43 1 93 209 56 65 220 228 69 17 38 66 213 62 218 14
Route #15: 205 212 211 235 221 204 37 236 109
Cost 145853
Time 222.077
