Route #1: 138 153 123 40 38 80 146 51 144 136 116 113 88 82 101 90 127 130 154 62 69
Route #2: 142 99 92 89 74 84 85 102 17 11 4 179 174 177 187 216 208 197 192 157 140 152
Route #3: 147 21 14 182 183 173 172 195 194 160 158 168 162 180 215 212 125
Route #4: 196 20 148 32 201 50 223 53 49 47 37 44 30 23 210 189 16 8 9 176 5 224 171
Route #5: 68 93 28 98 1 166 190 122 106 81 83 2 213 200 218 209 206 202 205 204 35 203 12
Route #6: 167 43 198 78 128 150 159 219 175 181 70 222 54 129 121
Route #7: 178 52 163 137 119 133 36 24 42 15 214 48 207 41 156 141 77 64 95 161
Route #8: 109 184 124 61 105 217 79 193 72 165 164 66 145 191 3 100 26 151 134 139 143 199 18 27 155
Route #9: 132 86 45 188 115 114 7 118 34 103 39 65 25 117 6 57 46 135 110 108 104
Route #10: 13 73 58 94 91 67 71 75 63 56 33 76 170 111 211 59 60
Route #11: 225 55 19 186 220 169 185 221 10 96 112 107 126 149 120 87 31 22 131 29 97
Cost 109277
Time 441.148
