Route #1: 86 165 107 93 96 52 50 60 51 237 73 209 104 14 153 131 145 8 54 65 77
Route #2: 43 256 87 120 11 260 5 25 26 129 246 252 34 111 182 76 198 223 126 181 53
Route #3: 74 97 200 106 89 88 84 150 102 56 72 66 71 70 257 227 265 266 267 119 161 231
Route #4: 15 24 105 124 176 133 264 199 1 157 216 155 41 187 46 248 20
Route #5: 236 184 185 90 27 3 214 78 188 152 207 138 47 22 118 35 49 91 247 108 123 159 149 67 164
Route #6: 109 19 68 238 38 37 39 222 208 83 75 63 117 254 113 12 29 13 136 130 156 205 61
Route #7: 59 180 140 151 154 36 245 218 233 268 195 10 253 33 101 177 178 85 31 139 137 141 64
Route #8: 142 114 6 45 9 167 179 58 203 232 244 55 121 30 94 242 92 174 42 62 255 258 259 249
Route #9: 262 210 230 193 202 201 194 172 241 162 183 173 191 206 23 220 2 48 263 251 197 28
Route #10: 21 4 57 186 219 211 95 189 168 169 16 160 125 115 112 261 18 40 192 81 132 148 170
Route #11: 171 175 240 225 166 215 212 226 229 128 143 146 190 224 217 221 228 234 213 196 204 134
Route #12: 99 80 110 103 32 147 7 250 116 127 98 69 17 158 163 235 82 44 135 100 122 239 144 79 243
Cost 105288
Time 483.696
