Route #1: 14 86 82 102 106 202 262 254 182 189 11 59 129 25 104 9 27 69 142 99 35 4
Route #2: 73 186 158 157 176 201 207 198 13 88 22 133 21 53 126 2 277 211 206 217 231
Route #3: 24 195 210 130 279 110 184 114 29 40 214 101 52 65 105 94 85 1 67
Route #4: 96 41 155 275 60 80 284 81 222 191 72 83 50 84 95 137 111 197 218 213 246 140
Route #5: 143 164 147 151 118 146 51 233 145 150 20 174 180 139 141 26 121 227 170 90 196 127 229
Route #6: 98 281 49 103 156 160 152 134 167 183 179 37 6 75 194 282 79 232 241 250
Route #7: 12 122 138 148 230 3 257 162 203 19 169 171 204 193 199 30 116 144 123 70 128 10
Route #8: 190 57 268 74 112 54 161 62 71 135 290 163 273 274 280
Route #9: 200 125 249 45 242 243 289 288 264 7 276 283 119 209 228 245 285
Route #10: 39 55 255 109 237 236 253 261 91 248 64 108 87 173 117 92 159 240
Route #11: 220 251 136 215 239 15 223 43 33 56 89 17 177 78
Route #12: 226 208 256 260 185 16 8 100 225 66
Route #13: 32 124 93 291 287 234 42 44 132 120 115 28 178 31 58 113 107 68 259
Route #14: 224 267 175 205 188 165 166 187 168 97 238 258 34 36 63 61 149 5 76 244
Route #15: 235 272 265 48 38 153 154 181 286 23 247 263 269 266 221 47 172 18 212
Route #16: 77 131 271 278 270 252 46 216 219 192
Cost 169351
Time 245.393
