Route #1: 96 397 147 317 104 143 72 43 118 19 305 344 2 135 208 205 219 326 290
Route #2: 417 430 416 371 425 226 225 204 404 161 105 188 449 10 429 424 352 295
Route #3: 125 195 266 271 440 395 138 79 153 413 365 296 300 428
Route #4: 245 283 334 316 137 401 131 9 444 313 60 342 467 327 68 40 442 141 411
Route #5: 470 462 210 70 12 196 213 318 85 122 396 169 112 102 149 335 310 435 44 178 306
Route #6: 101 218 42 39 360 455 469 194 464 175 376 111 84
Route #7: 448 221 254 267 454 18 231 160 5 253 298 250 246 142 272 278 264 120
Route #8: 97 100 422 431 466 190 89 114 17 34 324 232 90 168 52 7 11 443 181 180 107 103
Route #9: 106 109 93 115 87 187 59 98 58 409 412 279 280 32 445 261 452
Route #10: 465 152 281 297 282 173 129 75 260 99 150 82 25 338 229 48 177 56 110
Route #11: 426 355 350 383 294 227 341 189 340 92 95 164 438 374 381 308 312 320 202 358
Route #12: 406 241 463 333 403 83 67 302 289 293 35 380 343 453 447 434 398
Route #13: 24 314 446 328 303 6 154 315 468 301 432 457 64 211 287 214 325 414 373
Route #14: 439 357 336 362 86 140 15 309 461 41 159 55 20 223 420 285 165 215 415
Route #15: 148 291 74 171 76 145 146 123 134 427 242 385 276 234 390 391 423
Route #16: 369 349 31 419 375 133 399 408 437 456 387 386 228 220 172 191 174 235 144 186 182 176
Route #17: 270 273 163 251 248 249 236 124 346 192 80 130 255 240 128 132 119 170 259 458 183 121
Route #18: 71 222 433 321 418 384 69 21 185 22 421 348 197 29 127 441 28 377 136 88 65
Route #19: 51 263 265 47 339 345 157 292 166 356 392 38 13 307 230 151 3 155 451 198 193 179 207 49 50
Route #20: 62 388 410 367 379 353 370 400 304 258 330 331 66 372 237 337 26
Route #21: 332 94 16 238 54 209 450 269 274 4 14 23 37 319 394 257 252 256 244 46 78
Route #22: 378 108 224 288 156 262 45 460 57 33 359 27 368 459 402 61 323 284 217 363
Route #23: 311 216 233 393 1 117 436 73 36 247 184 200 167 158 199 201 354 286 243
Route #24: 277 322 275 81 77 30 239 382 63 268 364 212 405 366 91
Route #25: 53 351 116 389 203 347 299 361 126 329 113 139 206 407 8 162
Cost 249047
Time 810.393
