Route #1: 180 533 336 263 554 62 70 285 152 269 244 438 104 169 79 436 250 416 268 55 283 190
Route #2: 513 253 131 293 479 585 338 387 422 12 7 287 227 214 158 17 13 51 37 369
Route #3: 460 101 173 542 297 359 23 151 153 574 166 179 229 530 305 461 48 521 450 33 86 514 399 100 406
Route #4: 271 243 549 511 395 218 196 391 247 201 433 458 348 45 46 506 140 202 72 77
Route #5: 344 425 333 404 390 541 186 490 212 486 409 358 266 129 125 298 172 346 27 352 141 482 58
Route #6: 528 91 177 43 246 510 487 459 477 452 295 435 451 494 431 392 156 261 508 429 306 50 224
Route #7: 107 47 566 99 185 272 382 167 280 216 222 498 335 341 505 500 149 411 105 457 35 208
Route #8: 64 343 211 204 290 262 242 483 423 408 78 108 526 316 491 351 496 87 69 256 576 488 384
Route #9: 103 501 255 4 586 534 120 40 265 519 279 278 147 394 324 236 512 88
Route #10: 334 350 181 380 111 471 439 80 537 499 363 67 145 154 489 118 568
Route #11: 122 121 223 182 106 217 421 515 443 396 445 328 225 472 454 34 257 61 231 276 304
Route #12: 415 93 241 419 330 203 162 497 405 516 184 517 340 518 327 538 174 573 544 170 39 219 467 342
Route #13: 234 424 117 493 138 155 199 15 275 400 97 397 572 292 126 42 9 504 417 522 230 161
Route #14: 559 540 296 66 59 299 412 54 73 44 8 323 368 200
Route #15: 137 159 209 284 567 581 252 337 134 113 308
Route #16: 362 339 580 128 226 492 531 361 478 539 570 215 11 345 92 194 175 427 139 313 377 192 503 430
Route #17: 30 14 160 470 95 232 357 85 235 456 381 25 360 57 569 558 248 123 437 550
Route #18: 228 571 1 36 502 468 495 18 237 109 374 96 309 332 545 507 19 410 553 143 378 312 136 251 465
Route #19: 282 110 462 388 556 535 532 74 60 555 398 524 302 376 314 52 213 547 240 372 28 112 311 329 480 523
Route #20: 426 38 385 89 527 464 259 440 16 578 525 331 83 135 157 448 220 260 189 432 446 551 81 366 144 56
Route #21: 20 245 84 114 474 543 233 142 325 442 146 148 307 557 575 463 413 133 579 315 469 326
Route #22: 364 401 171 6 565 205 389 206 466 420 26 3 441 373 10 577 188 249 354 127 115 356 94
Route #23: 178 49 371 322 289 191 102 41 124 300 24 274 386 582 119
Route #24: 65 53 583 548 21 90 29 475 294 76 68 473 560 383 367 318 379 2 353 301 449
Route #25: 319 520 476 444 165 428 270 168 562 321 455 375 239 564 207 254 5 193
Route #26: 198 365 150 481 176 552 116 317 32 163 402 407 132 195 536 485 286 561 130 63 355 277 273
Route #27: 563 267 403 414 347 529 303 221 291 281 258 288 183 546 447 509 453 210 310 393 434
Route #28: 197 31 75 98 264 484 584 71 238 349 418 370 187 82 164 320 22
Cost 288793
Time 1080.46
