Route #1: 251 221 218 150 201 74 51
Route #2: 173 263 75 31 26 89 69 257 265 169 121 124 98 9 149 296 207 234
Route #3: 266 88 36 224 111 253 282 135 120 184 109 255 70 29
Route #4: 139 56 206 185 222 209 180 95 130 177 68 22 5 6 237 205 147 101
Route #5: 115 271 157 241 246 249 117 39 279 250 290 102 7 162 182 133 4 10 291 193 164 163
Route #6: 294 110 278 144 196 105 212 191 1 268 99 245 67 175 49 230 233 208 81 252 34
Route #7: 123 204 118 126 141 267 259 289 213 153 220 60 3 195 65 198 84 11
Route #8: 214 283 38 104 127 146 151 131 132 19 52 77 76
Route #9: 85 37 50 183 272 176 41 232 210 239 14 42 125 86
Route #10: 148 235 25 83 152 190 179 47 280 61 78 231 91 20
Route #11: 189 138 116 186 211 30 82 43 286 45 260 122 58 277 66 142 80 281
Route #12: 92 28 96 227 113 248 108 275 242 35 100 244 79 254 18 15 13 44 72 292 215 55 194
Route #13: 71 270 62 199 48 273 264 32 226 94 8 97 119 23 238 143 170 137 17 103 284 288 174 178 134 112
Route #14: 202 243 287 59 188 225 187 129 167 285 145 181 166 161 160 269 274 93 64 107 228 171
Route #15: 106 203 33 53 256 229 156 128 165 223 12 27 57 73 54 200 159 154 276 262 158 87 247 295 63
Route #16: 114 258 240 40 172 236 90 217 16 261 192 293 136 216 24 46 140 21 197 2 155 168 219
Cost 130367
Time 309.219
