Route #1: 112 46 64 100 159 139 40 116 177 68 33 123 24 18 27 80
Route #2: 130 128 39 26 184 202 186 32 134 142 96 110 171 132 185 73 167 203 12 13
Route #3: 197 22 176 193 201 76 199 75 79 48 160 187 166
Route #4: 9 52 189 157 60 47 125 90 93 141 140 63 153 88 17 51 206 89 81 163 94 127 126 169
Route #5: 91 36 105 172 164 29 135 15 56 23 8 205 21 99 131 1 102 155 11 101 117 42
Route #6: 104 196 86 85 113 148 92 57 44 16 156 65 35 190 61 6 137 198 98
Route #7: 31 53 118 45 55 119 161 165 147 59 3 149 183 162 43 181 20 129 175 158 143 133
Route #8: 144 87 84 182 204 173 188 168 72 115 95 62 180 138 179 136 106 66 19 122 114
Route #9: 30 54 74 194 151 195 49 108 191 103 4 109 5 145 28 124 37 2 25
Route #10: 83 82 38 174 97 154 78 58 111 50 14 152 170 41 178
Route #11: 146 67 192 150 71 10 77 120 121 107 70 69 34 7 200
Cost 114073
Time 273.78
