Route #1: 382 455 485 716 656 624 641 634 622 694 553 578 603 771 484 629 24 64 384 651 617 779 308 398 5 706 584 642
Route #2: 289 249 733 435 436 258 193 11 10 522 528 241 21 284 420 625 491 181 314 232
Route #3: 501 59 6 94 597 533 311 426 586 554 687 458 589 575 759 648 119 847 736 764 757 415
Route #4: 68 804 662 780 8 735 257 315 456 286 417 567 840 240 652 598 599 472 225 535 208 76 596
Route #5: 271 770 549 563 318 664 600 260 763 133 137 772 372 610 588 81 197 121 844
Route #6: 558 66 82 663 222 460 344 438 537 619 499 607 649 513 870 43 116 4 730 102 568 120 650 172 746
Route #7: 278 357 419 423 465 443 482 385 496 516 520 486 515 360 395 655 518 519 259 538 505 531 532
Route #8: 292 340 534 778 401 416 490 502 462 233 146 476 452 440 434 670 665 352 709 301 348 332 331
Route #9: 154 44 510 74 142 295 846 90 381 122 430 84 123 446 639 489 585 734 131 851 677 606 180 287 480
Route #10: 191 128 795 126 291 721 45 428 686 285 595 42 370 431 361 609 845 144
Route #11: 150 93 536 557 179 207 514 500 255 202 7 383 646 230 429 371 347 445 459 136 61
Route #12: 269 794 267 307 336 666 464 78 9 104 1 839 702 521 507 475 394 72 73 379 12 13 147
Route #13: 155 75 143 71 214 310 339 457 151 112 782 23 19 827 813 793 594 836 14 105 15
Route #14: 100 129 170 783 784 280 838 152 268 138 87 86 91 206 796 802 167 865 874 875
Route #15: 781 433 843 368 367 647 613 654 481 552 569 325 159 171 229 228 196 194 276 89 88 253
Route #16: 246 645 614 695 132 681 682 683 574 797 477 157 162 69 857 439 195 234 209 468
Route #17: 106 141 756 161 188 254 279 199 351 227 283 298 349 618 345 565 317 556 408 422 566 551
Route #18: 555 277 264 450 334 412 479 497 835 628 615 509 483 354 350 411 407 356 266 327 335 366 413 470 390 387 580 99
Route #19: 678 160 265 541 543 192 182 148 185 176 16 739 18 211 200 299 198 183 169 168 153 389 328 54 96
Route #20: 604 583 524 548 591 547 590 487 309 252 364 466 506 637 488 627 406 592 828 492 27 544 747
Route #21: 495 526 525 562 281 517 242 512 296 294 320 326 668 386 377 319 363 297 272 542 451 449 282 237
Route #22: 727 711 392 403 374 378 632 263 601 577 710 761 745 703 701 689 690 753 755 231 713 714
Route #23: 636 409 47 579 581 573 29 570 676 638 643 752 621 635 722 659 726 661 660 620 700
Route #24: 293 787 788 337 330 333 860 855 790 754 402 807 831 799 373 375 877 274 341 359 244 226 210
Route #25: 824 673 679 861 705 848 826 825 715 871 873 704 698 712 26 33 767 53 85 801 800 809 2 125 118 822 821
Route #26: 427 322 667 719 725 693 691 760 762 685 688 699 785 786 669 817 3
Route #27: 878 30 729 728 49 748 56 108 814 816 823 808 820 810 819 818 316 750 145 741 40 46 58 41 35 32 672
Route #28: 675 696 862 775 864 832 805 833 806 792 769 765 768 744 738 751 774 773 718 742
Route #29: 749 789 829 852 842 732 166 173 841 109 79 25 28 31 880 63 866 178 879 174 849 811 803 834 720
Route #30: 812 448 149 127 212 530 218 437 658 777 235 245 644 692 723 724 737 671 708 684 640 273 493 868
Route #31: 140 50 205 220 221 70 275 243 247 57 103 130 503 261 571 163 469 758 189 478 250 111 110 238
Route #32: 107 396 113 474 623 766 876 872 858 22 38 39 630 124 290 791 60 184 186 177 776 158 67 164
Route #33: 546 576 540 545 358 611 560 48 593 631 441 201 633 731 425 248 204 680 856 616 612 550 608
Route #34: 83 175 365 388 740 473 602 95 343 321 523 508 587 410 117 52 504 424 854 653 324
Route #35: 511 329 559 605 236 97 223 323 187 414 376 215 251 98 165 77 572 203 80 92 114 51
Route #36: 707 36 303 463 397 393 539 55 869 564 494 369 442 20 867 34 65 17 859 674 582 447
Route #37: 190 305 421 139 239 498 101 270 444 346 626 461 380 217 213 353 262 302 224
Route #38: 219 338 399 391 355 561 454 313 697 717 288 256 362 471 404 405 529 657 135 830
Route #39: 115 134 453 467 312 432 156 527 37 418 400 342 306 300 837 62 815 304 798 216 743 853 863 850
Cost 375669
Time 1739.8
