Route #1: 118 58 54 221 173 189 27 205 45 30 63 134 21 9 123 155 179 175
Route #2: 85 66 206 64 35 157 124 192 49 156 216 86 13 55
Route #3: 98 23 130 212 71 101 148 8 92 128 133 72 91 90 73 26 180
Route #4: 171 78 186 207 3 174 29 103 74 19 104 50 33 146 15
Route #5: 4 34 82 213 32 136 97 193 137 16 105 17 145 7 102 112 195 199 211
Route #6: 138 67 202 194 108 147 121 217 149 131 150 57 88 40 181 139 184 165 10
Route #7: 151 164 37 25 158 126 198 65 129 223 43 161 1 52 176 141 59
Route #8: 140 208 196 96 81 44 69 79 36 68 166 41 153 172 80 51 201 162 168
Route #9: 22 70 142 169 215 167 197 214 220 109 5 89 38 77 144 170
Route #10: 122 76 182 178 47 2 60 204 14 191 62 224 53 115 99 75 94 143 46 56
Route #11: 12 83 218 163 120 203 135 18 113 127 183 187 100 219 48 188 61 6 11 152 200 31 117 42
Route #12: 125 116 39 119 84 93 114 160 159 177 222 209 132 154 185 106 210 20 87 95 24 111 190 110 28 107
Cost 152538
Time 189.389
