Route #1: 68 176 18 103 180 77 70 59 64 91 210 89 100 8
Route #2: 148 93 114 29 41 47 7 48 25 46 192 36 130 82 131 45 23 182
Route #3: 12 145 21 9 57 52 74 4 83 106 40 49 43 132 107 13 149
Route #4: 160 146 201 171 99 2 209 194 159 129 128 55 67 151 158 124 156
Route #5: 190 61 173 197 11 1 206 127 6 136 139 212 123 170 105 94 125
Route #6: 14 24 143 202 168 191 138 200 31 86 51 85 198 75 211 195 16 144
Route #7: 32 76 80 120 115 116 137 108 104 162 157 163 117 98 28 140 141 208
Route #8: 37 60 27 183 187 167 79 84 62 101 112 169 142 174 193 155 189 26 39 38 164
Route #9: 96 5 69 119 58 92 22 15 205 3 207 10 34 35 54 19 50
Route #10: 63 113 20 33 178 179 121 184 152 90 88 97 177 111 147 109 53 73 71
Route #11: 56 188 150 110 44 72 17 204 87 42 135 30 95 118
Route #12: 134 133 126 102 65 66 153 81 78 196 122 199
Route #13: 186 175 172 154 161 166 165 181 185 203
Cost 131770
Time 177.009
