Route #1: 187 233 133 202 203 94 138 160 176
Route #2: 156 170 99 157 149 194 147 79 228 100 95
Route #3: 2 111 33 143 44 78 73 65 224 16 220 13 37 245 84
Route #4: 101 72 57 115 114 14 196 168 92 67 247 102 91 127 66 180
Route #5: 107 30 85 42 61 93 105
Route #6: 151 177 144 52 204 125 172 193 88 191 145 210 169 190 43
Route #7: 55 104 69 68 137 34 122 227 195 179 96 223 103 152 146 35
Route #8: 75 128 242 222 5 124 19 1 12 4 246 235 237 207 197 206 218 186 121 97 24 89
Route #9: 20 159 112 148 129 109 71 118 113 155 136 131 163 150 158 134 70 59 60
Route #10: 21 142 251 10 106 248 27 22 25 9 230 219 174 188 240 231 166 32 182 183
Route #11: 15 26 36 165 108 7 120 117 29 28 126 217 212 64 153 39 82 81 74 38 90 239
Route #12: 216 238 252 234 205 171 162 215 214 141 123 161 184 189 175 173 140 213
Route #13: 23 47 54 130 58 62 110 63 46 53 139 164 185 76 6 83 80 18 116 221
Route #14: 211 236 181 192 249 11 17 87 244 229 98 51 226 45 254 167
Route #15: 178 201 135 199 208 41 225 243 232 200
Route #16: 209 56 154 198 77 48 49 40 86 31 119 250 8 50 253 241 3 132
Cost 161379
Time 460.78
