Route #1: 218 372 200 21 224 319 167 387 117 184 240 39 101 252 296 103 237 52 393 189 340 288
Route #2: 356 37 328 243 395 6 300 186 385 236 272 16 173 149 263 330 98 412
Route #3: 7 383 290 219 222 174 301 108 53 89
Route #4: 280 50 122 357 306 187 60 154 87 45 125 179 294 35 337 207 274 132
Route #5: 46 32 211 399 62 216 358 97 256 317 307 403 321 188 177 44 386 197 130 102 291
Route #6: 396 49 325 246 74 227 34 235 25 338 284 334 63 221 143 17 175 349 82 116 75 408 360 107
Route #7: 109 40 346 375 158 124 118 55 348 111 336 287 303 133 278 242 178 18 79 180 392
Route #8: 261 241 169 162 388 19 342 128 36 192 333 314 239 146 232 112 95 138 23
Route #9: 153 229 285 377 141 100 353 416 15 205 295 8 195 159 361 99
Route #10: 42 24 161 351 129 66 364 31 136 367 355 413 249 332 151 182 191 94 350
Route #11: 411 165 41 394 309 209 202 10 206 405 183 230 259 121
Route #12: 168 26 81 215 210 320 275 90 373 47 268 193 126 391 363 310 65 110 368 225 398 269 370
Route #13: 115 254 127 257 376 339 322 150 226 228 347 329 382 68 88 323 12 343 277 276 213 91 58 266 30
Route #14: 160 105 251 264 194 93 77 78 80 371 51 365 54 255 212 114 4 406 308 279 312 27 390
Route #15: 415 273 123 120 137 11 397 92 106 198 316 85 270 407 83 28 86
Route #16: 84 381 172 220 72 20 1 262 70 69 73 354 223 135 265 282 96 185 271 327 201 208 163 176
Route #17: 289 152 67 374 166 199 389 104 238 253 48 244 76 22 155 341 359 157 147 315 402
Route #18: 409 9 378 324 144 305 258 5 286 260 298 326 214 401 297 203 139 293 283 56
Route #19: 400 380 345 245 299 59 204 164 57 29 410 292 250 311 366 248 304 267 142 281 131 148 119 196 2 3
Route #20: 331 233 344 384 113 156 231 61 335 362 234 140 247 64 369 33 318 181 134 352 43
Route #21: 71 14 313 145 13 170 414 217 302 38 379 171 404 190
Cost 228243
Time 510.357
