Route #1: 139 119 111 43 100 92 72 109 97 120 113 98 143 133 149 147 99 79 90 181
Route #2: 124 117 130 156 66 168 82 190 175 141 78 76 77 105 91 63 55 69 61 58 47 37
Route #3: 237 238 106 115 127 128 138 84 131 110 184 30 51 46 35 34 166 164 234 225 210 122
Route #4: 171 136 134 135 140 192 89 101 216 215 104 95 94 220 227 88 228 87 36 68 67 54
Route #5: 60 162 179 193 214 213 217 223 202 154 209 231 8 5 163 10 123 114 116 189 152 132
Route #6: 160 212 183 11 12 236 187 16 205 19 198 203 59 45 42 39 26 13 186 185 177 178 170 167 191
Route #7: 165 158 151 150 153 176 161 155 146 145 173 169 172 174 195 194 196 188 180 71 148
Route #8: 201 159 64 65 17 31 41 44 102 24 22 86 15 62 14 230 221 229 208 218 20 211 206 204 38
Route #9: 142 200 73 29 6 2 107 137 118 197 199 207 70 49 157 52 224 50 32
Route #10: 182 235 222 219 53 33 57 112 3 9 4 232 233 7 1 83 27 25 23 28 80 144
Route #11: 126 96 56 40 226 125 18 121 81 103 85 21 108 93 75 74 48 129
Cost 113437
Time 555.211
