Route #1: 266 227 207 267 181 145 209 201 218 159 176 191 221 275 234 238 217 304 12 290 83 82 74 3 312 21
Route #2: 75 79 96 415 91 162 1 165 126 127 212 187 129 154 153 152 148 151 260 171 158 155 149 287 97
Route #3: 305 320 318 57 272 64 281 101 279 242 211 84 100 414 103 147 163 114 117 185 128 161 106 86 246 420 66
Route #4: 200 228 240 405 251 259 319 314 289 295 328 300 331 299 241 230 180 292 247 239 271 327 315 311
Route #5: 306 277 11 198 192 202 379 383 210 367 204 203 215 206 355 270 293 178 160 362 363 382 122
Route #6: 296 302 323 310 322 321 426 49 55 396 71 88 375 67 62 61 65 78 334 76
Route #7: 340 6 343 16 59 85 391 69 60 33 393 388 389 19 353 349 23 347 345 14 429 402 410
Route #8: 346 368 361 113 15 125 397 374 183 377 424 175 174 34 118 17 70
Route #9: 365 2 301 137 324 325 338 354 357 316 352 308 222 407 401 387 386 403 370 373 344 366 337 360 329
Route #10: 417 381 77 282 261 421 418 412 399 395 8 13 26 45 400 283 42 43 47 385 409 406 348 342 341 427
Route #11: 350 380 398 404 20 63 94 430 7 56 51 52 422 87 411 408 93 376 243 232 276 37 44 40 428
Route #12: 41 29 188 313 288 371 190 197 231 257 166 150 225 416 30 223 224 336 119
Route #13: 135 297 369 256 332 112 5 269 25 248 425 333 80 72 58 46 107 245 141 252
Route #14: 28 229 31 423 48 99 108 130 235 280 284 143 196 184 173 330 10 24 53 38 298 268 273
Route #15: 35 138 233 390 50 9 54 172 278 274 168 115 121 89 81 378 104 105 392 254
Route #16: 182 394 22 286 109 140 285 116 146 134 186 250 303 157 95 214 219 193 170 111 98 132
Route #17: 102 335 236 205 169 4 32 249 179 265 216 92 253 264 144 142 90 177 36 326 133
Route #18: 73 164 189 317 262 237 263 136 167 68 213 226 131 39 220 356 194 195 351 208 120 124 139 413
Route #19: 255 364 384 294 359 244 27 358 372 123 110 156 291 309 18 339 419 199 258 307
Cost 186873
Time 609.096
