Route #1: 17 299 305 29 341 255 34 53 25 19 18 16 229 228 215 42 253 260 55 41 33
Route #2: 326 263 334 316 301 337 287 7 275 272 271 252 241 235
Route #3: 324 325 286 321 311 106 300 303 310 262 267 313 322 288 291 209 208 264 277 307 323
Route #4: 236 221 24 36 250 254 97 113 58 249 57 54 245 148 30 157 338 162 128 137 339 342 320 257
Route #5: 248 204 26 143 168 340 13 12 332 278 279 282 283 281 280 219 232 220
Route #6: 212 292 230 202 308 304 298 296 302 199 203 184 192 289 182 164 159 150 155 149
Route #7: 207 187 186 177 217 188 225 227 197 213 246 247 216 251 218 200 201 195 156 205 181 193
Route #8: 89 110 118 120 122 198 124 160 158 176 178 171 174 224 237 243 233 191 223 222 231 132 185 154 179
Route #9: 266 268 211 234 151 261 329 153 112 85 84 60 276 273 145 226 319 239 265 242 196
Route #10: 115 170 141 189 180 172 173 133 131 163 117 114 130 139 135 127 134 123 119 107 87 56
Route #11: 9 244 169 256 27 59 90 295 294 270 70 76 175 63 258 95 138 116 92 67 77 71 52
Route #12: 146 11 214 330 103 79 274 104 91 331 96 51 121 73 100 86 40 37 68 21 5 22
Route #13: 99 136 64 144 140 4 161 74 81 10 126 78 83 147 98 82 48 61 62
Route #14: 290 102 94 315 314 333 284 47 240 8 105 50 3
Route #15: 318 6 65 111 109 108 101 69 93 88 72 165 14 1 259 167 269 285 293 206 38 35
Route #16: 309 31 238 66 183 210 194 32 297 166 129 125 152 75 28 142 190
Route #17: 20 44 335 336 15 39 45 2 46 80 312 49 43 327 328 23 317 306
Cost 121011
Time 288.531
