Route #1: 199 169 274 151 155 198 146 108 117 125 44 94 149 147 141 172 275 158 223 104 110 107 140 153 148 154 189
Route #2: 160 93 95 175 249 237 123 246 132 130 116 118 126 250 251 265 248 103 99 156 152 165 98 82 261
Route #3: 224 236 209 283 4 6 227 228 229 213 219 285 233 66 269 273 280 279 252
Route #4: 3 131 177 170 179 206 184 216 208 207 254 210 212 240 217 231 221 238 234 204 202 203
Route #5: 218 122 115 112 282 18 24 22 72 58 220 286 232 242 226 195 52 50 35 214 211 188
Route #6: 287 10 42 8 97 26 256 255 33 43 47 61 259 65 75 74 21 34 69 63 23
Route #7: 128 230 196 166 133 266 253 243 19 281 267 139 258 45 49 245 55 284 271 9 262 257 25 20 15 11
Route #8: 277 39 40 62 59 38 85 264 263 7 1 13 14 12 76 87 187 41 54 51 244 270 268 276
Route #9: 96 192 241 57 5 46 37 31 27 79 89 102 114 36 197 194 101 137 77 260 193 84
Route #10: 235 159 180 16 142 143 190 64 90 225 100 200 136 183 119 239 29 201 17 157 191 162 145
Route #11: 135 48 88 178 134 205 164 272 163 144 53 150 174 185 28 182 70 181 215 247
Route #12: 161 173 60 186 176 78 168 105 80 106 129 111 121 127 138 30 92 83 109 124 91 71 67 278 113
Route #13: 32 222 2 120 171 73 81 56 86 68 167
Cost 132842
Time 297.327
