Route #1: 249 236 171 15 222 273 17 8 96 38 269 267 13 263 254 268 27 20 14 250
Route #2: 218 182 180 204 229 270 252 4 2 272 266 262 3 259 251
Route #3: 225 241 234 238 248 201 253 199 210 213 228 215 214 205 198 239 255
Route #4: 235 217 5 11 197 9 7 168 29 25 211 202 208 220 237 224 227 176 189 179
Route #5: 265 119 258 264 128 260 149 157 125 91 93 12 121 275 19 167 209 221 23 18 192
Route #6: 153 57 80 162 173 200 166 247 195 165 159 152 144 154 190 196 100 163 160
Route #7: 142 147 140 151 181 178 187 170 172 183 169 174 194 203 216 226
Route #8: 134 207 110 112 109 106 231 233 240 245 103 232 223 86 95 97 83
Route #9: 219 46 59 63 136 94 156 122 123 127 129 177 184 206 164 139 150 158 148 143 131 132
Route #10: 41 32 39 52 74 66 102 89 88 87 82 113 124 130 126 107 108 84 72 79
Route #11: 191 16 98 54 135 185 212 105 31 51 49 133 117 43 44 50 64 115 45 6 193 246
Route #12: 242 81 230 138 261 271 53 33 101 186 35 99 155 76 244 243 56 77 28 67 61 78
Route #13: 274 34 85 10 161 146 36 256 71 21 22 70 30 55 40 60 48
Route #14: 68 62 175 120 114 92 90 188 141 257 145 75 37 65 58 42 1
Route #15: 26 111 24 47 69 104 118 116 137 73
Cost 130650
Time 457.441
