Route #1: 99 264 30 316 346 413 417 19 343 102 88 89 96 42 380 55 398
Route #2: 238 406 339 259 274 249 322 187 306 148 161 325 337 197 85 52
Route #3: 122 101 382 320 271 393 291 254 255 296 275 305 369
Route #4: 335 293 330 372 74 366 33 8 248 266 78 402 71 215 387
Route #5: 226 273 386 217 194 172 32 294 192 87 189 233 241 416 267 401 420 400 47
Route #6: 39 165 154 146 183 144 116 131 377 27 350 65 378 240 133 289 105 173
Route #7: 341 134 170 175 143 132 129 118 104 107 127 342 113 128 191 208 326 231 218 280 26 28
Route #8: 156 206 284 149 155 211 236 245 242 243 153 23 56 312 411 379 235 292 212 360 355 357 351
Route #9: 25 138 94 190 166 139 73 141 86 112 234 93 303 123 34 362 60 336 340 285
Route #10: 35 414 359 358 54 46 152 44 40 232 117 247 216 276 9 150 221 408 171 195 14
Route #11: 158 111 310 18 66 98 163 265 64 298 277 331 20 29 307 37 321 220 224 297 223
Route #12: 57 151 349 199 200 214 409 13 36 260 12 225 196 198 180 169 244 188 11 5 315 24 313 84
Route #13: 70 136 318 137 125 184 124 412 404 405 126 309 392 58 185 77 354 384 119 2 178
Route #14: 347 63 261 394 287 301 286 256 290 262 181 252 344 106 295 371
Route #15: 227 352 193 202 22 300 323 311 410 147 324 38 268 272 230 356 308 376 83
Route #16: 385 250 403 79 45 332 304 3 135 204 257 17 15 246 314 319 334
Route #17: 329 176 263 389 120 68 115 364 370 415 399 69 157 407 41 182 203
Route #18: 213 237 345 269 317 381 10 282 62 100 333 142 164 367 374 140 4 288 328 201 130
Route #19: 327 361 279 373 391 145 390 21 278 210 283 81 270 397 395 160 375
Route #20: 121 177 302 48 348 95 1 205 353 76 103 239 67 92 299 51 365 6 228 396 383
Route #21: 43 368 31 209 7 207 253 281 219 229 114 80 61 186 168 49 179 388 419 159 338
Route #22: 174 97 109 108 82 418 363 16 222 91 90 167 53 50 59 110 75 162 251 258 72
Cost 219445
Time 656.663
