Route #1: 237 173 364 209 227 165 134 144 73 75 138 169 208 272 196 195
Route #2: 202 381 46 294 89 6 318 263 253 176 257 265 340 111 5 380 2 45 95 254 210 228
Route #3: 50 64 378 250 102 124 159 132 166 157 91 199 92 218 207 101 74 162 8 70 223 222 203
Route #4: 281 326 379 119 347 76 98 106 359 175 304 15 16 120 100 125 107 305 154 349 53 51
Route #5: 40 55 56 49 155 14 130 112 110 351 291 389 58 390 84 86 41 113 128 383 350 319
Route #6: 193 3 277 28 42 1 67 72 83 26 82 118 142 143 145 122 147 105 96 117 116 133
Route #7: 123 153 151 81 57 188 190 44 303 259 27 121 315 332 348 63 328 297 215 365 69 65 90
Route #8: 152 68 255 94 266 296 114 127 311 258 345 344 62 244 80 217 187 179 78 163 79 77
Route #9: 61 108 115 93 109 99 131 146 158 141 211 238 174 181 180 177 186 192 168 197 71
Route #10: 135 185 183 150 242 178 160 301 23 312 85 54 282 276 300 310 317 339 341 366
Route #11: 164 139 148 156 170 167 198 205 213 212 219 236 233 239 267 284 298 289 321 306
Route #12: 292 290 245 220 327 241 322 330 214 279 269 103 278 280 231 268 191 271 226 149 171 104
Route #13: 234 251 256 221 216 260 314 182 368 126 352 136 137 361 373 184 172 25 30 87 88 19
Route #14: 307 264 325 246 247 232 343 248 342 243 338 334 230 229 200 189 194 201 224 336 360
Route #15: 13 367 320 356 370 286 335 275 316 329 295 249 252 240 235 161 140 129
Route #16: 308 285 204 206 225 11 17 270 10 262 261 376 358 362 372 18 12 9
Route #17: 299 274 273 353 283 288 374 309 313 302 287 293 331 31 363 375 385 371 97 47 48 35 36 384
Route #18: 4 357 39 337 34 32 43 377 52 382 29 38 37 22 20 369 355
Route #19: 324 323 387 386 33 66 59 21 24 388 7 354 60 346 333
Cost 134575
Time 528.757
