Route #1: 184 229 178 190 52 28 18 207 197 183 215
Route #2: 250 156 104 73 79 54 151 2 138 67 225 111 139 90 77 253 243 193
Route #3: 154 134 185 75 232 212 4 136 147 150 22 143 114 6 87 74 102 189 176
Route #4: 169 167 159 244 53 50 261 70 140 158 246 125 100 60 16 129 38 106 105 81 12 76
Route #5: 118 95 63 66 218 97 78 64 39 128 204 48 181 13 127 186 30 86 247 115 83 172 173
Route #6: 42 45 120 214 124 61 195 180 179 55 119 96 194 192 200 58 94 164 191 188 126 29
Route #7: 171 37 1 10 3 14 88 93 211 187 62 170 177 153 121 206 166 91 15 209 49
Route #8: 258 254 260 146 213 107 208 233 152 43 98 27 228 160 255 112 251 56 198 72
Route #9: 203 26 145 144 21 20 248 242 226 57 35 239 235 59 241 245 122 109 222
Route #10: 182 202 234 236 165 196 161 130 99 199 201 205 135 157 256 7
Route #11: 69 80 131 123 33 113 44 46 163 65 51 230 257 41 148 34 220 219 5 23 217
Route #12: 19 110 238 210 36 89 92 149 141 142 133 40 116 47 68 71 137 101
Route #13: 227 168 252 31 174 11 9 8 155 85 82
Route #14: 216 249 224 84 240 32 24 259 175 17 223 25 231 221 162 103 108 237 117 132
Cost 145693
Time 219.342
