Route #1: 258 111 362 224 336 264 221 284 10 21 33 262 83 208 62 207 116 67 249 339 316 35
Route #2: 361 364 95 165 191 130 155 179 296 2 248 143 242 172 243 7 173 150 20 216 288 236 3 174 114 330
Route #3: 326 16 45 118 272 196 291 115 206 346 170 324 149 278 187 107 88 147 181 257
Route #4: 171 52 203 186 363 369 267 129 120 183 108 63 41 40 60 343 245 359 321
Route #5: 329 292 42 94 185 61 32 140 117 144 327 5 92 209 297 306 195 13 217 255 344 250 225 218 286
Route #6: 309 46 38 43 353 230 44 72
Route #7: 260 251 259 274 333 319 271 234 223 238 112 90 89 81 80 123 105 113 96 73 84 78
Route #8: 102 235 266 240 261 125 109 204 237 141 227 239 265 252 190 126 153 212 197 303
Route #9: 136 29 71 47 31 27 12 103 66 317 247 11 301 308 371 293 360 342 263 332 253 23 241 86
Route #10: 279 275 294 304 287 314 341 298 313 25 300 367 48 98 69 57 54 139 357 349 305
Route #11: 268 322 180 200 36 53 368 358 352 338 337 348 59 334 68 75 77 79 74 64 22 307 14 299 372
Route #12: 290 226 146 365 4 205 254 244 106 285 295 211 315 356 24 325 323 302 270 289 312 318 280 273 283
Route #13: 281 310 199 198 233 232 51 28 166 119 347 340 85 345 335 350 351
Route #14: 154 246 97 219 55 366 320 229 182 50 214 161 162 331 269 192 100 159 256 9 6 134
Route #15: 370 19 18 56 82 37 202 8 131 127 213 124 277 228 128 1 17 34 76
Route #16: 169 220 177 176 49 189 276 152 151 138 104 201 39 148 158 87 15 156 188
Route #17: 133 58 157 99 122 163 142 137 215 184 175 178 30 194 91 167 132 168 121 222
Route #18: 311 160 354 145 135 328 70 26 231 282 164 93 193 210 65 101 110 355
Cost 191473
Time 557.67
