Route #1: 141 23 119 29 28 109 111
Route #2: 6 294 3 45 257 210 81 245 59 54 61 74 161 64 265 22 247 26 34 110
Route #3: 117 86 128 31 120 98 78 233 39 281 2 156 36 43 62 77 66 56 57 19 16 272 236 237
Route #4: 149 155 264 196 199 32 288 121 47 49 30 112 214 46 48 55 139 65 70 63 72
Route #5: 83 279 101 107 159 41 42 160 277 209 79 274 142 255 256 222 206 198 106 105 129
Route #6: 171 37 242 73 44 50 71 69 67 113 90 96 94 88 87 80 82 200 76 1 300 305
Route #7: 92 40 52 108 91 126 84 102 116 140 143 151 152 164 163 97 85
Route #8: 4 38 58 178 188 262 173 118 248 253 259 270 254 246 114 218 187 138 124
Route #9: 95 144 174 157 127 130 103 185 205 136 217 193 184 182 181 175 132 131 147 137 135 134 93
Route #10: 169 170 179 202 201 189 215 225 232 238 250 239 197 195 204 208 231
Route #11: 53 122 183 162 150 133 190 186 168 154 148 167 192 223 172 203 244 216
Route #12: 295 302 8 7 226 191 213 18 166 153 100 99 12 115 309 280 278 283 207 125 60
Route #13: 146 145 177 176 165 308 298 275 123 158 258 180 194 220 221 290 273 267 263 235 252
Route #14: 269 224 286 296 306 211 228 68 35 27 240 25 227 229 230 241 304 212 219 104
Route #15: 251 89 14 299 24 20 51 33 17 11 10 291 292 15 21 9 234 271 282 268 260
Route #16: 75 243 249 261 289 287 303 307 266 276 13 301 5 293 284 285 297
Cost 140470
Time 333.001
