Route #1: 460 214 19 65 80 50 471 382 245 288 278 477 5 472 423 37 405 136 154 138 8
Route #2: 116 163 211 248 209 178 198 217 162 128 170 242 233 46 251 193 250 315 310 259 221 177
Route #3: 121 82 256 57 102 34 291 238 22 27 91 131 101 69 111 257 389 258 191 323 168 215 390
Route #4: 7 247 218 280 348 374 62 117 152 166 210 158 207 223 206 204 190 194 249 175 331
Route #5: 466 442 475 12 21 143 56 243 200 129 304 328 305 157 120 156 192 270 188 145 107 448 449
Route #6: 340 373 359 130 341 332 306 297 345 393 292 132 42 197 230 95 246 271 261 295 343 134
Route #7: 227 299 269 54 77 119 11 14 23 155 135 73 74 47 268 450 15 4 3
Route #8: 263 414 106 252 237 88 322 282 219 127 51 239 415 164 302 254 420 26 30 64 161 179
Route #9: 76 83 126 137 144 13 148 79 59 90 61 98 437 467 93 96 97 99 105 453 430 416 396 351 176
Route #10: 72 58 52 32 439 36 438 31 463 436 435 417 451 20 41 213 60 122 53 33 9 35 39 38 40
Route #11: 347 357 349 378 377 361 383 426 418 424 411 413 395 391 402 344 350 110 43 462 262 201
Route #12: 133 45 427 118 468 363 342 354 434 433 409 362 365 425 421 419 399 400 397 385 381 360 353
Route #13: 358 356 364 366 406 407 379 469 375 16 18 392 384 29 441 444 443 49 66 71 422 28 474 355
Route #14: 387 169 459 455 202 231 403 412 447 446 457 196 461 465 172 171 146 24 125 408 394 86 89
Route #15: 473 476 10 17 386 388 398 312 432 429 428 48 431 404 75 63 67 279 298 309 25 470 458 445
Route #16: 316 321 300 273 276 274 290 289 324 307 319 371 440 330 401 333 376 380 335 301 329 303
Route #17: 1 311 313 318 94 368 165 334 181 195 205 220 236 410 225 222 346 232 339 228 326
Route #18: 272 78 109 104 174 186 293 308 229 320 216 44 224 314 317 244 235 456 226 452 454 153 327 141
Route #19: 370 367 123 149 147 286 281 284 208 142 2 139 114 112 140 212 253 285 287 150 173 160
Route #20: 464 369 372 478 352 338 84 255 108 6 115 124 185 113 85 199 68 267 55 92 100 103 87 81
Route #21: 296 294 337 277 240 265 151 159 187 325 203 167 234 241 70 182 275 266 336 260 189 183 283 184 264 180
Cost 201015
Time 591.487
