Route #1: 4 78 9 17 34 36 310 305 302 7 6 285 283 276
Route #2: 289 297 21 35 25 13 15 24 269 244 234 14 251 264 312 243
Route #3: 291 263 172 221 235 204 214 265 282 304 296 311 288 292
Route #4: 309 238 240 232 213 218 12 5 8 10 268 303 306 236 226 228 227 192 274 198 185
Route #5: 252 242 237 233 281 177 175 167 11 212 37 248 23 183 19 313 165 217
Route #6: 278 260 256 195 199 180 220 225 150 152 188 189 187 171 170 176 184 205 253
Route #7: 166 215 206 203 194 169 157 130 118 155 160 154 209 223 197 50
Route #8: 32 51 68 62 93 151 96 222 224 144 136 207 140 156 168 159 145 127 147
Route #9: 18 161 97 16 126 298 279 275 110 59 290 90 98 128 101 139 267 258 229 210 191 182
Route #10: 174 178 249 259 266 116 120 121 239 91 100 193 179 133 141 129 94 76 86
Route #11: 89 273 287 26 88 106 84 131 148 115 117 95 108 92 61 67 75 56 22 73
Route #12: 186 245 69 270 293 196 200 181 30 250 122 43 113 111 58 42 45 41 53 81 83
Route #13: 40 72 202 103 211 254 294 301 277 149 262 230 55 299 219 284
Route #14: 104 124 272 52 307 64 66 1 27 39 308 163 190 173 246
Route #15: 71 247 99 105 28 146 44 31 63 119 54 143 57 125 49 280 208 255 112 123
Route #16: 79 153 300 261 138 137 162 29 241 271 47 102 257 74 70 201 3
Route #17: 231 135 134 295 60 80 109 142 216 2 33 38 164 158 48 85 82 77 46
Route #18: 107 114 20 132 65 87 286
Cost 140794
Time 415.307
