Route #1: 209 171 123 120 271 176 214 178 189 175 204 216 119 168 166 158 159 220 179 199 211 191
Route #2: 48 183 201 202 197 181 81 84 85 66 77 82 86 69 49 160 157 135 303
Route #3: 83 111 172 116 131 95 118 313 106 97 177 109 184 186 295 18 112 19 244 246 242
Route #4: 51 62 251 200 136 266 144 146 125 280 126 284 273 257 121 145 133 195 208 221 240 227
Route #5: 225 259 258 276 241 297 287 294 30 268 3 254 5 247 219 291 213 215 190 173 132 103 170 182 92
Route #6: 140 229 233 237 243 98 228 263 264 277 285 283 279 249 239 236 232 253 260 13 255 245 311 312 230
Route #7: 6 286 272 304 12 22 31 24 29 73 9 309 52 269 43 57 290 289 293 55 42 17
Route #8: 288 265 207 307 60 63 108 90 78 71 80 70 301 302 292 26 281 267 238 231 224 226
Route #9: 174 35 68 76 45 33 39 296 274 256 218 169 28 8 50 46 4 261 223 250 161 310 308
Route #10: 59 2 96 235 206 40 16 143 156 153 282 25 275 11 188 107 117 75 87 150 164 100 193 7
Route #11: 61 1 41 270 139 205 222 56 53 210 102 167 180 299 113 101 212 298 74 165 99
Route #12: 141 38 23 37 163 162 306 88 10 14 79 34 47 58 36 196 91 115 122 21 154 149 129
Route #13: 234 89 110 124 114 198 194 105 94 65 203 192 93 67 64 44 248 185 72 187 217 15
Route #14: 54 151 155 152 32 148 130 137 127 142 138 20 134 104 147 305 262 252 128 27 278 300
Cost 139116
Time 409.941
