Route #1: 195 44 181 12 23 207 70 51 66 1 173 77 30 24 47 97 210 127 91 96 65 4 116
Route #2: 213 128 60 48 45 175 111 185 73 124 32 57 196 62 169
Route #3: 37 164 174 225 205 87 76 138 99 74
Route #4: 112 149 13 42 142 113 29 161 6 180 121 206 135
Route #5: 71 114 143 100 94 145 16 75 58 19 86
Route #6: 83 167 151 54 204 162 156 197 139 217 82 110 9 64 193 224
Route #7: 154 78 84 132 168 140 27 200 212 50 14 160 158 105 216 93 123 157 221 67 153
Route #8: 52 215 192 208 41 55 136 119 106 144 190 198 214 115 49 63 159
Route #9: 26 179 88 36 178 194 81 176 120 177 155 170 18 163 133 147 17 209 28
Route #10: 201 43 68 148 189 35 202 172 146 101 31 137 109 33 129 56
Route #11: 40 46 218 90 219 211 188 171 222 92 184 141 150 79 3 85 103 152 15 125
Route #12: 191 69 34 134 122 165 130 107 5 199 126 25 7 102 203 61 223 2 39 187
Route #13: 72 38 11 21 118 166 108 117 183 8 220 104 59 10 131 89 95 53 182 98 20 80 186 22
Cost 161593
Time 129.729
