Route #1: 295 273 313 8 308 12 13 311 309 23 320 70 131 276 20 272 19 282 288 4
Route #2: 164 121 165 177 214 209 208 227 226 287 244 252 266 271 289 312 256 327 34 9 24 322 6 285
Route #3: 290 25 99 21 117 123 5 1 173 326 155 139 195 230 262 32 245 251 14 7 325
Route #4: 304 265 257 253 250 10 200 197 11 215 220 217 219 218 233 310 314 319 254 206 324
Route #5: 183 281 291 174 193 199 171 296 148 106 114 132 248 246 16 232 185 223 307
Route #6: 190 182 76 127 236 170 229 255 205 211 212 187 207 167 111 154 77
Route #7: 93 270 283 37 46 33 213 231 275 294 292 65 299 298 157 150 161 278 240 184 176 141 104
Route #8: 45 112 108 102 191 228 221 225 243 238 107 242 128 235 147 210 145 143
Route #9: 98 126 134 125 122 144 175 151 149 198 115 186 116 179 180 153 109 110 90 91 105 79 67 66
Route #10: 103 96 277 92 43 42 35 78 94 55 54 137 136 39 286 68 69 59 52 44 36 17
Route #11: 120 260 47 293 26 119 140 305 160 22 274 259 204 280 189 201 303 89 237 249 247 264 192 306 73 196 172
Route #12: 258 297 162 188 178 323 321 15 71 51 50 53 49 300 318 222 18 267 27 62 61 138
Route #13: 85 301 124 82 38 163 269 317 113 31 83 316 279 159 129 158 75 263 224 118 2 72 302 216 29 30
Route #14: 57 84 60 48 41 40 133 142 181 203 234 28 202 168 194 3 261 241 169 284 135 87 95 268
Route #15: 64 166 315 146 239 56 74 81 58 152 97 88 86 100 101 63 130 80 156
Cost 111958
Time 633.841
