Route #1: 20 504 257 182 125 8 399 555 69 84 243 43 479 196 230 318 409 123 516 359 506 70
Route #2: 286 462 46 451 6 83 436 534 249 413 39 457 303 422 94 25 62 468 497 370 290
Route #3: 168 433 36 268 452 102 527 28 107 50 426 141 104 149 402 448 261 59 332 158 289
Route #4: 296 131 524 118 509 285 220 88 114 473 298 223 272 470 134 224 421 66
Route #5: 351 441 218 371 195 510 281 153 454 379 529 29 464 389 533 523 295 282 508 444 396 412 438 250 33 80
Route #6: 161 390 528 342 14 167 96 97 186 482 35 32 165 128 388 325 10 391 480 484 248 477 458 327
Route #7: 408 552 461 116 3 311 267 71 341 209 306 549 17 476 472 293 52 190 242 126 56 72 21
Route #8: 91 287 446 7 157 445 203 1 374 431 192 172 74 30 276 507 11 500 430 466 308 206 471
Route #9: 364 93 377 459 395 176 241 189 188 217 117 410 339 393 387 353 156 526 147 178 67 244 57 539
Route #10: 365 22 216 352 488 375 376 53 260 221 16 356 181 442 284 265 401 415 95 419 407 372
Route #11: 532 142 174 184 202 264 301 187 177 302 100 557 145 200 179 323 18 337 309
Route #12: 175 152 210 49 73 199 79 63 109 321 68 246 385 108
Route #13: 511 406 89 256 495 520 317 514 41 40 47 193 78 258 550 545 305 328 146 320 449 392 394
Route #14: 148 120 275 515 143 111 23 541 538 61 269 197 363 505 37 469
Route #15: 424 522 384 547 556 434 115 130 501 212 397 456 358 551 283 366 300 180 45
Route #16: 222 138 512 386 381 291 162 160 124 518 15 113 349 234 329 316 24 380 543 340 198 121 439
Route #17: 183 13 137 558 548 101 169 503 417 369 274 154 159 348 132 492 360 27 288 465 428 463 194 227 252 346
Route #18: 279 347 483 81 60 330 205 334 263 429 554 336 297 26 378 400 140 122 251
Route #19: 171 155 98 416 453 373 519 544 64 294 166 450 467 76 478 245 232 19 207 77 345 313 164 235
Route #20: 432 486 229 163 338 435 253 191 151 5 314 517 240 307 106 112 90 404 535 87 99
Route #21: 530 255 225 129 326 44 455 231 85 173 2 170 357 344 322 304 65 361 237 335
Route #22: 51 502 185 119 236 460 540 150 82 319 86 443 133 55 219 233 215 420 521 367 485
Route #23: 491 398 273 487 262 474 414 103 213 277 58 546 331 383 498 513 368 204 427 214 536 531
Route #24: 75 333 31 354 92 496 127 9 490 208 405 139 144 48 201 525 481 238 271 411 211 499 135 494 54
Route #25: 403 343 259 270 42 299 292 553 542 312 350 324 228 418 266 440 310 110 12 425 315
Route #26: 247 136 382 278 38 239 226 355 447 489 362 537 254 34 437 4 493 105 423 280 475
Cost 292094
Time 748.965
