Route #1: 199 230 209 207 21 260 25 167 176
Route #2: 130 229 252 3 255 51 74 77 43 86 87 78 73 213 251 217 49 55 31 215
Route #3: 92 59 100 104 156 6 190 193 76 188 110
Route #4: 220 243 258 246 30 26 231 222 84 52 144 29 117 91 101 125 56 138 60 88 42 103 5 108
Route #5: 262 11 12 8 10 248 247 111 235 241 24 244 38 233 236 216 238 154 17 106 200
Route #6: 164 83 68 99 177 39 72 96 107 109 113 157 142 145 184 162 206 242
Route #7: 53 148 160 139 134 132 195 105 175 151 178 166 155 131 146 152 85 159 97 126 47 98 212 147
Route #8: 64 127 161 172 170 261 158 35 33 66 234 13 257 19 23 18 22 4 186 228 223
Route #9: 250 46 196 7 9 50 65 140 256 205 183 58 120 124 119 122 32 245
Route #10: 63 129 40 187 16 15 179 168 253 75 171 198 114 194 203 204 214 202 232 239
Route #11: 128 201 191 192 218 240 249 254 14 224 173 123 165 118 67 93 82 57 95
Route #12: 45 141 44 1 121 48 54 61 185 102 71 227 112 143 79 2 94 27
Route #13: 226 137 259 237 90 28 69 150 37 34 221 210 208 219 225 169 153 133
Route #14: 181 182 197 62 81 174 70 89 116 136 163 41 211 189
Route #15: 115 180 149 20 36 80 135
Cost 151989
Time 373.031
