Route #1: 71 191 141 168 118 193 68 203 16 172 106 18 119 175
Route #2: 83 134 170 123 46 6 58 179 78 96 127 65 99 109 131 128 15 7 139 36 196 122 33 157
Route #3: 73 53 135 72 137 140 184 107 91 87 178 12 20 145 194 97 4 85 61 35 66 94
Route #4: 151 10 13 19 49 37 24 197 1 41 155 199 95 80 202 148 3
Route #5: 84 158 48 108 103 43 86 81 165 32 38 176 104 9
Route #6: 150 63 185 159 161 40 21 50 152 153 64 143 101 11 146 125 5 192 22 44 56 89 112 111 169 201
Route #7: 130 187 45 167 39 156 164 163 92 186 116 14 182 82 69 195 105 115
Route #8: 27 166 52 144 79 154 180 90 181 188 174 124 55 149 51 121 75 76 74 190 59 2 98 142 183 138 28 102 67
Route #9: 126 147 133 34 198 25 132 93 54 200 30 117 160 42 62 47 8 120 31 26 60
Route #10: 173 17 113 57 29 114 77 189 162 136 100 70 88 204 171 23 110 177 129
Cost 143495
Time 140.263
