Route #1: 100 167 95 255 245 9 14 250 249 281 198 61 184 185 181 118 129 163 149 277 276
Route #2: 252 22 66 85 69 125 114 192 263 105 58 275 59 89 42 220 38 191 196 195 160 15 86
Route #3: 147 71 225 271 39 217 92 218 219 52 44 35 48 55 259 53 150 98 170 286 65 251 267 122
Route #4: 262 3 26 115 101 25 117 175 169 107 138 137 123 136 135 139 155 154 133 70 112 111
Route #5: 84 76 126 265 132 106 119 18 32 168 81 182 77 1 74 30 50 47 68 60 103 78 57 54
Route #6: 232 285 79 226 224 213 194 67 49 153 36 90 207 116 215 127 80 64 108
Route #7: 227 221 171 223 152 130 43 40 165 258 2 75 243 109 121 268 162
Route #8: 166 21 222 4 240 63 45 24 23 102 197 180 134 93 28 151 31 236 235 231 229 237 238 8
Route #9: 190 131 234 228 178 264 72 269 143 273 242 96 73 99 10 173 270 104 56 91 29
Route #10: 292 94 156 148 140 283 142 141 87 230 6 246 41 5 88 16 157 257 128 260
Route #11: 248 200 186 254 266 83 282 280 145 278 291 177 290 183 216 241 202 193 272
Route #12: 159 158 13 33 27 208 211 51 209 210 20 12 17 34 19 201 205 37 199 206
Route #13: 284 293 11 288 274 256 247 161 174 189 289 253 97 212 233
Route #14: 172 261 279 176 62 188 82 144 164 187 120 124 203 204 113 244 110 146 179 239 7 287 214 46
Cost 152463
Time 399.766
