Route #1: 40 215 212 14 106 16 17 54 70 228 89 165 71 177 138 119 12
Route #2: 105 36 95 96 121 145 74 220 26 133 216 227 84 127 183 120 1 27 198 166 204 24
Route #3: 10 43 85 97 109 32 116 235 44 42 219 218 75 150 160 72 19 64
Route #4: 94 4 30 158 8 225 66 5 2 128 191 47 82 9 21 118 197 229 180 103 176 192
Route #5: 41 178 46 213 153 179 223 48 214 68 161 33 31 18 7
Route #6: 210 141 113 196 130 231 13 137 129 132 49 51 90 226 224 173 186 181 182 233 23
Route #7: 184 170 185 101 79 77 6 62 81 37 35 80 61 55 57 50 56 63 232 58 164 174
Route #8: 159 92 52 93 126 98 151 142 123 108 107 86 87 211 221 208 148 154 157 149 131 222
Route #9: 209 206 195 134 122 135 202 100 187 194 188 104 230 203 136 169 168 152 205 99 200 189 171 167 140
Route #10: 234 190 115 60 59 83 156 163 65 20 25 22 67 155 34 38 238 88
Route #11: 102 237 146 11 201 193 114 28 144 199 172 124 39
Route #12: 112 147 139 111 117 69 45 3 15 53 175 217 207 29 236 162 73 91 143 76 78 110 125
Cost 88856
Time 222.15
