Route #1: 310 166 241 292 109 145 302 245 15 13
Route #2: 131 271 48 248 272 35 210 76 320 146 117 115 184 185 116 150 252 270 19 113 342 160
Route #3: 234 313 62 88 308 26 24 265 175 268 330 28 141 148 325 345 123 93
Route #4: 69 324 346 193 10 337 276 54 32 263 212 162 53
Route #5: 317 264 151 282 165 133 176 244 322 224 339 316 132 128 41 196 288
Route #6: 198 80 3 181 38 280 182 7 147 254 94 5 84 18 149 152
Route #7: 211 309 290 209 154 6 277 77 29 87 295 60 171 195 36 225 140 189 340 83 159
Route #8: 293 114 197 170 23 191 11 1 206 314 334 49 296 281 68 112 92 208 180 97
Route #9: 40 85 178 8 2 315 299 203 65 279 219 306 22 249 190 304 118 237 130 17
Route #10: 89 103 273 155 45 122 217 250 161 167 143 136 192 177 120 275 347 202 144 101
Route #11: 105 90 333 222 336 236 37 39 127 312 335 194 239 9 227 82 218 57 213
Route #12: 96 30 232 164 173 188 215 283 341 205 169 257 73 327 235 261 221 321 214 46 61 307 220
Route #13: 186 111 75 98 267 66 291 278 168 158 207 228 27 56 135 179 55 251 163 200 67 174 78
Route #14: 106 86 44 81 305 260 104 25 266 230 201 70 139 74 223 332 187 262 253 142
Route #15: 238 79 51 285 156 298 247 287 21 134 100 326 16 157 216 323 138
Route #16: 284 303 255 63 343 50 52 12 331 91 300 95 124 14 274 102 242 311
Route #17: 125 319 20 204 121 294 71 297 226 43 59
Route #18: 42 258 344 31 137 129 126 107 72 99 172 259 286 318 289 338 329 328 243
Route #19: 64 4 246 233 34 256 231 301 108 229 240 199 110 33 47 58 153 183 269 119
Cost 251639
Time 249.504
