Route #1: 61 116 62 191 162 59 64 139 58 157 142 94 123 204 180 138 63 11 18 148 17
Route #2: 175 13 60 99 38 108 47 66 34 199 128 208 126 41 57 164 103 127 137 163 112 143 90
Route #3: 177 213 211 181 135 16 197 74 71 84 93 32 182 98 102
Route #4: 202 21 36 118 20 95 67 89 144 190 88 124 161 152 81 8 195 193
Route #5: 214 113 174 49 158 200 48 44 167 22 14 141 70 165 97 183 131 12
Route #6: 107 52 100 40 109 121 26 54 55 73 7 147 30
Route #7: 101 83 4 150 134 170 179 210 15 39 166 87 24
Route #8: 119 122 154 205 65 125 149 2 9 92 133 76 91 6 37 31 117
Route #9: 25 51 146 203 194 129 105 23 19 78 196
Route #10: 85 171 159 168 160 155 35 45 132 140 75 72 106 176 77 33 68 42
Route #11: 201 27 136 192 207 187 156 79 209 111 86 3 172 130 151 185 5
Route #12: 153 120 173 28 169 114 186 56 110 43 189 184 206 69 212
Route #13: 96 46 29 10 80 115 50 178 188 53 1 82 198 104 145
Cost 169840
Time 130.48
