Route #1: 304 412 37 131 391 169 203 210 138 244 280 161 289 13 230 139 31 6 180 240
Route #2: 79 128 206 405 97 23 4 322 26 1 273 360 303
Route #3: 38 408 263 186 301 176 332 143 288 268 5 3 265 307 113 361 367 383 94 269 364
Route #4: 205 170 137 134 32 314 392 211 370 192 414 369 77 264 54 355
Route #5: 40 404 236 177 382 313 152 290 132 231 246 70 167 270 328 256 348 261 320 116 33 30
Route #6: 146 108 135 48 208 234 60 212 223 349 250 53 105 8 221 341 252 67 52 342 106 133
Route #7: 266 35 402 378 222 267 44 83 395 7 396 418 142 21 247 49 218 323 165 55 19 171 204
Route #8: 123 258 168 151 103 112 101 400 193 196 76 100 129 172 130 104 114 149 147 121 200 198 110 89 401
Route #9: 14 225 233 197 72 125 154 277 215 293 287 163 254 15 248 281 259 284 285 346 309 297 318
Route #10: 73 12 279 274 257 238 286 283 276 393 384 417 17 336 9 413 406 411 380 379 275 351
Route #11: 160 87 84 162 62 43 25 119 362 80 82 68 66 93 85 228 224 217 159 216 340
Route #12: 315 294 330 316 308 324 352 358 331 329 335 28 350 368 41 42 343 338 327 337 345 334 387 319
Route #13: 386 398 388 373 365 377 381 353 39 374 71 385 394 399 389 376 372 99 179
Route #14: 298 272 191 296 312 326 357 363 371 366 344 333 311 310 306 325 140 339 2
Route #15: 27 65 18 416 22 235 45 51 227 317 145 409 96 59 184 36 407 359 375 29 403 390 81
Route #16: 189 178 115 124 47 188 50 415 10 141 88 347 295 109 242 292 305 354
Route #17: 207 74 195 220 199 226 157 260 321 282 271 183 153 241 243 397 95 209 232 249
Route #18: 202 201 92 56 90 253 61 278 239 158 144 237 229 78 58 136 16 20 63 46 86 91 255 107
Route #19: 148 75 150 185 302 245 64 173 156 166 164 174 175 182 194 187 57 181 190 120 102 300 262 213
Route #20: 299 219 24 118 117 127 155 111 122 11 98 356 410 126 251 214 69 34 291
Cost 215337
Time 752.266
