Route #1: 299 264 260 208 78 74 357 86 152 189 100 364 229 377 17 116 143 399
Route #2: 149 151 218 359 324 411 287 383 387 140 48 84 38 282 253 409 397 403 401 400 396 54 275
Route #3: 417 201 423 42 46 213 114 134 297 21 11 95 65 105 60 66 303 112 416 270 405
Route #4: 244 103 94 280 316 408 337 104 374 155 197 368 243 315 33 73 252 194 185 182 302 295 16 345
Route #5: 68 56 102 200 240 27 233 154 246 34 126 137 332 199 266 236 195 234 215 169 156 53 2 191
Route #6: 358 325 3 217 386 25 109 170 55 410 19 237 13 376 70 256 323 418 419 259 262 269
Route #7: 147 166 216 293 257 288 300 101 99 273 226 129 320 139 79 122 385 330 333 329
Route #8: 26 178 202 135 132 131 192 319 336 241 184 23 67 15 204 133 203 148 136 29 18 145 5 308 338
Route #9: 40 181 171 111 407 271 267 285 378 63 64 20 406 113 196 292 313 28 142 306
Route #10: 281 245 44 8 123 121 379 381 31 163 128 177 350 351 349 312 346 347 348 342 343 37 265
Route #11: 371 12 207 223 402 392 398 24 225 289 179 321 206 305 75 130 353 277 235 227
Route #12: 224 425 339 39 263 187 250 168 1 220 173 211 183 7 153 389 175 159 420 209 242 362
Route #13: 119 107 198 77 190 310 106 41 247 62 395 393 424 369
Route #14: 334 10 228 160 367 210 231 251 248 304 222 85 296 279 327 298 188 352 328 283 35
Route #15: 88 311 361 71 50 59 32 49 141 176 331 268 421 322 363 307 284 340 335 286 57 58 186 158
Route #16: 167 125 92 30 89 404 165 261 230 91 96 61 87 98 81 82 76 354 290 120
Route #17: 314 294 318 146 45 118 412 380 164 221 83 239 274 254 249 388 150 93 144 232 344
Route #18: 360 301 80 219 138 69 174 309 51 214 413 4 415 341 422 43 14 291 110 162 161
Route #19: 205 276 72 115 47 384 238 391 394 414 372 157 6 317 255 90 117 124 22 193
Route #20: 375 36 390 258 180 52 212 356 172 382 278 272 127 365 355 370 9 366 373 326 97 108
Cost 236212
Time 366.365
