Route #1: 248 46 15 41 31 32 190 37 54 7 168 199 129
Route #2: 256 60 278 100 267 233 120 49 180 34 266 30
Route #3: 209 6 67 65 117 116 109 101 264 25 181 138 143 61 92 27 50 170 33 36 26
Route #4: 51 254 122 271 102 105 226 200 286 186 300 258 161 70 165 227 160 78 261
Route #5: 212 211 217 164 153 269 222 193 88 115 159 187 113 276 19 132 126
Route #6: 225 144 145 283 275 38 223 228 53 218 287 8 280 277
Route #7: 76 79 154 108 201 94 183 298 176 292 121 250 166 262 232 98 241 158 146 135 147 107 242 97
Route #8: 11 296 295 111 175 99 44 28 22 9 151 139 68
Route #9: 162 294 86 137 131 207 40 39 156 55 18 73 118 185 1 152 80 43 112 196
Route #10: 240 208 288 243 246 244 14 127 82 251 13 16 215
Route #11: 48 182 219 230 71 59 268 12 290 56 75 202 177 85 194 84 110 119 172 130 104
Route #12: 23 124 236 206 179 173 133 123 140 149 192 189 249 167 83 148 87 237 45 265 72 125
Route #13: 163 279 90 205 174 191 134 58 93 238 270 247 3 2 157 114 239 66 74 197
Route #14: 245 291 203 220 184 178 17 81 136 188 204 213 29 42 91 281 299 282 103 96 221 285 293
Route #15: 63 253 274 252 297 141 231 62 210 5 289 4 214 284 77 255 128 89
Route #16: 216 64 272 273 169 142 47 263 24 260 259 257
Route #17: 198 235 234 155 35 20 69 224 229 95 171 106 150 195 10 57 21 52
Cost 166221
Time 420.996
