Route #1: 17 299 305 29 341 255 34 53 25 19 18 16 229 228 215 42 253 260 55 41 33
Route #2: 326 263 334 316 301 337 7 287 275 272 271 252 241 235
Route #3: 324 325 286 321 311 106 300 303 310 322 291 288 313 307 277 209 208 264 323
Route #4: 236 221 24 36 250 254 97 113 58 249 57 54 245 148 30 157 338 162 128 137 339 342 320 257
Route #5: 248 204 26 143 168 340 13 12 332 279 278 282 280 283 281 219 232 220
Route #6: 267 262 292 230 202 308 304 298 296 302 199 203 184 192 289 182 164 159 150 155 149
Route #7: 207 205 217 188 225 227 197 213 246 247 216 251 218 200 201 195 156 181 193
Route #8: 290 89 110 118 120 122 135 160 158 176 178 171 174 224 237 243 233 191 223 222 231 185 154 179
Route #9: 266 212 234 151 329 153 112 85 84 60 276 273 145 226 319 239 265 242 196 294 295
Route #10: 115 131 180 172 173 186 187 141 170 163 117 133 139 114 130 119 123 127 134 107 56 102
Route #11: 268 211 177 189 198 124 261 132 63 258 175 70 76 95 138 116 87 92 67 77 71
Route #12: 103 79 74 161 4 140 64 270 144 136 51 121 100 73 96 59 62 61 90 98 82 48
Route #13: 244 256 27 333 94 315 314 37 40 86 68 21 22 5
Route #14: 91 331 99 104 274 126 10 78 81 83 259 167 269 285 38 165 14 1 293 206 129 125
Route #15: 309 66 183 101 108 109 6 318 65 111 50 8 105 3 169 9 47 284 52 240
Route #16: 146 11 214 330 35 93 72 88 147 31 238 210 194 32 297 166 69 152 75 28 142 190
Route #17: 20 44 336 335 15 39 45 2 46 80 312 49 43 327 328 23 317 306
Cost 121097
Time 554.845
