Route #1: 114 34 101 376 397 407 93 96 103 98 90 104 422 94 55 19 310 424 356 286 301 416
Route #2: 245 299 60 274 267 420 162 357 63 56 254 81 80 102 99 91 212 143 136 234 278
Route #3: 79 97 70 393 58 390 46 400 392 401 11 391 412 417 414 28 36 395 394 43 398 108 67 372
Route #4: 9 313 322 321 327 337 354 346 44 419 202 314 71 137 222 405 256 131 140
Route #5: 255 31 69 160 78 358 13 16 387 77 380 377 375 366 336 331 307 320 349 329 304 341 281 292
Route #6: 10 383 364 365 379 188 33 38 52 113 112 169 406 411 403 389 186 318 182 177 72 418
Route #7: 269 272 133 290 273 271 249 147 250 119 118 92 221 257 149 148 270 317 330 348 20 421 12 76 363 343 344
Route #8: 246 415 242 230 228 158 146 157 156 192 236 258 178 266 29 306 240 191 184 244
Route #9: 360 262 333 167 175 154 35 227 231 5 189 370 219 95 180 338 129 4 179 381 353 166 261 355 151
Route #10: 51 61 388 209 87 3 325 216 312 32 126 203 378 190 172 141 194 263 21 6 62 339 197 217
Route #11: 371 368 142 163 66 45 64 215 73 65 288 109 198 139 165 111 409 74 251 287 385 369
Route #12: 199 305 204 374 42 153 259 334 361 350 2 85 300 27 302 1 8 362
Route #13: 293 41 220 260 359 200 408 352 173 150 82 386 23 100 218 340 226 176 89 335 127 15 138
Route #14: 22 40 145 285 120 117 106 233 214 332 309 399 243 193 110 294 205 213 252 37 326
Route #15: 315 7 279 168 373 39 50 423 402 48 384 229 283 410 196 277 342 14 57 253 268 248 296 247 24 291
Route #16: 404 396 53 170 275 319 75 323 308 122 239 121 159 174 164 161 155 171 195 105 84
Route #17: 107 26 124 134 49 144 208 210 207 316 211 223 206 59 265 123 152 185 128 324 413 17 18 125
Route #18: 264 132 347 68 54 88 83 289 183 130 86 282 25 237 238 115 30 181 232 276 235 284
Route #19: 382 241 224 225 187 345 201 367 295 311 328 280 297 298 47 303 116 135 351
Cost 204922
Time 377.105
