Route #1: 159 506 7 146 334 461 177 67 310 213 9 397 267 420 454 373 327 457 447 105 518 524 464
Route #2: 466 339 52 211 229 259 311 382 333 263 84 342 200 328 378 393 261 418 390 44 363 307 411 350 228 469
Route #3: 357 322 392 427 434 207 266 448 161 293 530 74 13 521 478 504 17 303 291 61 236 243 79
Route #4: 141 404 134 523 474 11 8 240 379 510 500 408 136 476 276 274 183 436 143 93 132
Route #5: 127 389 277 353 115 481 441 149 176 186 196 163 491 43 2 231 531 472 279 110 120
Route #6: 356 111 217 444 415 41 204 222 46 308 409 14 493 452 203 225 425 475 398
Route #7: 209 325 248 37 395 5 433 100 455 332 10 246 152 391 71 45 35 419 367 201
Route #8: 319 64 97 513 160 269 268 287 459 70 517 381 235 102 191 320 515 458 412 193 4 384 423
Route #9: 99 38 299 372 315 250 104 135 171 396 386 417 226 233 470 410 403 123 227 164 298 28
Route #10: 280 426 218 270 477 95 286 306 405 112 495 157 221
Route #11: 290 12 301 137 340 435 375 374 198 154 202 331 151 271 468 330 360 247 253 194 359 81
Route #12: 479 278 421 264 69 22 431 16 492 496 23 24 147 166 170 516 324 509 505 499 388 529 355
Route #13: 82 482 78 53 76 77 283 162 169 192 260 349 428 352 467 59 63 47 185 244 497 318 56
Route #14: 262 116 437 39 338 219 150 130 284 507 439 214 153 501 18 189 323 75 480 400 462 174 3 297
Route #15: 498 216 138 296 383 33 508 364 239 371 190 520 128 316 265 295 49 223 180 238 98 489 106
Route #16: 90 118 525 144 124 188 21 346 401 20 27 366 273 281 300 94 57 512 245 215 527 55
Route #17: 131 242 26 414 443 32 101 361 451 456 344 422 255 234 488 309 485 351 347 179 438 385 80 429 91
Route #18: 205 326 399 62 139 282 257 348 167 354 484 376 305 31 343 289 148 336 119 96 528 369 208 237 133 50
Route #19: 197 312 490 114 446 337 473 58 29 210 416 107 345 440 254 87 72 394 122 241 181 365 220
Route #20: 502 294 30 158 285 66 511 25 195 362 341 450 258 129 187 329 304 113 145 522 302 251 252
Route #21: 40 108 88 173 172 140 256 36 54
Route #22: 413 182 321 121 83 430 42 65 514 125 178 73 494 442 432 156 6 85 206 15 424 465 230 89
Route #23: 48 175 117 358 471 86 199 487 51 155 314 368 60 526
Route #24: 503 377 92 292 387 406 407 380 483 142 460 232 317 19 402 212 68 249 370 335 449 486 168
Route #25: 288 184 109 126 103 1 453 445 224 275 272 34 165 463 519 313
Cost 247895
Time 675.509
