Route #1: 24 37 357 240 304 244 282 42 49 58
Route #2: 152 350 25 195 129 361 394 86 101 46 92 53 130 105
Route #3: 384 455 426 412 77 319 103 59 155 110 124 450 291 36 437 321 203 95 182
Route #4: 418 184 29 126 68 411 262 252 409 264 430 439 102 204 4 273 100 452 292 448 296
Route #5: 193 247 185 191 142 349 303 91 335 257 164 175 279 253 307 393 403 373 85 147
Route #6: 197 259 149 144 112 81 19 208 213 20 15 228 233 243 270 278 298 109 327 382 329 286 64
Route #7: 407 421 211 168 154 89 322 181 118 315 260 223 207 210 217 196 167 150 280 277 231 226 225 26 209 237 218
Route #8: 232 255 390 230 241 30 114 133 40 342 428 176 387 442 187 370 317 254 212
Route #9: 263 249 234 135 70 139 121 432 385 235 289 227 354 356 111 355 314 348 353
Route #10: 162 202 5 16 3 17 67 179 301 84 389 174 18 13 12 137 11 140 276 320
Route #11: 170 190 136 165 188 316 310 272 79 306 123 127 138 153 214 340 358 163 371
Route #12: 366 337 21 376 54 324 47 313 388 311 94 96 122 117 104 248
Route #13: 206 245 268 445 1 200 415 283 224 400 48 132 397 395 145 35 447 431 261 456 446 198 22 189 427
Route #14: 386 173 60 106 201 186 87 2 345 281 61 364 449 6 156 238 43 134 205 148
Route #15: 219 396 392 417 166 169 436 229 265 269 443 429 408 398 294 293 80
Route #16: 379 336 300 33 323 57 299 14 183 119 28 34 31 39 45 32 362 404
Route #17: 413 433 434 454 416 401 457 333 341 328 305 318 7 8 295 297 275 274 312 347 367 420 458
Route #18: 69 44 422 351 369 368 66 65 365 266 246 220 194 50 419 402 440 451
Route #19: 125 410 374 381 256 338 160 159 309 258 251 343 288 287 423 435 326 414 372
Route #20: 99 406 271 346 267 215 141 180 172 62 441 27 63 334 332 222 308
Route #21: 108 72 107 93 438 330 344 339 52 83 88 55 116 131 73 56
Route #22: 171 285 383 97 331 38 425 161 325 250 74 178 236 51 216 199 221 82 143 192
Route #23: 375 405 71 75 76 151 9 284 391 128 377 378 380 453 399 177 424 363
Route #24: 352 23 302 115 90 158 10 239 157 360 78 146 242 113 444 120 98 41 359 290
Cost 258759
Time 722.447
