Route #1: 56 299 240 323 263 27 149 174 67 187 201 236 170 205 238 47 269
Route #2: 261 328 105 12 128 50 266 166 271 333 129 46 239 329 156 316 117 339 161 313
Route #3: 119 126 107 268 147 244 159 305 57 233 83 264 76 16 112 127 309 158
Route #4: 45 330 103 153 324 171 267 178 109 234 292
Route #5: 74 19 130 225 168 79 75 341 215 142 80 283 338 154 199 123 118 194 53 230 160
Route #6: 20 273 232 151 340 135 248 54 122 108 318 226 77 257 139 37 195 251 87 30 307 228 311
Route #7: 308 302 110 22 167 198 69 336 193 72 221 58 208 95 124 51 100 11 287 241 275 291 222 216 321
Route #8: 303 315 73 141 17 319 38 179 145 2 18 52 278 290 55 296 218 71 5 66
Route #9: 312 91 335 277 322 138 190 247 202 131 317 115 60 31 213 24 342 40 39 98 289 28
Route #10: 326 306 132 334 280 49 281 81 144 284 48 196 200 337 211 9 186 88 61 157 301 26 260 92
Route #11: 327 288 34 164 42 177 62 3 245 229 265 249 237 125 212 310 33
Route #12: 185 180 285 43 148 172 162 78 242 235 270 32 254 188 99 140 106 279 152 85 29
Route #13: 150 206 243 35 165 133 214 253 304 184 286 21 111 298 197 209
Route #14: 256 137 36 65 155 325 176 8 6 191 282 203 136 293 295 97 94 102 89 189 163
Route #15: 143 146 320 82 14 25 250 121 134 86 300 223
Route #16: 175 10 63 331 64 44 332 217 258 96 7 272 246 262 219 181 255 120
Route #17: 314 113 101 252 224 114 4 41 231 13 59 169 210 220 204 183
Route #18: 297 93 259 227 23 173 104 90 274 116 294 68 192 15 182 70 276 84 1 207
Cost 202671
Time 649.601
