Route #1: 4 2 272 266 262 270 252 263 13 267 254 237 224 227 215 214 176 189 179
Route #2: 236 197 11 171 15 222 273 17 8 96 38 269 3 14 259 251
Route #3: 249 217 235 228 5 9 7 168 220 208 192 18 202 23 211 167 19 275
Route #4: 265 119 258 264 128 260 149 157 125 121 12 93 91 25 209 29 221 268 27 20 250
Route #5: 229 204 218 182 180 181 170 200 166 247 195 199 213 210 205 198 255 239
Route #6: 225 241 234 238 248 201 253 165 159 152 144 154 190 196 163 160 143 131
Route #7: 153 57 80 87 113 127 177 129 184 206 164 139 150 172 183 169 174 194 203 216 226
Route #8: 142 147 140 151 173 178 187 162 158 148 130 126 124 107 82 132
Route #9: 134 207 110 112 109 106 231 233 240 245 103 232 223 86 100 244 243 193
Route #10: 219 46 59 63 136 94 123 156 122 95 97 83 89 84 88 108 102 72 79 40 60 48
Route #11: 98 54 135 185 212 105 31 51 49 133 76 155 33 53 101 186 35 99 28 56 77 61 78
Route #12: 41 32 39 52 74 66 64 115 45 6 117 43 44 50 55 30 67 70 246
Route #13: 242 138 191 16 261 271 10 161 146 36 256 71 65 58 21 22 37 145 1 42
Route #14: 68 62 114 120 175 274 34 85 90 92 188 81 230 75 141 257
Route #15: 26 111 24 47 69 104 118 116 137 73
Cost 130312
Time 289.166
