Route #1: 60 70 249 245 225 22 92 130 51 384
Route #2: 106 129 226 432 11 191 140 160 98 284 16 341 307 188 181
Route #3: 206 294 319 99 332 86 433 3 144
Route #4: 46 381 460 101 257 113 242 171 308 278 356 159 440 110 337 336 398 201 90 435 128 455 259 165 463
Route #5: 30 57 69 7 218 442 143 87 208 196 193 32 222 409 348 157 293 412 41 180 248 42 38
Route #6: 380 280 316 454 61 291 434 320 219 28 220 67 247 55 326 155 339 15 304 448
Route #7: 147 252 71 170 59 437 266 134 329 246 236 431 265 469 78 126 45 186 389 292 371 121 224 73
Route #8: 75 8 104 400 466 81 35 426 299 464 65 138 273 123 366 287 372 2 465 342 76 338 62 109
Route #9: 175 142 94 272 285 256 100 21 421 376 173 213 111 467 166 36 48 250 377 373 456 317 419 24
Route #10: 12 302 408 414 333 311 115 392 207 221 305 258 233 234 241 151 288 167 84 277 116
Route #11: 420 468 423 54 458 334 312 362 66 328 351 301 49
Route #12: 240 40 350 355 43 394 415 56 425 451 262 295 27 172 449 459 290
Route #13: 102 418 306 296 261 383 267 37 63 453 203 387 283 13 251 210 120 264 211 438 370
Route #14: 271 410 430 88 204 53 255 254 146 413 153 289 125 401 424 10 80 411 344 323 429
Route #15: 176 33 327 118 228 107 402 223 192 361 190 178 127 282 346 183 276 269 25
Route #16: 114 357 137 243 50 205 457 445 368 14 18 360 428 331 388 91 436 150 239 231 340 399 148
Route #17: 23 260 235 390 154 177 131 197 39 349 136 103 105 9 441 89 391 200 447 122 444 179 29 345 31 462
Route #18: 141 446 403 152 286 417 325 367 227 359 214 133 5 322 58 313 358 237 443 253 382 279 439 330 385
Route #19: 470 229 161 354 275 82 83 378 47 182 72 34 405 184 298 365 452
Route #20: 96 244 363 321 169 232 315 263 375 406 379 163 268 199 145 310 195 202 309 112 162
Route #21: 174 274 450 212 74 347 281 393 300 314 230 19 217 324 158 6 108 335 68
Route #22: 318 369 215 303 124 407 187 270 64 386 427 52 132 209 185 216 79 164 397
Route #23: 343 364 189 44 117 198 135 17 352 77 374 26 1 404 353 168 119 97 156 395 139
Route #24: 422 4 461 85 194 396 238 149 95 20 297 416 93
Cost 259228
Time 627.395
