Route #1: 160 102 242 249 275 74 233 44 134 148 58 298 177 97 223 255 207 182 329 252 150
Route #2: 266 179 180 289 168 267 183 248 171 28 257 140 22 147 127 146
Route #3: 330 237 71 175 152 216 326 141 16 291 276 118 112 263 138 124 221 70 66 105 245 137 318 239
Route #4: 222 174 120 77 157 48 83 322 192 185 305
Route #5: 202 40 151 49 125 143 224 268 225 220 200 122 203 109 54 314
Route #6: 87 210 117 149 243 240 272 181 227 126 316 142 231 80 205 15 103 50 325 229 121
Route #7: 218 274 84 35 176 76 12 111 251 155 293 271 313 57 21 247 290 73 320 90
Route #8: 328 11 130 25 254 133 292 67 41 23 98 280 273 226 214 47 113 256 7 95 24
Route #9: 135 43 65 198 170 178 91 197 250 5 187 106 259 321 86 62 154 190
Route #10: 60 302 131 208 265 20 278 212 85 270 230 199 6 17 165 18 296
Route #11: 81 188 215 232 69 136 64 317 201 261 33 288 8 29
Route #12: 55 59 75 19 82 236 277 96 31 14 108 114 206 169 100 315 244 163 2 110
Route #13: 3 53 303 186 258 269 61 281 115 301 299 219 189 161 38 123 300 37 209 213 195
Route #14: 310 93 319 63 10 235 13 4 194 145 107 26 324 297 307 193 327 287 246 282 285 294 116 284
Route #15: 99 68 132 156 162 260 32 36 191 89 172 144 217 241 234 92 78 173 158 283 128 88 308 204 42
Route #16: 51 238 94 52 101 295 56 30 253 45 286 311 1 39 306 129 46 264 309
Route #17: 27 323 119 139 304 104 9 184 196 211 228 34 164 279 167 166 159 79 312 262 72 153
Cost 195702
Time 233.47
