Route #1: 272 268 287 285 274 19 18 8 1 283 44 30 200 198 205 7 5 6 219 239
Route #2: 130 262 242 151 172 258 260 210 254 108 243 277 275 12 289 288 270
Route #3: 227 180 20 28 150 96 60 232 226 17 225 224 223 16 9 257 3 261 266 267
Route #4: 281 282 271 276 184 286 253 250 248 252 251 249 290 171 139 144 134 148 11 67 40 61 24
Route #5: 78 194 187 181 191 202 240 190 195 185 168 183 143 152 162 158 155 154 116 178
Route #6: 238 207 182 213 167 149 201 214 244 119 228 118 209 136 141 165 120 114 115 111
Route #7: 22 41 48 77 107 105 102 104 103 138 170 169 176 179 193 140 204 220 215 217 256 246 175 206 273 229
Route #8: 131 163 160 177 145 147 166 164 161 157 112 121 110 106 94 95 66 65 53 63 55 73
Route #9: 279 212 89 68 69 259 255 54 33 230 264 245 247 43 269 125 59 36 42
Route #10: 90 83 208 47 25 218 27 50 35 79 52 62 76 81 82 34 93 4 26 37 133
Route #11: 199 265 99 84 39 117 124 186 235 75 221 222 211 189 192 196 233 45 128 58 284 280 236 241
Route #12: 31 23 14 64 57 278 234 159 123
Route #13: 32 80 100 86 51 72 56 38 71 98 101 97 46 2 10 188 127
Route #14: 91 92 146 173 203 231 216 197 13 174 21 49 237 15 29 137
Route #15: 132 74 88 156 109 87 126 122 135
Route #16: 70 85 113 263 153 142 129
Cost 152033
Time 461.65
