Route #1: 102 422 364 240 418 402 57 227 124 326 309 391 74 251 3 288 253 129 44 70 286 201
Route #2: 354 351 320 8 144 257 282 99 220 202 83 108 393 352 140 211 401 432 356 276 413 310 170
Route #3: 128 13 101 456 239 130 457 61 383 204 27 194 9 126 50 312 187 289
Route #4: 434 159 396 48 437 139 363 218 231 117 439 210 425 400 24 291 359 381
Route #5: 254 241 259 336 348 430 370 69 273 105 435 397 428 436 234 207 208 56 131 82 345 127
Route #6: 152 237 232 161 329 317 122 265 431 417 290 4 225 216 54 376 244 149 420 250 235 266 23 97
Route #7: 447 419 361 306 374 199 154 410 411 93 20 79 47 81 238 299 424 449 228 346 301 91 78 395
Route #8: 137 5 295 180 16 260 270 293 304 280 256 341 111 41 73 421 285 92 375
Route #9: 200 316 384 31 224 426 255 141 188 143 414 233 167 339 389 398 371 343 387 340 95 162 386
Route #10: 264 158 136 12 278 455 29 176 196 66 408 319 444 86 145 335 80 90 267
Route #11: 394 115 43 11 297 88 229 198 365 412 77 94 32 355 37 51 405 169 388 349 160 261 183 2 153
Route #12: 219 156 53 197 427 120 147 249 214 163 268 142 76
Route #13: 38 150 40 67 193 338 373 269 104 452 6 22 281 275 89 189 35 366 113 192 168 182 109 271 283 203 315
Route #14: 58 308 46 98 272 377 212 15 63 59 19 372 311 172 321 258 284
Route #15: 166 369 221 438 110 307 378 342 135 100 45 186 247 433 34 332 217 213 262 404 191 223 245 263 423 454
Route #16: 106 25 148 96 39 252 327 146 55 322 68 36 49 368 10 416 64 121 226 314 248 302 333 206 17 1
Route #17: 357 179 277 18 165 119 246 205 243 358 71 382 446 441 85 215 33 116 274 324 379 451 318 164
Route #18: 65 415 323 296 292 303 123 453 138 28 236 350 30 62 175 155 173 360 87 337 298 440 330
Route #19: 445 230 334 177 184 14 195 409 367 362 429 185 344 26 403 385 279 305 407 406 171
Route #20: 448 178 114 222 390 313 125 133 209 242 300 380 174 84 112 103 325 294 21
Route #21: 60 353 42 347 52 287 442 392 118 72 132 75 399 157 7 331 443 181 151 190 328 450 107 134
Cost 240077
Time 518.153
