Route #1: 66 136 40 149 11 190 210 211 243 185 165 159 298 297 107 83 127 302 150
Route #2: 117 216 114 262 46 29 26 269 4 206 304 212 30 49 76 97 34 74 2
Route #3: 52 134 261 64 32 278 254 260 281 321 35 20 316 68 80 16 115
Route #4: 42 108 77 24 94 253 218 101 102 143 207 124 82 161 205 237 47 301 25 28 105 67 43
Route #5: 50 55 54 62 72 78 57 56 53 123 38 37 39 122 86 103 113 112 93 79 70 73 85
Route #6: 51 111 264 153 156 146 160 283 195 259 277 268 44 286 292 294 276 174 45 217 329 27 48
Route #7: 92 148 152 137 170 171 169 91 99 167 100 130 132 140 138 129 142 141 145 75
Route #8: 126 202 110 118 119 58 116 287 285 109 279 121 236 182 168 87 88 95 71
Route #9: 197 223 139 226 244 90 257 266 258 89 229 104 180 131 135 155 128 106
Route #10: 192 203 151 157 164 158 166 175 177 162 194 220 179 183 228 224 144 186 242 178 241 181
Route #11: 232 238 204 282 147 307 65 309 308 284 189 231 234 239 249 270
Route #12: 230 252 173 209 196 184 198 221 201 265 222 200 188 191 219 199 163 133 81
Route #13: 312 1 176 247 193 172 154 120 17 96 98 125 331 332 8 13 208 240 18
Route #14: 271 296 291 248 293 288 233 235 246 250 328 326 319 263 311 306 280
Route #15: 274 330 322 227 213 5 225 3 12 245 9 6 14 7 214 215 325 63 59 60 255
Route #16: 10 267 21 22 187 84 61 256 275 272 23 19 15 33 31 69 41 295 315 289 273
Route #17: 327 323 320 314 310 290 303 251 36 318 305 317 313 299 300 324
Cost 122695
Time 316.097
