Route #1: 257 255 240 237 234 179 209 158 229 249 200 245 242 243 221 24 189 214 154 120 267 157 215 236 210 217 227
Route #2: 383 80 141 136 108 191 169 122 90 233 254 54 47 62 48 49 57 70 211 130 182 226 1
Route #3: 271 188 81 187 220 261 115 138 232 153 341 159 168 164 165 248 251 107 92 123 135 133 143 88
Route #4: 67 75 277 151 180 360 359 349 193 170 337 172 357 174 149 152 29 111 33 11 98 21 63 58
Route #5: 397 310 18 344 69 73 61 368 55 364 365 361 68 327 308 306 110 276 241 250 262 246
Route #6: 300 291 292 307 297 281 286 285 299 387 393 320 309 312 394 336 356 339 345 328 325 295
Route #7: 395 147 121 30 42 95 94 26 20 13 66 41 25 17 113 118 351 340 350 347 167 348 192 194 148 280
Route #8: 396 298 252 27 378 374 366 375 372 362 363 379 311 321 319 315 313 19 392 373 260 288 266 247 273
Route #9: 358 305 369 314 335 342 343 324 326 323 303 287 284 274 126 244 296 317 316 294 293 127 318
Route #10: 60 28 31 38 86 380 346 388 352 381 384 45 46 10 389 40 390 74 282 270 205 391
Route #11: 265 218 322 228 76 39 354 183 385 2 44 382 22 216 32 230 331 225 264 137 370 101
Route #12: 85 3 8 6 116 7 36 34 155 173 256 353 139 224 50 301 59 23 82 79 156 377
Route #13: 334 83 93 177 263 142 259 275 283 268 279 56 290 131 104 102 12 171
Route #14: 272 195 87 78 77 105 103 65 64 253 9 51 278 37 52 166 178 106 35 114
Route #15: 219 258 330 84 99 125 185 269 96 186 14 162 163 212 181 109 161 91
Route #16: 15 289 338 239 207 160 112 355 43 100 371 146 124 16 238 231 175 89 190
Route #17: 222 332 386 376 302 144 235 97 145 206 128 213 5 150 223 71 129 132 329
Route #18: 176 304 4 367 198 184 201 208 203 199 333 134 117 119 53 196 197 140 72 204 202
Cost 182184
Time 567.945
