Route #1: 75 200 553 344 362 419 349 468 224 82 346 13 225 555 80 246 33 158 94 62 648 9 342 352 185 503
Route #2: 4 137 32 37 428 64 221 220 564 19 183 305 506 573 360 548 91 147 105
Route #3: 633 606 108 24 649 520 626 345 561 488 437 486 477 223 227 279 519 496 455
Route #4: 236 257 194 40 210 182 201 111 36 106 429 258 235 262 120 306 148 93 34 608 154 483
Route #5: 470 302 499 476 487 316 469 378 580 399 619 214 163 228 284 584 320 21 467 541 301 155
Route #6: 109 343 363 375 481 459 204 304 450 76 425 110 635 431 333 276 31 522 280 298 90 141 43 71
Route #7: 518 153 634 409 480 267 89 374 454 244 451 211 269 644 101 57 368 422 41 572 556 121
Route #8: 146 63 560 554 559 434 348 569 318 291 402 274 245 544 577 592 511 493 142 350 613 131
Route #9: 29 7 47 510 478 539 83 566 249 542 524 325 441 527 590 398 22 597 582 181 442 400
Route #10: 192 448 290 97 18 598 143 386 54
Route #11: 188 169 49 535 589 438 614 567 199 135 498 604 372 129 466 383 277 603 581 72 397 92 525
Route #12: 403 212 449 213 565 255 103 172 387 242 504 250 60 412 67 435 532 540 139
Route #13: 460 474 558 42 16 150 319 230 52 46 6 157 313 174 28 631 379 389 292 502 549 99 367 215
Route #14: 563 289 178 299 45 58 620 85 494 175 113 334 125 585 424 8 162 303 293 286 53 340
Route #15: 205 310 650 526 195 427 436 10 252 130 65 140 574 288 618 95 557 138 273 251
Route #16: 79 171 151 643 128 259 338 123 12 50 578 591 77 66 534 248 617 394 11 479 432
Route #17: 586 407 588 377 243 69 491 170 579 514 458 240 145 297 357 624 552 160 358 48 647 395
Route #18: 646 218 282 68 2 621 270 356 364 78 70 275 446 161 337 206 371 86 149 382 233 26
Route #19: 440 134 247 326 107 339 265 571 538 447 596 127 217 207 495 300 219 231 104 44 261 118 508
Route #20: 238 562 536 640 433 393 308 136 443 315 492 354 408 222 497 164 623 390 102
Route #21: 515 173 607 124 126 537 198 533 311 642 321 465 472 159 15 501 471 193 165 380 119
Route #22: 361 341 381 51 602 263 531 177 575 88 115 1 27 482 384 490 439 332 355 234 530
Route #23: 5 420 641 314 630 637 610 98 216 401 191 418 55
Route #24: 23 229 61 278 430 599 453 20 463 132 3 209 25 312 366 475 260 583 396 365
Route #25: 84 550 587 373 622 187 444 500 523 609 376 636
Route #26: 190 295 629 39 309 546 616 421 203 405 417 505 615 545 335 489 186 285 388 74 516 528 385 324 266
Route #27: 73 568 133 410 413 406 327 208 628 116 611 426 392 570 197 112 323 512 347 517 253 226
Route #28: 241 595 625 600 14 336 551 328 370 17 627 330 369 100 601 639 38 521 543 254 509 411
Route #29: 351 122 114 268 152 264 35 485 473 196 56 294 87 184 415 359 30 461 462 331 256 353 232 281 484
Route #30: 632 457 594 156 423 638 593 464 452 189 329 612 605 144 404 271 645 296 445 176 513 239 307
Route #31: 456 391 81 287 547 283 529 237 180 168 167 317 414 117 96 202 59 272 576 322 507 416 179 166
Cost 327388
Time 1372.84
