Route #1: 137 140 110 98 122 141 60 4 24 112 111 130 249 17 15 80 52 95
Route #2: 68 229 99 223 149 133 152 85 44 91 138 84 117 94 71 66 48 51 45
Route #3: 97 79 205 70 254 127 136 61 128 118 166 160 161 30 147 206 58 26 244 228
Route #4: 164 134 49 211 239 165 153 42 158 35 168 235 103 41 253 86 43
Route #5: 201 126 224 62 50 23 72 121 54 69 78 6 159 32 219 5 1 2 34 21 150 76
Route #6: 38 139 257 33 40 173 108 252 250 240 25 16 29 37 263 259 247 261 255 8 92 56
Route #7: 3 114 81 59 113 186 182 179 191 187 180 123 31 181 177 197 212 200 199 202 189 172 125
Route #8: 167 226 243 225 178 198 190 214 251 207 193 196 260 234 233 242 258 241 236 231 245 213 12 209 188 184
Route #9: 176 208 218 246 248 237 203 18 10 13 204 9 169 195 194 262 124 215 129 144 28 216
Route #10: 192 146 88 142 174 100 104 230 87 73 74 75 27 22 20 19 53 256 39 232 11 145
Route #11: 185 7 238 46 47 55 57 217 96 221 106 89 171 154 64 67 131 132 135 163 93 222 227 102 90 210 220
Route #12: 155 36 175 116 120 162 183 148 151 105 107 143 14 170 109 83 101 115 82 63 65 77 119 157 156
Cost 131738
Time 457.755
