Route #1: 417 141 124 422 101 325 314 260 7 149 254 312 60 201 8 418 400
Route #2: 379 386 31 107 137 194 227 375 387 295 142 14 179 181 77
Route #3: 347 376 215 352 143 75 284 259 43 73 85 238 128 173 13 16 405
Route #4: 23 190 105 58 256 116 64 163 154 103 76 356 34 258 41 209 317 191
Route #5: 53 90 370 278 289 292 349 96 410 381 268 171 68
Route #6: 11 274 28 266 222 271 15 307 309 298 88 65 175 69 174 426 395 51 63 319 290
Route #7: 348 341 33 324 270 200 408 264 389 24 156 398 251 221 240 322 148 308 416
Route #8: 204 212 39 326 226 46 81 122 218 403 374 118 362 146 208 83 217 188 402 234
Route #9: 19 305 150 93 187 394 339 47 424 414 186 366 25 241 207 195 404 123
Route #10: 160 363 48 233 44 346 245 280 177 213 262 269 273 415 12 30 42 185 72 412
Route #11: 350 225 287 111 211 353 246 140 94 230 135 113 338
Route #12: 237 131 136 147 406 361 263 102 205 52 265 168 159 38 385 382 35 183 407 250 296
Route #13: 331 70 203 320 126 397 74 121 423 202 172 26 193 343 261
Route #14: 162 27 411 210 56 86 29 288 393 125 369 6 224 1 10 165 2 197 232 303 276 71 332
Route #15: 219 419 368 57 45 36 391 9 132 388 329 337 323 59 302 297 189 327 178 396 61
Route #16: 318 176 334 235 367 5 299 294 95 92 310 335 157 129 306 115 255 267 321 40 413
Route #17: 282 253 49 192 151 304 333 315 401 313 180 100 300 138 4 110 169 50 228 21
Route #18: 97 161 66 301 144 32 340 390 249 342 167 196 239 358 360 243 106 99 383 91 199 248
Route #19: 275 372 364 392 378 293 206 82 120 336 285 283 198 62 55 37 119 79 127 170 359
Route #20: 18 380 291 78 354 257 316 216 399 17 277 421 357 355 252 89 87 153 166
Route #21: 133 22 54 229 231 98 345 108 420 286
Route #22: 365 384 242 152 67 109 223 373 84 425 155 130 20 272 117 377 409 214 351 114
Route #23: 104 184 134 244 330 182 3 279 328 164 220 145 158 311 344 112 281 371 247 236 139 80
Cost 172511
Time 365.364
