Route #1: 271 86 81 357 4 214 1 242 339 204 347 150
Route #2: 251 156 378 187 255 370 226 340 43 118 153 97 193
Route #3: 272 16 269 335 136 356 336 247 246 56 294 256 215 141 165 192 26
Route #4: 201 267 253 211 311 66 76 142 260 323 264 280 213 262 188 167 45 277 379
Route #5: 107 89 361 385 273 325 222 88 367 317 37 8 320 328 315 281 238 233 177 216 208 143
Route #6: 14 17 220 79 368 169 181 312 87 41 116 348 371 200 90 366 74
Route #7: 298 377 160 49 21 137 376 223 102 305 209 38 301 48 296 162 243
Route #8: 234 231 47 302 60 259 182 237 15 120 132 46 121
Route #9: 145 217 147 388 166 212 326 52 112 329 186 65 114 82
Route #10: 61 241 190 372 77 129 382 151 171 27 330 101 389 130 287
Route #11: 293 139 362 229 351 219 331 353 170 202 300 22 93 2 342 225 144 113 337 91 159
Route #12: 345 40 64 157 70 115 254 172 53 355 297 7 304 313 307 324 99 268
Route #13: 236 125 224 375 373 71 274 104 95 59 103 185 381
Route #14: 257 263 50 206 203 109 316 32 73 197 374 295 369 285 364 252
Route #15: 128 350 279 334 84 184 146 173 261 33 308 303 232 68 42 111 158 58
Route #16: 341 310 55 72 270 228 78 126 245 175 380 13 265 28 83 44 100 94 258
Route #17: 110 194 191 164 19 218 195 240 210 54 289 108 284 365 34 148 344 309 189 198 3 384 239 75
Route #18: 39 85 67 391 29 6 286 117 250 92 123 152 278 319 387 275 314 122 249 134 343 11
Route #19: 248 18 352 180 283 80 133 161 292 360 135 363 338 282 227 322 230 36 9 318 35
Route #20: 5 358 25 24 179 69 383 306 51 63 327 23 62 178 183 199 386 168 207 221 31 155 30
Route #21: 346 12 290 10 140 359 176 244 321 266 332 390 291
Route #22: 124 196 154 276 354 299 174 138 98 106 333 131 119 96 235 20 127 288 57 205 349 105 149 163
Cost 251057
Time 522.003
