Route #1: 151 164 152 235 52 232 112 97 12 132 85 231 10 129 197 191 225 131 3 120
Route #2: 226 196 234 204 177 178 244 411 1 239 188 402 271 279 150 399 53
Route #3: 218 67 254 57 72 111 114 35 165 137 286 156 163 168 328 161 133 93 352 199
Route #4: 98 253 219 75 145 229 130 147 7 157 176 202 284 139 50 287 397 127 300 49 340 6 173 265 60 46
Route #5: 21 259 316 210 372 149 126 383 358 359 113 306 172 22 194 48 5 63 277 32 211 357 55 115 159
Route #6: 58 141 180 153 245 86 41 241 154 66 83 15 395 90 348 297 169
Route #7: 206 227 76 77 195 342 349 198 376 375 69 8 11 17 16 54 39 62 275 264 262
Route #8: 148 333 326 365 336 393 26 91 95 409 87 360 361 94 105 381 100 88 82 56 14 406 18
Route #9: 268 228 346 270 280 224 289 354 398 299 309 322 334 350 347 362 339 292 313 327 285
Route #10: 410 315 317 9 413 295 304 344 363 356 351 373 387 404 391 389 371 369 380 324
Route #11: 24 407 13 109 30 40 47 122 31 28 37 64 160 79 29 125 386 388 158 401 400 367 123
Route #12: 273 222 217 192 124 185 208 260 267 274 341 74 384 51 193 2 405 230 252 281 102 103
Route #13: 303 403 330 20 246 59 68 377 44 23 33 34 36 329 318 4 325 27 45 65 42 38 374 25 323 319 312 412
Route #14: 355 119 257 182 247 43 288 282 301 331 298 296 283 272 408 240 382 223 385 221 220 261 311
Route #15: 78 320 108 343 379 110 71 378 338 80 61 305 308 314 294 302 116 394 19 99
Route #16: 171 167 203 364 184 332 368 396 155 390 353 142 337 278 290 310 170 175 345 366 370 174 183 118
Route #17: 266 255 321 269 307 263 291 293 251 201 215 205 189 186 249 250 200 162 258 187 214 233
Route #18: 89 121 138 140 143 213 146 135 136 134 190 144 107 104 117 166 128 237 256 276
Route #19: 81 101 92 335 106 392 96 181 84 179 216 70 236 238 243 248 242 209 212 207 73
Cost 189248
Time 1469.52
