Route #1: 44 173 66 95 188 119 81 121 27 11 83 146 85 49 156 6 29 14 76 118 111 98 131 164
Route #2: 183 101 79 145 199 75 142 20 70 72 151 114 159 112 93 107 148 1 22
Route #3: 134 195 120 163 64 204 5 38 200 216 56 39 110 99 97 177 197 150 53
Route #4: 214 84 215 4 50 213 30 25 48 3 108 42 181 160 165 138 147 12 7
Route #5: 206 130 178 196 162 157 36 170 179 168 55 117 116 136 94
Route #6: 182 54 43 161 167 185 171 193 8 10 198 208 169 82 127 141 189 67 174
Route #7: 158 15 207 45 59 13 137 103 144 40 2 129 201 52 155 68 65 31 135 180
Route #8: 33 202 210 191 35 92 203 57 166 187 176 63 46 17 60 47 37 125 106
Route #9: 205 71 132 153 16 124 21 96 80 78 102 139 77 100 105 51 69
Route #10: 86 133 184 91 73 58 192 194 89 32 87 211 172
Route #11: 109 28 143 34 62 104 90 152 41 88 186 140 115 154 212 128 9 122 175
Route #12: 190 61 24 126 123 26 209 18 149 23 217 113 19 74
Cost 130754
Time 181.675
