Route #1: 364 180 533 336 263 554 62 70 288 285 22 244 152 269 169 104 79 436 250 416 268 55 283 190
Route #2: 513 253 131 293 479 585 338 387 422 12 7 287 227 214 158 17 13 51 37 369
Route #3: 243 101 173 542 297 359 23 151 153 574 166 179 229 530 305 461 48 521 450 33 86 514 399 100 406
Route #4: 271 511 218 460 247 391 196 409 358 266 129 125 298 172 346 27 352 141 482 58
Route #5: 99 566 498 333 404 390 541 186 490 212 486 395 549 201 433 458 348 45 506 46 140 202 72 77
Route #6: 528 91 177 43 246 510 341 494 459 477 452 295 435 451 487 335 505 500 105 411 149 35 208
Route #7: 64 344 425 242 262 185 272 382 167 280 216 222 34 429 306 508 261 431 392 156 483 50 224
Route #8: 343 457 290 204 211 423 47 408 78 108 526 316 491 576 256 69 87 496 257 61 231 276 304 351
Route #9: 103 501 255 4 586 534 120 40 265 519 278 279 147 394 324 236 512 88
Route #10: 334 350 181 380 111 471 439 80 537 499 363 67 145 154 489 118 568
Route #11: 107 223 182 106 421 515 443 396 445 328 225 454 472 417 217 126 42 9 504 522 230
Route #12: 415 93 122 121 241 419 330 162 497 174 538 405 516 184 517 39 170 400 15 275 323 8 73
Route #13: 424 117 493 138 199 155 397 572 203 292 340 518 327 573 219 544 97 467 342 161 488 384
Route #14: 234 54 412 299 540 296 66 59 559 44 368 200
Route #15: 137 159 209 284 567 581 252 337 134 113 308
Route #16: 362 339 580 128 226 492 531 361 478 539 570 215 11 345 92 194 175 427 139 313 377 192 550 437
Route #17: 30 571 14 160 470 95 232 357 85 235 456 381 25 360 57 569 123 248 558 366
Route #18: 228 1 36 502 468 495 18 237 109 374 96 309 332 545 507 19 410 553 143 378 312 136 430 503 465
Route #19: 282 110 462 388 556 535 532 74 60 555 398 524 302 376 314 52 213 547 240 372 28 112 311 329 480 523
Route #20: 20 426 38 385 89 527 464 259 440 432 16 578 525 83 135 157 448 220 260 189 446 551 81 144 56
Route #21: 245 315 84 114 474 543 233 142 325 442 146 148 307 557 575 463 579 133 413 331 469 326 251
Route #22: 198 475 365 150 481 68 176 552 116 317 383 560 354 473 76 294 5 193
Route #23: 401 171 6 565 32 205 389 466 420 26 3 441 373 10 577 206 188 249 127 115 356 94
Route #24: 178 49 371 322 289 191 102 41 124 300 24 274 386 582 119
Route #25: 65 53 583 548 21 29 90 270 195 132 407 402 163 367 318 379 2 353 301 277 273
Route #26: 319 520 476 444 165 428 168 562 321 455 375 239 207 564 546 183 447 509 210 453
Route #27: 563 267 403 414 347 529 303 221 291 281 258 449 536 485 63 130 286 561 355 254 393 310 434
Route #28: 197 31 75 98 264 484 584 71 238 349 418 370 187 82 164 320 438
Cost 289035
Time 992.569
