Route #1: 58 27 205 189 173 221 192 49 156 86 13 55
Route #2: 85 66 206 64 35 157 124 216 54 118 45 30 63 9 21 123 155 179 134 107
Route #3: 98 23 130 212 71 101 148 8 92 128 133 72 91 90 73 26 180
Route #4: 171 78 186 207 3 174 104 19 74 103 29 50 33 146 15
Route #5: 12 4 34 82 213 32 136 97 193 137 16 105 145 7 102 112 195 199 211
Route #6: 138 67 202 194 108 147 121 217 149 131 150 57 88 40 181 139 184 165 10
Route #7: 151 164 37 25 158 126 198 65 129 223 43 17 161 1 52 176 141 59
Route #8: 140 208 196 96 81 44 69 79 36 68 166 41 153 172 80 51 201 162 168
Route #9: 22 142 167 197 191 224 214 215 169 109 5 89 38 46 77 144 170
Route #10: 182 70 178 47 2 11 6 60 204 14 62 220 53 115 99 75 94 143 56
Route #11: 160 122 76 127 152 203 120 163 135 18 113 187 100 219 48 61 188 183 117 200 31 218 154 42
Route #12: 125 116 39 119 84 93 114 132 83 159 177 222 209 185 106 210 20 24 87 95 111 190 110 28 175
Cost 152547
Time 206.687
