Route #1: 19 204 211 170 215 67 59 139 253 149 274 84 283 29 32 127 282
Route #2: 52 131 10 270 304 66 88 134 73 309 40 251 209 163
Route #3: 294 223 217 237 202 176 190 241 185 3 95 174 166 229 44
Route #4: 104 9 286 35 167 105 130 277 112 75 37 108 199 200 164
Route #5: 97 299 74 188 292 31 80 298 307 265 153 5 171 38 305 303
Route #6: 260 289 208 101 85 60 72 119 133 13 49 103 156 205 26 71
Route #7: 109 186 184 252 141 56 301 2 178 20 267 281 57 136 297 250 78 264 121
Route #8: 120 198 70 242 94 197 98 232 77 169 276 48 62 154 161
Route #9: 47 132 179 168 230 128 247 256 58 8 187 46 64 142 25 137 182 155 79 115 214 262
Route #10: 173 278 93 290 269 210 245 114 86 34 306 113 227 219 122 308 259
Route #11: 17 36 268 226 18 239 24 193 27 99 106 41 159 228 216 21 275 65 261 147 145 43
Route #12: 218 69 183 263 254 207 124 118 291 81 234 23 296 240 220
Route #13: 191 258 310 255 257 236 272 117 100 45 189 206 76 284 195 244
Route #14: 279 89 144 90 192 157 15 87 175 146 28
Route #15: 222 295 248 160 30 266 273 203 213 249 55 302 172 180 225 201 16 4 138 61 111 196 22
Route #16: 12 1 39 11 102 151 148 33 271 63 54 83 110 123 221 287
Route #17: 150 92 243 293 288 82 181 126 68 129 233 285 280 91 135 96 42 158 300
Route #18: 177 143 107 231 14 140 152 246 51 7 125 212 235 224 165 162 6 116 194 238 53 50
Cost 234908
Time 199.866
