Route #1: 189 68 209 232 61 222 81 118 106 154 137 105 97 113 40 83 228 165 211 109 204 201
Route #2: 64 198 34 44 49 197 135 79 80 92 71 98 31 72 130 128 121 45 126 112
Route #3: 63 95 32 89 195 101 43 27 21 48 25 12 73 58 57 52 51 30 122 11 170 230 235
Route #4: 139 203 153 152 233 46 120 35 143 74 175 111 87 114 86 157 207 65
Route #5: 163 110 124 22 181 102 24 2 5 28 142 133 15 42 20 132 131 1 10 47 55 183
Route #6: 156 155 150 151 141 140 148 99 37 76 75 117 202 136 146 123 172 213 147 14 138 107
Route #7: 171 199 212 231 224 54 53 3 223 39 29 33 226 217 26 23 220 41 69 17 19 38
Route #8: 77 36 62 214 205 104 59 66 67 188 60 164 174 178 234 227 160 116 4 187 16 93 210
Route #9: 158 182 168 169 167 225 177 184 215 186 185 216 200 194 208 70 8 166 190 129
Route #10: 50 236 219 221 218 18 91 82 13 56 7 193 6 196 192 191 237 180 9 145 134 206
Route #11: 176 161 149 96 90 78 84 103 119 115 159 173 179 229 85 125 127 100 88 94 108 144 162
Cost 109306
Time 423.304
