Route #1: 235 62 53 123 121 93 97 91 55 75 68 64 117 151 202 255 205 280 125 133
Route #2: 50 69 33 157 209 40 292 113 158 112 49 38 293 37 231 79 241 87 34 90 111 51 200 119 152
Route #3: 208 223 244 173 232 3 35 32 58 45 101 63 60 65 78 57 18 298 74 279
Route #4: 2 70 268 127 139 169 41 219 29 174 245 250 195 99 108 110 147 106 201
Route #5: 177 4 140 185 190 46 166 129 246 153 59 206 71 76 81 80 19 82 84 86 88
Route #6: 52 39 47 85 114 94 142 105 102 217 226 109 198 188 189 136 122 83 61 130
Route #7: 149 154 253 150 156 143 124 120 284 66 251 54 224 239 265 48 42 164 137 141 131 56 43 281
Route #8: 128 134 95 96 144 178 191 175 170 171 159 138 161 132 168 179 172 103 104 98 92 107
Route #9: 126 183 264 263 270 262 260 186 181 180 214 207 212 213 237 115 118 1 145 267 271 197 215
Route #10: 77 165 162 199 222 240 225 218 234 249 73 210 203 216 182 221 220 184 193 163 155 148 146
Route #11: 9 274 23 28 13 20 22 196 176 301 167 7 17 192 187 30 36 135 116 6 204 11 194 211
Route #12: 8 12 16 10 100 160 296 228 277 272 276 269 259 258 257 248 286 256 285 300 287
Route #13: 230 236 27 227 295 229 242 238 67 89 243 254 72 289 291 24 44 25 302 273
Route #14: 283 26 282 15 14 297 299 290 21 275 266 261 288 294 247 233 252 5 31 278
Cost 109449
Time 383.693
