Route #1: 68 35 322 308 325 162 251 269 57 215 214 73 245 142 59 106 300 53
Route #2: 183 172 281 195 199 198 153 128 270 201 91 339 257 230 347 233 218 266
Route #3: 213 34 127 38 326 223 108 80 346 25 113 293 140 295 171 13 50 210 344 179
Route #4: 301 129 105 93 165 271 354 229 194 320 340 181 167 115 130 122 359 209
Route #5: 216 170 343 114 41 324 56 285 254 290 280 262 240 147 120 299 353 4 96 31
Route #6: 321 126 279 263 156 51 309 83 28 155 98 123 334 133 49 164 222 159
Route #7: 250 246 224 297 268 85 267 303 137 94 256 351 328 336 44 272 313 217 144 69 276 363 26
Route #8: 239 265 84 104 192 186 8 27 109 184 323 116 72 248 102 143 100
Route #9: 12 86 135 241 274 294 132 119 247 117 75 355
Route #10: 9 112 30 231 330 54 148 273 174 182 255 361 169 337 286
Route #11: 37 82 39 168 358 191 204 131 277 208 349 89 22 207 138 64 111 16 258 221
Route #12: 249 333 345 319 220 329 76 203 160 200 206 205 3 298 331 118 46 173 151 180
Route #13: 6 95 58 107 242 236 32 71 87 154 150 79 110 70 145 348 310 237 43 193
Route #14: 97 158 60 121 282 362 275 77 296 202 243 306 228 287 261 311 219 234 134 196 304 178 157
Route #15: 307 19 5 146 141 90 78 253 92 47 66 88 10 149 55 332 74 252 341 244
Route #16: 235 45 152 360 52 187 166 81 15 190 264 291 292 342 188 338 312 197 2 62 40 67 48 327
Route #17: 24 14 17 238 260 284 185 316 317 350 357 36 29 302 352 335 65 21 125 189 227 103 7 61 101
Route #18: 356 20 315 259 288 289 1 161 314 18 23 33 211 318 176
Route #19: 212 163 11 177 124 232 63 42 136 99 305 175 225 278 139 283 226
Cost 153931
Time 510.911
