Route #1: 310 166 241 292 109 145 302 245
Route #2: 13 131 48 248 272 210 35 76 320 146 117 115 184 185 116 150 252 270 19 113 342 271 160
Route #3: 234 62 313 88 308 26 24 265 175 268 330 28 141 148 325 345 123 93
Route #4: 69 324 346 193 10 337 276 54 32 263 212 162 53 15
Route #5: 317 264 151 282 165 133 176 244 322 224 339 316 128 149 152 41 196 288
Route #6: 198 80 3 181 182 280 38 7 147 254 94 5 84 18 92 132 208 180 97
Route #7: 40 211 277 77 206 49 309 290 209 154 6 29 296 281 68 112 130 17
Route #8: 155 217 293 114 197 170 23 143 136 167 295 60 171 195 36 225 140 189 340 83 159
Route #9: 89 103 273 122 45 11 191 1 334 314 87 250 161 192 177 120 275 347 202 144 101
Route #10: 85 178 8 2 315 299 203 65 279 219 306 22 249 190 304 118 237 82 218
Route #11: 284 125 319 20 227 9 239 194 214 46 61 307 220 57 213
Route #12: 105 90 333 336 222 236 37 312 335 321 221 341 235 327 73 261 163 251 200 67 127 39 174 78
Route #13: 96 30 232 164 173 188 215 283 205 169 257 186 228 207 158 168 278 135 56 179 55
Route #14: 106 86 44 27 111 75 98 267 66 291 331 12 52 91 300 95 124 14 21 274 102 242 311
Route #15: 81 305 260 104 25 266 230 201 70 139 74 223 332 187 262 253 142
Route #16: 238 79 51 156 298 247 287 50 343 326 100 134 16 157 216 323 138
Route #17: 42 258 31 137 344 285 129 126 107 72 99 172 259 286 318 289 338 329 328 243
Route #18: 303 255 63 204 121 294 71 297 43 226 59
Route #19: 64 4 246 233 34 231 301 108 229 240 199 110 33 58 47 153 256 183 269 119
Cost 251540
Time 245.374
