Route #1: 119 84 26 7 201 118
Route #2: 328 228 161 345 240 100 346 5 337 327 330 292 329 54 128 60 198
Route #3: 133 127 203 24 252 50 135 82 6 312 55 183 77 65 20 159 313 342 92 62 189
Route #4: 30 91 241 246 68 103 70 57 209 188 200 338 239 197 71 213 73 59 218 8
Route #5: 214 323 305 249 212 18 41 69 211 95 94 85 251 301 185 242 16 247 45 196 131 348 296 138
Route #6: 129 192 336 335 326 31 150 193 111 233 97 38 43 15 21 306 320 250 13
Route #7: 14 34 289 61 105 270 143 341 148 334 4 324 205 146 172 294 167 17
Route #8: 169 307 319 123 317 204 113 98 107 283 152 225 93 44
Route #9: 48 173 182 343 83 272 125 235 236 35 124 52 76 257
Route #10: 165 281 217 202 114 56 271 261 279 145 140 46 244 256 226 344 86 32
Route #11: 220 293 253 184 28 3 349 243 333 195 210 104 158 290 278 115 174
Route #12: 155 88 258 37 142 190 280 160 215 154 136 90 285 180 25 177 134 78 72
Route #13: 170 75 286 221 259 265 49 219 74 350 206 80 87 300 181 156 10 304 216 255 53 23 186
Route #14: 1 64 175 29 318 231 227 110 168 314 340 9 321 11 232 141 275 266 147 208 310 273 282 207
Route #15: 19 339 260 331 298 22 295 332 137 51 27 163 121 262 171 309 299
Route #16: 166 112 291 287 191 284 157 102 187 237 178 33 223 322 176 42 122 66 276
Route #17: 229 151 274 81 325 149 47 139 58 267 36 109 269 248 96 308 263
Route #18: 106 132 302 126 230 245 194 63 79 303 199 238 277 153 316 12 268 254 222 144 116 234 99
Route #19: 297 179 311 120 101 164 130 108 224 162 315 39 264 67 89 2 40 117 288 347
Cost 211548
Time 339.236
