Route #1: 148 139 70 135 224 253 282 234 255 109 184
Route #2: 266 88 111 36 207 265 69 257 169 121 124 98 149 296 95 130 101 11 84 198 76
Route #3: 115 271 246 249 117 279 75 26 31 89 263 173 177 68 22 147 205 237 6 5 9
Route #4: 294 110 278 144 105 212 196 39 250 290 102 7 162 182 133 4 10 291 193 163 164
Route #5: 123 204 157 241 268 1 191 49 99 245 67 175 230 233 208 81 252 34
Route #6: 214 206 56 185 120 180 209 222 19 52 151 132 77 29
Route #7: 283 38 127 104 146 118 126 141 267 259 289 213 153 220 60 65 3 195 131
Route #8: 85 50 183 14 272 176 41 239 232 210 194 55 143 174 197 21 2 140 46
Route #9: 92 28 96 227 59 287 107 243 43 82 30 186 235 25 83 152 45 286 58 277 66 142 61 78
Route #10: 189 138 116 181 145 166 269 161 160 274 93 64 122 168 260 86 125 37 42
Route #11: 71 270 62 199 113 248 108 275 242 35 100 244 79 254 18 72 15 13 44 292 215 155 219
Route #12: 251 221 150 218 201 280 47 179 190 80 281 231 91 20 211 228 171
Route #13: 240 40 33 256 229 156 128 48 273 264 32 226 94 8 97 119 23 238 170 137 17 103 284 288 178 112 24
Route #14: 217 16 216 236 172 106 203 223 165 53 54 12 57 73 27 134 159 154 276 158 87
Route #15: 202 114 258 285 167 129 188 225 187 200 262 192 261 293 136 90 247 295 63 74 51
Cost 130424
Time 431.223
