Route #1: 302 363 370 397 234 249 274 275 257 273 277 311 404
Route #2: 258 213 191 175 157 131 362 372 129 43 59 46 167 18 371 162 366 278
Route #3: 113 254 395 193 7 26 144 350 406 146 140 361 388 236 391 229 240 238 21 270 5 31
Route #4: 279 355 185 37 177 73 123 267 158 89 67 107 56 301 337 336 334 346
Route #5: 230 138 184 320 155 291 135 287 137 159 163 125 176 86 105 325 344 215 189 130 145 280 315 294
Route #6: 313 293 243 285 27 72 281 330 218 168 60 289 312 332 99
Route #7: 295 292 80 331 183 78 77 128 71 324 153 58 3 36 23 17 25 14 41 34 104
Route #8: 327 196 136 172 223 4 101 116 360 10 88 1 74 309 317 382 306 304 179 143
Route #9: 255 166 316 354 174 352 288 127 24 203 198 380 359 262 264 231 242 225 226 219 220 210 368
Route #10: 103 201 206 156 147 342 349 106 261 396 47 114 377 374 373 376 165 387
Route #11: 178 390 204 70 148 283 97 132 121 407 400 32 381 265
Route #12: 68 199 205 221 186 228 208 405 233 239 181 235 290 65 66 348 102 90 109 194 11 141 195 341 8
Route #13: 401 164 345 182 408 45 180 200 54 389 112 276 269 268 81 282 272
Route #14: 224 335 326 93 150 169 173 222 139 142 197 187 28
Route #15: 300 358 271 134 57 338 75 12 48 84 151 38 244 6 33
Route #16: 87 250 357 13 329 340 298 124 305 171 154 126 64 217 247 251 266
Route #17: 353 192 161 53 149 394 319 299 296 120 55 379 259 62 40 399 152 2 16 98 207 260
Route #18: 92 119 117 15 108 241 190 122 212 100 115 110 392 409 398 30 118 160
Route #19: 133 85 170 19 256 328 384 9 96 95 83 91 35 79 63
Route #20: 111 94 318 232 356 314 393 263 343 308 245 82 211 188 209 237 403 369
Route #21: 385 367 383 76 333 61 42 216 214 49 227 20 253 351 378 386 402 322 246 248 252
Route #22: 323 339 375 347 303 310 69 286 284 297 22 39 50 52 51 44 29 307 321 365 202 364
Cost 237560
Time 345.918
