Route #1: 68 159 378 60 154 66 36 239 198 374
Route #2: 245 53 470 478 465 344 276 319 156 477 311 189 171 400 131 498 203 502 38 137 486 151
Route #3: 360 188 386 44 448 39 46 253 43 192 320 331 342 381 252 324 353 287 37 220
Route #4: 100 104 277 126 184 106 412 15 267 326 455 170 242 42 370 264 238 340 482
Route #5: 463 295 345 387 233 256 6 323 492 87 446 32 125 199 79 263 314 254 21 427 278 284
Route #6: 72 269 226 497 456 416 341 440 224 317 45 282 401 312 479 176 451 274 112 288 350 413 262
Route #7: 246 16 49 483 17 18 466 290 461 161 209 382 499 83 55 272 92 134 376 58
Route #8: 23 426 306 469 180 202 410 476 481 234 444 321 337 443 40 212 394 403 108 307 155 187
Route #9: 289 62 398 182 221 127 489 352 493 56 74 57 148 136 490 249 139 61 172 31 24 213 293 388 248
Route #10: 97 266 315 111 259 275 271 230 322 285 460 339 105 34 197 163 453 81 144 303 103 33
Route #11: 78 310 174 141 145 169 183 407 369 117 179 364 244 447 133 205 474 468 471 487 313
Route #12: 181 173 402 445 22 207 273 421 437 325 162 160 210 29 260 332 110 208
Route #13: 76 265 409 235 494 371 88 54 190 395 436 178 135 279 305 425 186 65 308 464
Route #14: 301 204 143 299 328 225 485 64 80 415 430 300 150 138 343 366 206 257 433 165 258 330 196 294 420
Route #15: 52 283 95 175 431 191 218 419 2 375 362 297 255 51 397 346 149 372 428 28 75
Route #16: 120 480 41 438 462 19 327 501 361 475 214 20 114 435 390 291 86 93 396 109 452 379
Route #17: 240 185 77 251 70 495 7 219 429 115 424 99 91 107 82 335 116 168 1 423
Route #18: 333 30 102 63 243 27 98 338 158 329 392 411 358 216 118 84 223 193
Route #19: 442 194 298 130 157 217 385 261 90 69 35 140 59 384 237 432 25 373 270 211 408
Route #20: 121 119 336 166 8 96 503 414 491 146 292 153 368 356 391 365 496 13 10 229
Route #21: 132 439 50 3 201 101 302 195 318 215 488 147 434 124 454 280 449 250 152 304 14 417 422 457
Route #22: 367 406 363 177 383 334 296 71 123 222 232 164 309 231 94 351 281 268 129 228 4 441 357
Route #23: 472 500 380 405 89 26 47 404 5 167 473 450 12 458 459 122 418 393 227 348 241 113 286 85
Route #24: 48 377 11 359 316 73 349 354 467 247 347 9 389 128 484 200 236 399 355 67 142
Cost 243113
Time 531.428
