Route #1: 296 131 524 118 509 228 418 20 310 440 220 285 88 114 223 134 224 421 66 470 272
Route #2: 182 168 433 125 8 399 107 102 28 527 452 268 36 104 141 426 50 555 62 94 84 303 422 402 59
Route #3: 46 451 6 462 43 243 69 529 379 464 389 533 29 479 448 261 149 25 468 33 250 438 412 396
Route #4: 532 390 161 473 528 342 14 167 97 96 242 186 482 35 32 190 293 52 56 126 72 21 80 370 497
Route #5: 351 441 218 371 195 510 281 153 523 295 282 508 454 444 165 128 388 325 10 391 480 430 466 22 484
Route #6: 91 287 446 7 157 445 203 1 374 431 192 172 74 30 276 507 11 500 339 410 308 206 471
Route #7: 364 93 377 459 395 176 216 217 352 117 181 284 442 188 549 17 476 472 477 248 458 327
Route #8: 365 488 375 376 393 53 260 221 356 16 387 353 156 526 147 178 67 244 57 539
Route #9: 408 552 461 116 241 189 306 209 341 71 557 267 311 3 401 265 415 95 419 407 372 145
Route #10: 175 152 210 49 73 199 142 174 184 202 264 301 177 302 100 187 200 179 323 18
Route #11: 246 385 108 68 79 63 109 321 337 309
Route #12: 511 406 89 256 495 520 317 514 41 40 47 193 78 258 550 545 305 328 146 320 449 392 394
Route #13: 148 120 275 515 143 111 23 541 538 61 269 197 363 505 37 469
Route #14: 424 522 384 547 556 434 115 130 501 212 397 456 358 551 283 366 300 180 45
Route #15: 222 138 512 386 381 291 162 160 124 518 15 113 349 234 329 316 24 380 543 340 198 121 439
Route #16: 183 13 137 558 548 101 169 503 417 369 274 154 159 348 132 492 360 27 288 465 428 463 194 227 252 346
Route #17: 279 347 483 81 60 330 205 334 263 429 554 336 297 26 378 400 140 122 251
Route #18: 171 155 98 416 453 373 519 544 64 294 166 450 467 76 245 478 232 19 207 77 345 313 164 235
Route #19: 432 486 229 163 338 435 253 191 151 5 314 517 240 307 106 112 90 404 535 87 99
Route #20: 530 255 225 129 326 44 455 231 85 173 2 170 357 344 322 304 65 361 237 335
Route #21: 51 502 185 119 236 460 540 150 82 319 86 443 133 55 219 233 215 420 521 367 485
Route #22: 247 398 491 531 273 414 103 383 213 277 58 546 331 513 498 368 204 427 214 536 238 271
Route #23: 299 239 38 278 382 262 487 474 136 208 405 139 144 48 201 481 525 411 350 499 211 135 494 54
Route #24: 403 343 270 259 553 292 42 542 312 324 289 226 332 489 447 355 266 158 12 110 425 315
Route #25: 31 354 92 496 127 9 490 362 537 254 34 4 437 493 105 423 290 298 280 475
Route #26: 75 333 504 257 286 436 83 230 196 457 534 39 249 413 318 409 123 516 359 506 70
Cost 292049
Time 757.515
