Route #1: 110 71 243 10 114 201 287 82 185 267 29 183 146 62 36 126 225
Route #2: 26 60 270 139 150 213 205 273 226 216 66 171 210 42 3 222
Route #3: 155 283 227 15 280 261 219 51 296 295 117 9 113 167 131 40 236 182 196 259
Route #4: 6 72 97 281 112 180 260 258 264 128 166 275 16 38 144 197 248 203 140 77 124
Route #5: 184 292 123 176 154 92 70 208 64 200 39
Route #6: 251 23 145 188 256 55 57 156 181 165 282 262 50 118 69 268 238 135 7 175 138
Route #7: 99 278 240 2 141 4 241 159 89 151 58 63 14 81 217 133 136 286 242 214
Route #8: 209 96 265 153 75 87 186 257 12 59 49 158 106 85 249 11 246 202 272 293 198
Route #9: 65 25 244 19 94 255 274 24 285 108 179 83 56 43
Route #10: 288 134 190 48 169 1 212 235 250 8 239 189 231 78 152 88 161 120 95 271
Route #11: 168 115 234 211 195 269 233 45 18 102 132 230 129 137 142 90 187 192 178 20
Route #12: 237 157 218 84 73 121 119 67 223 30 160 34 245 104 252 289 125 54 28 21 206 130
Route #13: 61 143 232 204 291 147 103 277 266 91 35 46 193 37
Route #14: 199 105 107 80 53 279 79 207 149 194 163 172 101 44 109 27 284 127 228 177
Route #15: 31 74 164 224 263 290 162 47 173 68 220 52 174 215 247 33 98 76 148 93 116
Route #16: 17 229 111 22 170 254 5 122 294 32 191 86 100 13 221 253 276 41
Cost 164291
Time 217.644
