Route #1: 367 206 184 174 9 73 56 176 17 179 292 127 312
Route #2: 105 204 185 32 369 220 119 231 11 130
Route #3: 37 195 397 395 162 256 203 124 383 236 3 214 164 309 368 262 315 274
Route #4: 135 1 27 272 378 243 384 61 137 123 226 375 224 323 321 339 94 354 358 399 320 115 282 304 107 90
Route #5: 128 219 406 275 314 85 38 317 289 333 121 370 16 277 344 181 268 132 322 42 402 288 227 328
Route #6: 156 114 393 353 169 343 302 51 334 198 78 120 33 303 65 92 111 59 223 131 72
Route #7: 166 100 112 25 382 87 147 2 267 93 129 270
Route #8: 400 103 202 41 265 24 22 247 257 246 55 263 364 23 171 18 213 325 144
Route #9: 318 44 338 60 260 106 330 389 342 326 245 391 14 35 340 205 145 297 298 133 200 84 167 283 148 285
Route #10: 173 109 4 212 403 337 10 13 192 91 281 193 381 249 351 69 46 239 335
Route #11: 396 329 244 208 269 300 159 316 39 89 67 365 290 360 293 234 75 187 182 301 5 168
Route #12: 49 141 295 34 31 45 253 405 126 216 30 313 228 80 217 151 57 63 134 158 310 363 68 225 175 172
Route #13: 385 366 142 118 113 336 191 241 161 149 79 15 170 287 250 104 160 136 332 398 50 189 294
Route #14: 177 372 70 240 361 163 186 379 284 48 62 183 401 76 54 199 259 347
Route #15: 86 108 311 299 207 155 252 40 6 52 96 154 404 138 255 152 215 88 196 143
Route #16: 276 376 110 21 178 47 238 201 286 380 12 377 197 218 153 355 83 392 139 116
Route #17: 97 43 264 19 279 388 29 99 345 280 117 8 98 102 306 64 194 254 122 362 258 53
Route #18: 307 271 95 101 150 273 77 221 387 278 82 237 28 348 209 324 211 210 352 26 229 222 230 291 386
Route #19: 305 261 296 188 58 331 180 233 349 190 371 341 373 308 357 157 125 7 394 71 242 359 20 356 319
Route #20: 390 81 251 346 36 165 374 66 248 327 140 74 266 146 232 235 350
Cost 231115
Time 474.59
