Route #1: 137 248 124 262 53 149 321 286 241 169 238 289 32 19
Route #2: 95 184 308 307 177 102 109 161 122 243 108 240 258 247 100 63 78 260 48
Route #3: 174 204 232 40 26 142 127 208 129 223 146 231 186 82 312 21 266 18 171 172 270
Route #4: 220 125 275 56 197 199 113 221 94 310 73 70 276 156 159 101 58
Route #5: 15 162 183 133 253 201 153 164 27 163 235 93 173 90 88 263
Route #6: 191 283 96 278 280 268 188 29 74 257 80 320 316 181 43 118 130 284 301 216 103 139
Route #7: 30 16 175 264 52 195 309 274 299 114
Route #8: 97 45 3 261 92 145 41 86 215 12 196 62 98 269 202 230 222 255
Route #9: 294 324 168 136 267 120 143 295 42 318 237 111 123 228 60 144 265 11
Route #10: 134 300 5 66 323 46 213 37 57 44 6 20 250 219 242 14 313 290 170
Route #11: 249 68 138 50 212 13 89 282 112 211 119 152 131 81 273 217 314
Route #12: 287 155 305 71 141 292 106 110 67 64
Route #13: 192 47 59 115 121 218 259 99 244 25 272 291 7 39 49 148
Route #14: 91 105 83 79 239 28 69 303 1 207 198 205 293 33 304 322 126 128
Route #15: 285 2 189 256 9 107 51 84 315
Route #16: 176 229 233 23 225 54 157 132 178 245 317 279 306 55 17 22 271 34 298 35
Route #17: 65 76 297 4 288 150 36 226 277 166 158 85 182 61 77 160 24 147 75 187
Route #18: 281 87 246 254 179 234 194 210 154 236 31 214 38 180 104 151 311 319
Route #19: 252 296 203 190 135 185 193 165 206 10 72 302 200 251 140 227 209 8 224 116 117 167
Cost 248512
Time 170.163
