Route #1: 356 16 37 328 243 393 395 385 272 236 173 149 263 330 288 98 412
Route #2: 7 383 290 219 222 174 301 108 53 89
Route #3: 218 372 200 224 319 167 60 187 50 122 357 306 101 39 154 117 237 52 189 340
Route #4: 6 387 240 184 252 296 103 300 186 280 44 386 177 321 188 403 294 35 337 274 132 130 102 291
Route #5: 46 32 211 399 62 216 358 97 256 317 307 179 125 87 45 21 207 197
Route #6: 49 325 246 74 227 34 235 25 338 284 334 63 221 143 17 175 349 82 116 75 408 360 107
Route #7: 109 40 346 124 375 158 118 55 242 348 111 336 287 303 133 278 178 18 79 195 295 392 180
Route #8: 396 100 241 169 388 19 162 342 128 36 192 333 314 239 146 232 95 112 138 23
Route #9: 24 161 351 129 66 364 31 353 416 15 205 8 159 361 99 94 350
Route #10: 153 229 285 377 136 367 355 413 141 41 202 309 209 394 191 182 151 332 249 261
Route #11: 168 206 320 210 215 81 26 10 90 373 268 47 310 363 65 110 368 225 398 269 370
Route #12: 42 115 254 127 193 376 257 198 93 78 77 54 255 365 371 316 85 270 407 83 176 121
Route #13: 411 165 391 126 329 382 68 88 323 12 343 277 276 213 91 58 266
Route #14: 160 105 251 264 194 80 51 322 339 150 347 228 226 279 212 114 4 406 308 27 312 390 30
Route #15: 415 273 120 137 11 397 92 106 275 405 183 230 259 28 86
Route #16: 409 152 67 374 166 199 389 104 289 253 48 223 96 354 244 293 238 283 76 56 22 201 208
Route #17: 9 378 324 144 305 258 5 286 298 326 297 203 135 139 265 282 185 327 271 163
Route #18: 123 84 381 172 220 72 20 70 69 73 1 262 155 61 43 359 341 157 147 315 402
Route #19: 400 380 345 245 299 59 164 57 29 410 250 292 260 311 366 248 304 267 142 281 131 148 119 196 2 3
Route #20: 331 233 344 384 113 156 231 369 33 335 362 140 204 234 214 401 247 64 318 181 134 352
Route #21: 71 14 313 145 13 170 414 217 302 38 379 171 404 190
Cost 228133
Time 824.754
