Route #1: 321 287 196 23 388 381 409 391 386 270
Route #2: 158 346 136 157 361 417 309 378 408 109 165 186 130 435 149 89 164 76
Route #3: 46 331 366 247 332 119 313 312 364 264 25 198 206 169 57 52 6 24
Route #4: 184 197 226 207 400 333 325 32 78 338 352 229 77 359 319 205 342 151 98
Route #5: 230 425 55 290 114 445 185 447 449 134 433 422 66 65 104 443 438 262 132 127 211 12
Route #6: 354 310 261 291 292 327 278 231 228 259 253 399 396 173 194 135 430 428 423
Route #7: 68 330 156 195 436 45 48 288 21 204 266 283 168 243 188 193 29 118 182 222 172 117
Route #8: 265 67 155 105 79 419 311 152 362 44 348 58 34 41 50 246 49 431 223 59 62
Route #9: 126 304 22 377 88 94 120 26 314 111 1 38 303 320 14 36 4 328 358 340
Route #10: 343 326 232 220 178 162 167 40 382 307 219 372 370 367 199 345 347
Route #11: 227 92 235 380 148 284 39 336 138 351 375 139 91 166 160 324 216 175 189 33 63 81
Route #12: 236 414 103 30 407 9 108 437 2 341 225 144 28 298 257 203 10 125 373 100 82
Route #13: 317 281 363 238 241 322 295 263 258 260 37 80 170 440 420 439 301 275 215 56 302
Route #14: 5 201 123 142 141 140 277 306 147 402 350 404 200 122 137 154 159 124
Route #15: 150 209 86 365 115 163 146 153 405 250 393 395 389 390
Route #16: 208 446 444 308 20 177 296 61 3 249 27 143 293 450 234 441 237
Route #17: 394 397 357 353 418 84 245 268 286 11 280 53 74 415 392
Route #18: 221 269 254 171 212 210 267 337 299 282 387 356 360 297 410 434 240 274 279 285 384 334 376
Route #19: 133 411 401 424 7 43 31 335 251 71 180 73 113 8 421 176 179 426 183
Route #20: 112 97 316 93 379 87 161 129 329 239 69 75 72 252 60 95 83
Route #21: 110 300 101 187 368 35 218 448 355 349 233 145 202 191 190 374 128 102 315
Route #22: 369 344 107 214 17 442 318 47 242 192 217 85 272 244 248 276 406 416 181 131 99
Route #23: 413 385 271 213 70 54 18 51 383 106 116 96 256 90 339 16 305 121
Route #24: 224 255 294 19 174 42 429 15 323 64 432 427 13 403 398 273 289 412 371
Cost 230315
Time 604.249
