Route #1: 192 195 10 193 194 22 191 79 203 201 25 37 46 239 24 1 8 4 30 220
Route #2: 251 20 233 248 211 21 207 16 18 147 99 113 132 11 13 202 15 249
Route #3: 181 168 172 164 157 183 129 204 116 231 128 17 222 232 74 9 250 246 240 234 228
Route #4: 238 237 236 178 177 212 245 253 252 5 7 3 171 235 163 185 223
Route #5: 208 198 221 214 225 210 158 151 136 216 143 153 161 217 180 173 155 166 175 209
Route #6: 123 63 148 142 131 156 154 130 135 167 169 160 141 140 150 88 103 134 127 109
Route #7: 95 111 102 91 98 85 104 101 115 126 107 122 159 162 110 188 50 60 205 72 56
Route #8: 33 224 70 67 179 199 215 226 61 229 44 34 165 152 76 118 108 170 58 55 62
Route #9: 133 38 86 105 43 47 87 6 19 66 39 64 54 53 27 35 218 144 145
Route #10: 219 89 100 121 149 28 186 190 197 196 96 120 69 71 84 94 112 52 206 117 114
Route #11: 187 29 32 49 184 41 241 59 68 75 36 31 93 82 78
Route #12: 77 90 92 42 200 48 227 174 80 139 138 45 81 23 243 213 125 230 2 244 242 40
Route #13: 97 26 73 137 146 119 189 57 182 176 14 51 83 247 12 124 65 106
Cost 95018
Time 469.737
