Route #1: 184 229 178 190 52 28 18 154 207 215
Route #2: 250 118 95 104 73 79 54 151 67 2 138 70 158 139 111 90 77 253 193 243
Route #3: 134 185 75 232 212 4 156 136 150 147 55 94 164 143 22 114 6 87 74 102 189
Route #4: 169 167 159 50 53 246 244 261 225 172 173 140 115 125 100 60 16 129 38 106 105 81 12
Route #5: 3 88 10 93 213 107 208 119 96 179 180 181 13 48 186 30 86 247 83 191 188 126 29 176
Route #6: 120 214 124 61 195 63 66 218 97 78 64 39 128 204 127 58 194 192 200 43 183
Route #7: 197 171 37 211 1 14 62 187 177 153 121 206 166 91 15 209 49
Route #8: 45 42 258 254 260 146 233 152 76 98 27 228 160 255 112 251 56 198 72 170
Route #9: 203 26 144 145 21 20 248 242 226 57 35 239 235 59 241 245 122 109 222
Route #10: 182 202 234 236 165 196 161 130 99 199 201 205 135 157 256 7
Route #11: 69 80 131 123 33 113 44 46 163 65 51 230 257 41 148 34 220 219 5 23 217
Route #12: 19 110 238 210 36 89 92 149 141 142 133 40 116 47 68 71 137 101
Route #13: 227 168 252 31 174 11 9 8 155 85 82
Route #14: 216 249 224 84 240 32 24 259 175 17 25 223 231 221 162 103 108 237 117 132
Cost 145476
Time 336.837
