Route #1: 280 286 140 219 226 287 243 135 66 130 166 127 202 212 173 255 253 65 215 153 176 183 157 111 239 216
Route #2: 275 196 10 11 187 20 22 267 245 221 207 210 205 222 236 248 213 225
Route #3: 194 181 192 203 21 184 16 170 186 296 12 168 279 167 209
Route #4: 35 30 180 160 159 142 132 293 294 112 24 103 105 82 49 101 42 74 9
Route #5: 119 150 152 23 291 139 161 8 227 26 25 38 254 214 46 249 257 67 41 262 281
Route #6: 261 282 90 109 266 96 28 190 165 238 198 230 237 197 235 1 5 290
Route #7: 60 131 144 145 143 19 175 29 56 62 188 73 72 78 80 189 86 95 122 218 241 223 199 6
Route #8: 64 285 220 272 271 59 58 120 13 289 70 4 3 158 224 129 178 2 44 75 154 88 89 292
Route #9: 250 93 146 258 57 43 231 234 247 204 200 113 228 201 208 106 17 133 124 123 79 151 108
Route #10: 85 110 118 97 155 48 148 138 15 182 141 136 126 134 121 233 50 77 71 61 7 283
Route #11: 206 156 125 114 195 47 242 269 84 273 36 104 83 174 63 92 68 18
Route #12: 172 81 147 87 94 116 115 107 193 232 99 98 295 288 31 276 91 191 117 128 211 270 263 54 268 34
Route #13: 185 278 149 163 69 265 51 45 52 171 100 39 40 37 162 274 137 277 244 179
Route #14: 53 164 252 256 76 217 32 55 14 177 169 102 284 27 33 229
Route #15: 246 251 240 259 260 264
Cost 155116
Time 543.044
