Route #1: 19 111 34 17 74 52 194 187 202 243 135 260 77 125 164
Route #2: 73 223 207 254 147 193 131 262 282 6 136 212 4 59 85 120 115 102 239
Route #3: 51 13 276 152 266 158 106 211 154 70 65 50
Route #4: 30 219 110 126 37 11 46 31 170
Route #5: 55 8 63 57 256 61 124 246 171 210 53 259 222 86 189 143 205 38
Route #6: 45 228 183 161 94 66 118 174 58 186 196 188 247 9 146 97 153 68
Route #7: 121 90 5 112 75 128 208 268 103 229 105 249 92 1 263 109 191 47 149
Route #8: 217 48 178 2 3 288 40 144 167 231 227 284 139 23 176 16 281 24 237 54 157
Route #9: 252 10 83 87 261 98 7 216 184 88 113 133 274 141 20 245 127 241
Route #10: 234 44 215 280 71 242 226 250 253 214 104 67 25 275 181 177 160 33 166 283
Route #11: 108 43 41 151 72 18 142 119 150 145 169 100 101 273 140 179 42
Route #12: 79 265 172 159 251 238 91 15 155 175 27 122 190 138 36 197 248 192 221 64 116
Route #13: 123 134 235 224 156 26 270 107 82 264 244 233 218 62 39 201 285 278 29 199
Route #14: 225 209 22 117 287 12 232 80 258 129 14 182 130 89 81 200 220 96 269 132 230 137 286 95 32 114
Route #15: 93 56 78 213 148 21 206 180 277 255 240 84 185 271 35 198 267
Route #16: 272 203 99 165 279 168 49 76 60 173 195 236 257 69 163 162 204 28
Cost 209278
Time 203.449
