Route #1: 273 270 303 181 248 272 221 220 1 314 39 297 69
Route #2: 164 27 121 103 58 125 134 246 233 80 213 320 310 148 87 165 254 301 116 274
Route #3: 266 278 302 26 244 3 68 237 191 155 52 231 78 291
Route #4: 146 269 111 35 25 159 42 170 277 81 222 306 151 208 241 224
Route #5: 133 112 230 128 108 34 99 168 86 141 100 98 132 22 7 83 36 6 160
Route #6: 106 62 71 75 49 124 238 11 169 242 253 74 192 93 261 184 136
Route #7: 289 30 180 142 154 279 57 61 59 311 129 15 267 113 64 115
Route #8: 287 223 161 171 177 5 305 212 200 203 265 209 234 120
Route #9: 32 199 198 260 152 149 236 218 187 259 288 96 195 55 37 90 126 174 283
Route #10: 264 153 316 47 313 225 219 9 206 172 23 196 299 188 13 217 245 16 2
Route #11: 317 137 304 44 145 31 163 298 250 20 45 123 95 29 77 48 182 143
Route #12: 101 295 202 258 54 85 94 135 110 109 292 307 205 107 308 130 276 4 84
Route #13: 10 79 240 127 156 271 60 40 214 185 138 280 122 319 229 102 14 247 268 294 67 183 243 119 53
Route #14: 263 12 97 140 41 147 197 17 33 28 204 178 189 46 318 118
Route #15: 252 43 179 166 19 89 239 131 176 175 150 226 201 70 186 257 139 300 207 190 309
Route #16: 275 162 38 105 210 256 117 50 194 72 24 76 211 227 284 255 91 282 18 286
Route #17: 315 21 193 251 56 235 173 321 65 312 167 285 73 88 228 8 66 104 216 215
Route #18: 144 262 281 51 296 158 92 157 290 114 249 82 232 63 293
Cost 199643
Time 270.049
