Route #1: 238 255 119 233 5 205 141 309 92 299 324 153 279 330 273 243 38 42 30 91 107 54
Route #2: 199 1 78 121 139 140 300
Route #3: 182 105 155 280 222 96 227 2 77 192 6 307 204 242 301 50 87 191 328
Route #4: 294 281 94 76 183 206 86 267 7 154 168 101 84 268 271 118 213 202 85 316
Route #5: 61 175 236 130 290 129 312 327 17 176 186 310 45 197 46 315 272 282 117 172
Route #6: 296 110 109 37 209 216 254 111 321 235 270 25 211 263 194 224 219 165 70
Route #7: 26 266 250 89 284 88 241 326 60 68 67 106 138 161 137 35 317 253 48
Route #8: 303 177 122 82 49 256 230 142 163 181 228 53 63 283 245 21 24 133
Route #9: 160 74 150 302 212 171 52 201 113 208 304 16 329 135 115
Route #10: 34 10 55 287 58 322 196 116 73 104 251 8 318 95 27 81 323 285 4 325
Route #11: 59 178 44 136 128 288 319 90 147 11 252 124 293 156 278 286 36 3 125 40 248
Route #12: 103 32 184 265 187 320 311 308 15 239 9 71 29 99 167 226 298 164 120 18 41 220 247 22 65 169
Route #13: 234 249 174 93 144 231 132 100 210 112 159 80 237 57 66 173 258 244 277 200 145 292 12
Route #14: 19 217 20 246 264 158 14 108 33 151 305 134 331 291 240 149 131 51 114 260 83 215 75 261
Route #15: 190 189 72 195 297 223 13 43 274 229 262 123 314 64 289 69 98 306 198
Route #16: 157 232 180 188 257 170 203 47 269 152 275 259 97 276 225
Route #17: 62 28 148 56 218 185 126 193 162 146 214 127 207 23 79 166 313 295 143 221 31 39 102 179
Cost 172168
Time 433.163
