Route #1: 65 45 124 101 163 79 136 131 130 115 157 104
Route #2: 76 135 155 176 119 3 105 198 107 139 30 162 39 110 64 25 185 66 95 62
Route #3: 2 202 191 63 68 38 86 147 118 69 94 71 97 44 70 193 141 126 150 170
Route #4: 197 195 50 59 36 140 89 123 51 132 67 17 174 83 179 161 103 100 46
Route #5: 35 98 41 201 26 203 113 137 128 80 117 102 72 15
Route #6: 160 53 187 48 18 90 14 16 114
Route #7: 182 12 49 122 109 47 106 108 52 199 125 27
Route #8: 169 166 32 167 181 57 189 186 92 34 24 42 171 175 164 159 138 154 6 4
Route #9: 133 152 200 77 20 11 61 143 116 60 56 149 93 158 31 120 43
Route #10: 75 190 121 88 129 73 148 188 74 194 33 19 81 91 87 192 23 142 184 58
Route #11: 1 196 13 112 144 10 183 7 99 111 55 54 29 78 40 178 168 5 134
Route #12: 156 151 21 82 145 28 22 165 173 127 180 146 172 85 84 9 177 153 37 96 8
Cost 97842
Time 178.215
