Route #1: 323 307 312 310 309 368 386 168
Route #2: 98 178 185 68 51 376 374 60 78 324 82 337
Route #3: 341 29 313 241 311 289 136 318 244 242 219 287 302 224 345 294 334 264 110 31
Route #4: 257 260 252 234 263 240 315 393 249 41 268 243 183 174 47 209 256 45 142 273 346 169 57
Route #5: 355 148 10 16 160 225 380 221 79 80 77 88 87 125 70 72 164 65 143
Route #6: 348 179 147 94 365 238 66 170 217 76 245 159 389 149 103 81 33
Route #7: 176 267 144 112 269 38 95 61 158 12 52 398 322 9 166 327 328
Route #8: 150 366 347 42 349 332 361 86 254 296 352 53 395 270 34 122 113 299
Route #9: 25 173 283 54 187 231 139 367 370 101 71
Route #10: 333 75 335 90 140 203 317 215 154 89 353 342 390 350 364 124 180 360
Route #11: 336 344 111 18 13 161 177 56 384 123 394 126 46 295 15 4 64 28 104
Route #12: 362 114 167 276 338 340 383 227 379 399 286 109 375 378 377 354 250 277 314
Route #13: 246 107 84 297 11 204 285 131 97 281 50 49 247
Route #14: 153 194 193 195 259 255 55 23 127 92 99 145 162 184 373 363 151 351 152 220 67
Route #15: 290 301 385 326 121 69 119 17 133 172 83 93 141 156 191 284 128 211 202 201 182 102
Route #16: 275 188 218 157 208 3 85 135 21 14 63 199 186 291 278 369 43 387 320 206 282 37
Route #17: 272 232 163 382 303 235 1 226 197 223 7 222 58 248 115 306 229 192 316 236 137 325 261
Route #18: 44 210 358 304 22 216 288 200 27 280 274 171 253 228 116 308 181 26 146 212 130
Route #19: 279 40 91 189 293 190 155 36 321 96 233 108 105 371 372 74 213 331 35
Route #20: 39 32 48 24 330 117 305 329 357 356 6 73 129 300 198 120 196 292
Route #21: 132 214 230 388 8 205 62 265 266 207 138 134 175 381 239 30 2 106
Route #22: 118 343 392 262 20 400 396 397 391 237 271 258 251 319 5 339 165 19 359 100 59 298
Cost 221786
Time 706.111
