Route #1: 295 313 8 308 12 13 311 309 25 290 131 70 320 34 256 289 285 312 327 4 282 288
Route #2: 304 287 291 174 193 1 5 155 123 117 139 195 262 276 20 272 19 23 322 24 9 6
Route #3: 253 250 21 99 230 200 197 10 215 220 217 219 218 173 326 325 7 11 14 251 245 32
Route #4: 182 190 170 229 266 273 271 307 226 227 211 212 187 209 207 167 127 111 154 77
Route #5: 164 121 165 177 214 208 183 281 296 106 148 199 265 319 314 310 233 244 252 255 205 236 76
Route #6: 45 108 102 153 191 198 228 243 248 16 246 171 240 232 185 184 223 176 141 104
Route #7: 93 270 283 37 46 33 213 231 275 294 292 65 299 298 157 150 161 278 206 254 257 324
Route #8: 98 126 134 125 122 144 175 151 149 221 225 238 132 114 128 242 107 235 147 210
Route #9: 103 96 277 92 43 42 78 35 90 109 110 116 179 180 186 115 145 143 91 105 79 44 36
Route #10: 258 297 162 178 120 15 293 286 140 305 160 22 274 259 204 280 201 303 89 237 249 247 264 192 306 73 196 172 59
Route #11: 260 47 321 323 26 119 112 55 54 137 136 39 94 66 67 68 69 52 17
Route #12: 163 38 82 62 124 317 113 269 83 31 51 50 53 49 300 318 222 18 267 27 189 61 138
Route #13: 64 166 315 146 239 56 48 41 40 158 75 263 224 118 2 72 302 216 29 30
Route #14: 159 279 316 301 129 85 142 133 181 234 203 28 168 194 3 261 241 202 169 284 135 87 95 268 71 188
Route #15: 60 57 74 86 84 88 81 58 152 100 101 97 63 130 80 156
Cost 112360
Time 678.602
