Route #1: 215 207 184 234 190 250 249 203 211 257 97 256 260 2 40 14 252 5 235
Route #2: 13 18 16 22 174 150 177 175 219 199 197 87 24 26 19 15 237
Route #3: 233 4 236 231 223 213 247 214 220 201 194 123 154 137 99 93 121 128 94
Route #4: 221 209 200 148 145 141 146 153 96 155 160 158 189 198 229 225 251 204 261
Route #5: 110 208 232 54 76 125 140 227 120 216 240 230 107 259 178 258 212 10 187 3 176
Route #6: 79 142 133 135 149 164 147 138 124 181 139 192 144 152 222 163 246 162 196
Route #7: 82 100 114 136 118 179 156 157 188 193 202 205 98 143 183 165 170 168 68
Route #8: 103 108 72 105 106 92 95 55 50 58 91 80 90
Route #9: 70 210 32 191 134 166 161 228 182 241 244 239 217 34 48 38 37 43 116 262 109
Route #10: 45 44 59 60 83 62 69 28 9 11 35 63 27 8 226 67 255
Route #11: 111 1 20 245 248 41 64 66 31 33 102 132 131 171 242 169 65 101 81 36 12
Route #12: 126 151 195 159 61 51 115 71 113 112 56 23 206 180 89 253 39 243
Route #13: 21 78 30 84 224 25 42 47 7 130 127 57 167 172 173 186 218 185 129 17 119 46
Route #14: 49 75 77 53 88 85 73 86 52 238 122 74 254 6 104 117 29
Cost 100568
Time 484.457
