Route #1: 249 245 225 16 341 191 98 284 140 160 11 188 181
Route #2: 106 129 226 432 307 206 294 319 99 332 86 433 3 144
Route #3: 46 381 460 101 257 113 242 171 308 278 356 159 440 110 337 336 398 201 90 435 128 455 259 165 463
Route #4: 30 57 69 7 218 442 143 87 208 196 193 32 222 409 348 157 293 412 41 180 248 42 38
Route #5: 380 280 316 454 61 291 434 320 219 28 220 67 247 55 326 155 339 15 304 448
Route #6: 147 252 71 170 59 437 266 134 329 246 236 431 265 469 78 126 45 186 389 292 371 121 224 73
Route #7: 240 75 8 104 400 426 299 464 65 138 123 366 273 287 372 2 465 342 76 338 62 109
Route #8: 414 43 355 350 40 376 421 21 466 35 81 167 288 48 250 377 277 84 116 373 456
Route #9: 175 142 94 272 285 256 100 173 213 111 151 467 166 305 258 233 241 234 36 290 317 419 24
Route #10: 102 418 261 267 306 296 383 392 115 333 394 415 56 425 221 207 449 311 27 172 459
Route #11: 420 468 54 458 334 312 328 362 66 387 283 429 13
Route #12: 408 302 12 203 37 453 63 451 262 295 223 80 411 344 323 251
Route #13: 176 33 327 118 228 107 402 10 424 401 125 153 413 210 120 49 351 301
Route #14: 114 357 137 243 50 205 457 445 368 14 18 360 428 331 388 91 436 150 239 231 340 399 148
Route #15: 423 260 235 390 154 131 177 289 197 192 361 190 178 127 282 346 183 330 385 47
Route #16: 271 410 430 88 23 146 254 255 53 204 352 77 135 17 264 130 22 93
Route #17: 141 446 403 152 286 417 325 349 39 136 103 105 9 441 89 269 447 276 200 25 391 211 438 370
Route #18: 96 244 363 367 347 74 212 281 313 58 322 382 253 31 443 237 358 164 397 462
Route #19: 174 318 369 215 274 315 169 321 232 263 375 406 5 133 214 359 122 444 179 227 345 29 439 279
Route #20: 343 364 189 44 117 198 374 1 26 82 83 378 182 72 34 405 184 298 365 452
Route #21: 461 85 161 354 275 379 163 300 132 209 185 216 427 324 158 6
Route #22: 450 79 124 187 407 303 386 64 270 52 393 314 230 19 217 108 268 199 145 335 97 68
Route #23: 470 229 194 396 404 353 168 119 310 195 202 309 112 162
Route #24: 60 70 51 422 4 20 297 95 238 156 395 149 139 416 92 384
Cost 259073
Time 385.069
