Route #1: 149 94 203 202 133 233 187 200 232 243 225
Route #2: 160 138 194 147 79 228 100 95 176
Route #3: 55 73 44 152 146 35 33 143 104 78 65 224 16 220 37 245 84
Route #4: 101 72 57 13 190 114 115 43 42 30 127 66 180 99 156
Route #5: 2 145 210 191 88 193 172 125 218 206 197 121 97 24 89
Route #6: 157 107 85 61 91 93 105
Route #7: 75 128 14 242 222 5 204 207 186 168 196 92 67 247 102 59 60
Route #8: 23 108 7 69 137 34 122 68 96 227 195 179 223 103 111 169
Route #9: 20 148 151 177 144 214 1 120 117 29 28 126 217 212 64 153 39 82 81 74 53 38
Route #10: 21 142 251 10 248 106 27 22 25 9 230 219 174 188 240 231 166 32 182 183
Route #11: 159 112 129 109 71 118 113 155 136 150 158 161 184 171 162 215 189 175 173
Route #12: 181 236 192 249 11 17 246 235 52 237 239 124 19 90 4 12 141 123 163 131 134 70
Route #13: 15 26 36 47 54 130 58 139 185 164 165 63 62 110 46 244 229 241 3
Route #14: 205 211 216 238 234 252 253 50 56 119 8 51 226 221 132
Route #15: 170 178 201 213 135 140 199 208 41 45 254 167
Route #16: 209 87 98 154 198 77 48 49 40 86 31 83 80 6 76 18 116 250
Cost 161596
Time 273.155
