Route #1: 141 23 119 29 28 109 111
Route #2: 149 155 288 264 196 199 32 233 39 281 78 26 59 54 61 161 64 265 22 247 34 110
Route #3: 117 128 31 86 74 98 120 210 294 6 3 45 257 245 81 2 156 272 236 237
Route #4: 37 242 44 50 52 108 92 200 76 40 62 36 19 16 43 57 56 77 66 1 300 305
Route #5: 83 279 47 49 107 101 30 112 214 46 48 55 65 67 70 63 69 72 80 82
Route #6: 171 121 159 41 42 160 277 209 79 274 142 255 256 283 222 207 206 198 105 106 129 60
Route #7: 95 144 185 174 157 127 130 103 138 113 90 71 87 88 94 96 102 116 91 126
Route #8: 53 122 84 183 162 148 136 217 205 193 184 182 175 181 187 218 114 246 254 172 203 231
Route #9: 169 170 179 202 201 189 238 232 225 215 133 190 151 150 143 140 97 85
Route #10: 261 243 249 250 239 197 195 204 208 154 132 131 147 135 134 137 124 93
Route #11: 269 178 188 262 173 118 248 253 259 123 158 258 192 223 167 168 186 164 163 152
Route #12: 73 4 38 58 275 298 308 176 165 166 153 100 99 12 115 309 280 270 278 139 125
Route #13: 302 296 295 286 224 221 180 194 220 290 273 267 263 235 252 244 216 75
Route #14: 251 226 191 213 7 8 306 211 228 68 35 27 240 25 229 227 230 241 304 212 219 104
Route #15: 146 177 145 18 89 9 51 33 17 11 10 292 15 21 291 234 271 282 268 260
Route #16: 14 299 20 24 287 303 289 307 266 276 13 301 5 293 284 285 297
Cost 140155
Time 507.839
