Route #1: 40 80 146 51 138 153 123 116 90 89 101 82 84 88 113 127 144 154 130 136 62 69
Route #2: 152 142 99 92 74 85 102 212 160 158 194 168 180 162 38
Route #3: 17 203 32 201 50 223 196 20 148 177 174 9 4 176 179 189 210 187 216 8 16 5 11 171 224 215 125
Route #4: 68 147 21 182 183 173 195 172 197 208 106 81 83 122 190 14 192 157 140
Route #5: 28 1 166 98 53 49 37 44 30 23 15 2 213 200 218 209 206 202 205 204 35 12
Route #6: 167 43 198 128 150 219 70 181 175 93 129 54 159 143 139 199 18 27 155 29 97
Route #7: 178 52 163 137 119 133 36 24 42 47 214 48 207 41 156 141 77 64 222 121
Route #8: 109 184 124 61 105 217 79 193 72 165 164 66 145 191 3 100 26 151 134 95 78 161 131 211
Route #9: 132 86 45 188 115 7 114 118 34 103 39 65 25 117 6 57 46 135 110 108 104
Route #10: 13 73 58 94 91 67 71 75 63 56 33 76 170 111 59 60
Route #11: 225 55 19 186 220 169 185 221 10 96 112 107 126 149 120 87 31 22
Cost 109654
Time 210.599
