Route #1: 176 145 166 171 207 142 139 148 130 187 67 105 224 208 241 195 245 22 260
Route #2: 215 261 272 20 233 37 23 247 292 218 226 293 210 209 206 223 258
Route #3: 188 152 289 133 100 99 287 283 9 35 155 196 15 19 13 268 288
Route #4: 216 213 271 262 178 167 121 278 164 186 192 8 277
Route #5: 235 118 76 282 234 137 290 285 112 81 169 296 295 83 201 200 203 101 173
Route #6: 183 11 36 256 108 132 161 222 211 95 1 267 74 75 30 197 31 129 119 229 91 153
Route #7: 69 26 107 147 177 111 60 90 94 46 42 150 149 73 18 88 185 77 78 103 266
Route #8: 214 59 163 21 181 239 189 219 228 199 236 231 4 5 198 194
Route #9: 61 25 87 175 38 41 3 151 44 160 143 202 126 144 134 116 70 136 157 232 238
Route #10: 146 242 159 165 117 170 297 275 274 172 270 55 110 106 273 220 141 96 68
Route #11: 237 50 122 127 138 156 84 180 254 93 125 6 104 85 193 280 154 71
Route #12: 64 113 92 248 284 162 243 168 269 56 255 66 227
Route #13: 124 109 114 240 14 82 179 205 7
Route #14: 54 12 276 265 257 48 98 184 281 135 53 191 47 182 230 28 217 246 65
Route #15: 250 251 204 253 120
Route #16: 244 298 29 97 291 221 263 123 299 294 16 17 86 39 32 279 24 40 80
Route #17: 128 131 57 49 286 158 2 190 259 102 212 174 264
Route #18: 63 58 62 52 51 72 27 33 252 45 43 140 34 89 115 225 249 79 10
Cost 181732
Time 183.962
