Route #1: 120 114 214 171 128 89 177 165 162 79 6 107 71 109 27 69
Route #2: 75 74 33 48 180 146 8 143 23 185 175 113 64 72 95 126 55 119
Route #3: 152 153 97 169 195 194 125 155 10 42 170
Route #4: 53 164 30 161 108 129 154 81 196
Route #5: 54 150 131 147 83 38 7 179 11 78 213 144 137
Route #6: 13 60 9 189 102 44 87 20 186 31 101 66 176 51 77 133 215 182 3 208
Route #7: 139 210 105 94 50 76 40 67 62 135 93 99 91 130 82 122 98 183 43 104 157 41 56 32
Route #8: 70 181 88 190 127 12 16 92 134 141 151 178 5 47 187 205 73 100 192 18 158
Route #9: 123 65 138 34 52 110 197 145 140 85 17 206 4 39 112 204 96 199 68 63 86 148 45 211 142
Route #10: 156 106 58 203 132 160 80 49 35 37 24 25 29 212 149 172 184 201 202 36 57 188 117 2 15
Route #11: 61 198 209 168 14 46 207 28 166 136 193 21 200 191 173 1 163 103 19 84
Route #12: 22 111 90 167 59 159 115 118 124 174 116 121 26
Cost 102937
Time 200.87
