Route #1: 52 10 226 306 262 26 89 108 304 80 361 368 265 302 33 231 218 71 269 273 270 337 135 319
Route #2: 61 39 103 238 339 38 4 301 264 213 77 367 374 23 366 154 217 350 121 174
Route #3: 172 157 142 110 276 20 245 211 336 72 65 75 303 373 17 139 334 192 185
Route #4: 184 159 308 123 274 124 208 31 355 345 257 113 223 44 186 234 195
Route #5: 209 73 281 28 30 329 112 24 111 16 248 188 359 130 136 228 82 114 240
Route #6: 167 67 205 351 29 175 266 197 140 220 14 144 283 279 258 316 284 318
Route #7: 118 94 349 25 222 105 346 8 63 347 372 344 1 9 325 76 95 147 369 97
Route #8: 364 255 312 127 277 379 202 107 7 21 299 267 221 292 193 56 96 152 91 348 85
Route #9: 35 237 235 210 156 363 250 155 324 181 342 49 187 333 43 53 86 27 358 300 242 260 328 224
Route #10: 88 179 200 244 381 253 252 212 305 190 183 241 11 83 236 310
Route #11: 69 90 46 126 343 365 317 122 362 150 332 62 278 42 256 60 201 282 229 309 370 275
Route #12: 54 5 313 19 173 322 81 340 161 133 371 214 338 294 230 380 375 102
Route #13: 377 356 37 13 12 239 153 15 307 141 189 352 87 169
Route #14: 354 254 291 48 177 215 160 326 47 57 132 261 109 137 40 298 263 341 272 84
Route #15: 145 331 58 315 251 246 293 295 297 134 196 6 288 106 171 286 22 323 162 327 232 321 191 353 3 176
Route #16: 168 138 68 170 243 93 285 330 247 92 194 206 233 18 32 79
Route #17: 146 117 164 311 271 268 199 45 166 51 74 101 125 280 314 378 219 165 335 287 225 129 182 2 128 116 64
Route #18: 357 289 36 34 50 55 163 99 119 158 180 216 290 59 249 320 148 151 178
Route #19: 104 70 296 207 149 143 41 204 78 131 360 120 98 198 115 66 100 376 259 203 227
Cost 216591
Time 345.384
