Route #1: 324 9 8 321 34 44 53 11 300 311 306 308 16 19 24 23 310 25 253
Route #2: 264 224 211 250 263 262 268 255 258 309 307 3 5 303 302
Route #3: 265 240 204 21 201 14 26 252 246 241 239 13 10 217 66 69 84 37 281 7
Route #4: 319 286 294 290 285 271 256 4 325 206 235 320 315 312 247 237 227 231
Route #5: 216 326 187 185 189 164 167 169 15 131 12 95 96 18 328 327 186 176 171 322 323 242
Route #6: 236 244 284 293 228 232 190 194 283 289 225 223 229 296 304 299 298
Route #7: 51 150 156 172 158 174 129 121 112 210 153 208 249 251 269 259 270 273 295
Route #8: 165 213 207 182 188 266 200 170 130 120 292 114 126 125 116 260 267 280 101
Route #9: 92 152 184 100 209 220 139 230 233 238 151 143 140 192 197 191 91 88 113 90
Route #10: 117 136 133 132 141 142 159 162 175 178 195 163 138 161 135 127 86 145
Route #11: 30 36 43 56 72 85 99 118 108 147 148 157 173 183 179 177 181 199 198 219 245
Route #12: 98 59 106 122 261 254 89 226 203 196 104 144 134 54 64 70 62 67 32
Route #13: 107 63 160 46 214 274 279 257 243 193 128 41 82 28 39 75 27 47 317 316 318
Route #14: 149 313 52 109 288 218 74 49 272 212 287 48 58 57 42 291 297 78 61 77 79
Route #15: 155 103 305 17 50 105 33 94 278 6 29 38 45 55 81 73 65 180 282 168
Route #16: 277 276 31 221 35 40 119 1 301 314 215 60 111 93 123 146 76 83
Route #17: 154 137 97 80 68 202 205 222 275 234 248 20 110 2
Route #18: 124 22 166 102 115 87 71
Cost 141507
Time 317.637
