Route #1: 256 269 262 264 277 295 296 297 309 6 320 317 31 285 99 280 334 331 267
Route #2: 5 11 14 287 115 27 315 24 40 44 283 271 279 290 301 123 304 323 240 332 329
Route #3: 216 174 249 291 119 126 308 289 286 288 307 135 134 146 220 214 215 306 243 235 233 231
Route #4: 185 158 54 74 97 62 110 113 156 108 192 218 70 55 213 217 53 68 150 88 84 241
Route #5: 238 246 225 227 224 229 274 250 101 120 167 221 212 255 239 177 170 182 15 114 183 328 319 184 195
Route #6: 50 176 67 75 181 64 168 187 310 178 157 131 121 80 66 32 116 305 298 278 96
Route #7: 71 92 82 275 12 165 211 154 303 252 128 300 164 326 1 171 163 149 160
Route #8: 69 117 142 141 140 18 209 222 179 327 204 169 186 205 242 248 260 199 198 193
Route #9: 136 234 281 230 257 253 226 201 245 261 127 124 175 244 189 180 270 166 138 148
Route #10: 330 294 282 87 94 102 76 112 10 132 38 162 159 207 155 152 172 139 299 200 190
Route #11: 17 103 322 143 145 161 197 129 125 144 95 153 232 86 81 111 130 43 9 210 91
Route #12: 151 26 79 236 37 106 59 98 41 83 49 52 247 105 206 48 35 219 19 33 137 100 335
Route #13: 2 85 191 107 60 254 109 28 20 58 7 21 259 258 194 188 237 228 122 223 292 173 202
Route #14: 56 302 23 313 325 324 314 208 196 4 90 63 265 57 147 34 104 61 318 47
Route #15: 251 65 284 72 29 263 77 203 16 36 133 293 276 273 266 272 268 89 3
Route #16: 333 118 93 42 45 51 39 30 25 22 78 73 8 13 46 321 316 312 311
Cost 168761
Time 399.744
