Route #1: 254 233 219 197 235 250 257 260 263 267 274 283 284 275 277 273 246
Route #2: 259 17 5 278 271 26 23 239 217 88 215 27 204 221 28 214 25 13 11 14 16 15 9 285
Route #3: 176 252 248 136 134 245 106 265 155 12 20 22 30 146 38 276 256
Route #4: 231 198 7 184 186 264 212 207 98 253 251 178 249 192 272 232 255 258 281
Route #5: 10 230 227 238 210 171 182 188 174 172 208 211 102 101 126 140
Route #6: 181 128 131 135 203 35 142 154 237 180 205 169 170 166 168 200 173 158 153 143 133
Route #7: 167 87 150 159 164 148 147 163 149 132 130 141 151 177 120 183 185 234 225 244
Route #8: 43 224 137 145 3 8 222 247 236 46 54 41 61 270 175 206 241 195
Route #9: 81 79 80 91 94 109 110 108 113 127 95 93 103 100 92 78 71 72 75 64 69 42 261
Route #10: 51 157 56 53 189 268 48 52 213 187 179 199 191 31 4 104 99
Route #11: 216 218 59 40 39 65 68 115 55 266 124 73 269 125 123 118 47 119 70 107 89 62 1 44
Route #12: 33 50 242 45 194 66 18 57 60 36 74 76 85 84
Route #13: 282 117 121 116 138 162 160 161 63 156 243 279 34 228 114 209 19 262 280
Route #14: 105 165 190 201 220 196 21 139 129 77 152 240 112 29 58 24 226 202 193 2
Route #15: 82 83 96 97 86 144 122 111 90 32 223 49 229 6 37 67
Cost 106850
Time 684.956
