Route #1: 111 100 156 56 119 84 121 128
Route #2: 112 108 290 60 27 146 280 255 286 76 64 212 90 163 157 15 199 204 155 71 70 74 61 278
Route #3: 248 106 1 67 25 95 45 53 55 41 13 40 142 251 243 148
Route #4: 262 150 250 158 159 26 32 118 33 116 47 98 52 46 39 44 18 20 149
Route #5: 240 97 43 28 29 281 203 241 94 92 93 288 192 266 302 120 247 214 58
Route #6: 30 17 37 72 75 285 178 282 147 211 9 260 258 224 223 245 179 34 19 82 22
Route #7: 49 48 122 127 130 145 183 188 176 162 132 103 104 38 68 63 78
Route #8: 80 174 83 252 110 124 114 270 99 105 101 234 191 184 140 135 54 57
Route #9: 117 189 198 31 35 123 51 87 182 126 137 144 167 152 200 165 85 86 138
Route #10: 81 36 65 66 77 113 133 134 91 217 129 141 131 139 161 225 169 171 219 181 215 249
Route #11: 164 168 193 201 170 172 187 186 185 194 197 209 202 173 107 160 151 154 153
Route #12: 69 42 50 136 271 277 125 292 143 180 221 293 253 273 195 220 233 222 229 298 227
Route #13: 265 268 190 177 276 196 3 308 309 166 175 8 115 88 89 96 10 102 109 310
Route #14: 263 207 264 267 274 216 226 236 299 301 300 307 218 213 5 6 7 59 256 269
Route #15: 235 228 210 205 206 254 257 246 239 295 272 279 305 294 291 284 275
Route #16: 73 2 79 242 21 230 208 232 237 259 14 261 244 24 231 62 283
Route #17: 306 4 11 287 12 297 16 23 238 296 304 289 303
Cost 140486
Time 639.081
