Route #1: 95 69 225 164 160 79 38 101 19 58 63 179 104 27 151 111 99 163 184 42 78 126
Route #2: 180 117 112 116 8 108 13 18 34 76 203 120
Route #3: 215 74 107 147 183 11 4 23 22 14 91 26 133 140 159 88 230 190 195 234 220 162
Route #4: 177 15 191 97 231 216 202 36 214 6 224 182 169 32 102 67 166 130 113 62 21 37 57 30 54
Route #5: 135 185 145 96 173 2 149 146 41 40 123 170 60 150 129 7
Route #6: 156 237 122 39 119 200 209 64 29 47 118 199 138 134 80 61 132 50 46 131 233 181 56 82 187
Route #7: 106 93 223 68 70 48 178 222 17 142 35 73 28 211 213 137 87 196 228 188 20 75
Route #8: 144 204 10 12 155 154 66 232 71 193 84 59 148 9 65 100 205 33 152 201 197
Route #9: 110 217 198 51 175 218 168 208 165 44 1 25 136 90 5 16 176 52 31 109
Route #10: 49 221 125 3 158 98 85 43 55 139 103 226 86 127 141 53 157 189 235
Route #11: 94 174 114 81 236 121 105 143 171 24 229 92 186 210 194 83 172 167 192 212 206 72 128
Route #12: 161 207 153 45 77 124 227 89 219 115
Cost 70233
Time 216.321
