Route #1: 408 190 192 213 16 39 238 143 439 419 417 196 221 225 231 418 200 232 414 293
Route #2: 344 349 370 411 392 101 63
Route #3: 320 393 305 298 264 276 10 314 33 36 331 339 336 354 351 5 11 307 343 341 427 313
Route #4: 401 310 25 332 346 348 347 433 376 386 422 450 207 86 409 413 440 412 218 147
Route #5: 235 116 398 394 262 283 263 180 83 144 330 357 375 340 274 389 356 241 230 441 59
Route #6: 416 437 74 46 247 244 291 436 285 402 280 388 442 3 12 142 438 380 426
Route #7: 125 124 14 105 96 90 174 112 15 406 282 361 435 153 92 403
Route #8: 113 245 50 45 429 135 266 243 220 205 102 54 242 296 211 80
Route #9: 187 177 324 131 176 415 99 64 95 121 58 167 162 130 185 184 115 114 367 378
Route #10: 384 327 334 306 407 88 338 295 420 428 53 28 277 400
Route #11: 69 256 301 70 158 396 335 410 138 78 186 123 248 251 390
Route #12: 57 26 179 366 139 111 155 168 100 178 223 81
Route #13: 195 270 164 61 31 82 265 73 181 445 275 104 379 399 193 163 159 4 7 29
Route #14: 281 42 6 303 294 308 382 126 219 353 32 236 237 451 67 328 165 91 110 98 355
Route #15: 383 385 206 22 55 173 65 118 97 146 199 148 304 246 443 272 431
Route #16: 257 140 212 13 309 157 269 302 94 397 108 172 391 268 322 317 321 40 119
Route #17: 319 345 432 62 87 271 77 423 425 117 183 449 170 404 342 323 290 279 333 188 166
Route #18: 214 217 215 222 260 362 24 252 364 227 191 228 233 234 21 292 289 288 41 129 75 249 18 259 258
Route #19: 273 261 44 145 154 226 151 194 171 103 201 204 107 34 312 9 72 85 51 84 79 136
Route #20: 325 93 208 160 141 284 76 23 56 2 49 71 68 19 20 1 287 198 17 169 255 175 150
Route #21: 122 8 38 240 300 454 30 377 197 137 352 152 350 189 316 329 358 374 360 434 120 395 229
Route #22: 182 149 128 326 315 37 47 60 267 369 373 372 203 250 297 224 387 365 430 52
Route #23: 127 337 318 381 133 210 209 359 106 216 161 447 202 278 35 448 43 446 424 27 239
Route #24: 253 444 452 453 286 421 254 134 66 156 311 48 363 109 89 132 371 405 299 368
Cost 263728
Time 389.644
