Route #1: 493 479 76 78 115 500 124 119 503 15 491 112 122 117 118 114 108 41 335 239 498 418 400
Route #2: 398 314 482 504 432 53 345 428 433 380 390 471 467 458 446 472 494 489 456 54 283
Route #3: 447 448 56 58 465 487 25 83 434 468 454 492 28 480 464 449 413 403 384 395 478 444 332 459
Route #4: 325 22 290 350 333 372 348 368 152 135 150 177 351 369 361 343 341 389 401 410 409 404 346 302
Route #5: 357 40 52 26 153 159 169 161 176 162 156 43 42 38 158 148 31 138 439
Route #6: 80 463 84 455 81 300 39 69 65 450 440 55 96 105 104 453 1 86 89 87 93 85 47 44
Route #7: 130 255 344 393 421 414 431 435 438 469 452 382 402 19 6 495 497 377 376 484 324 315 451 319
Route #8: 336 385 359 371 412 381 374 367 437 445 354 352 355 349 370 405 379 366 365 340 396
Route #9: 276 443 457 353 502 14 13 501 29 391 18 394 417 429 420 322 34 411 416 386 388 387 475 358
Route #10: 278 308 249 216 219 253 268 280 327 305 281 303 316 313 356 284 301 134 37 107
Route #11: 250 215 207 187 184 201 228 257 236 206 277 271 264 209 188 309 179 178 218 204 266 282 360 272
Route #12: 242 221 237 232 312 286 486 165 51 116 77 225 229 248 238 275 244 241 339 199 203
Route #13: 297 462 415 45 97 423 140 147 466 214 470 57 189 88 197 231 243 213 226 234 163 174 259 436
Route #14: 267 10 48 123 149 113 252 141 145 74 121 208 168 180 100 142 139 136 422
Route #15: 378 245 198 185 132 288 20 399 173 172 33 247 338 375 426 106 30 99 246 7 9 8 192
Route #16: 167 298 224 63 103 223 473 363 46 217 32 72 196 260 170 151 128 222
Route #17: 155 125 210 304 146 474 310 205 262 273 160 73 306 263 442 481 157 131 485 270 477 425 202 476
Route #18: 102 194 120 90 254 91 227 127 111 79 289 70 98 133 82 109 211 190 191 200
Route #19: 183 331 364 342 175 330 392 279 143 195 240 320 294 274 235 347 488 285 101 182 166 287
Route #20: 407 406 171 292 212 430 460 461 483 11 23 27 4 24 12 16 21 3 2 137 66 71
Route #21: 220 337 383 329 334 49 60 186 230 75 323 317 256 164 441 17 362 126 110 5 50 35
Route #22: 373 318 193 59 61 293 499 496 95 64 181 307 311 265 397 326 328 68 427 296 408 94 92
Route #23: 67 36 424 233 261 144 154 291 321 129 299 490 419 269 295 62 251 258
Cost 207264
Time 637.665
