Route #1: 231 75 50 39 144 12 105 141 115 116 72 54 3 1 66 40 140 104 23 24
Route #2: 205 161 132 142 190 157 97 228 172 35 174 13 114 19 4 62 67 68 204 2 170 181 177 156 11
Route #3: 221 73 81 63 86 113 10 31 121 85 108 128 137 166 155 123 82 165 48 151 77 206 224 225
Route #4: 32 61 179 183 44 133 110 134 111 26 211 208 209 79 118 164 16 149 131 193 28 171 143 65
Route #5: 191 147 222 125 135 152 130 215 92 185 25 226 159 18 49 98 120 122 74 175 5 167
Route #6: 90 188 103 154 89 199 119 93 88 51 100 99 58 150 43 34 70 112 212 45 148 163
Route #7: 20 42 37 38 60 29 14 136 210 27 230 64 76 200 176 218 219 227 22 41 195 194 162
Route #8: 187 180 173 7 36 46 107 6 158 124 21 95 57 83 229 186 30 47 17 15 8 9 223 109 160 78 52 145
Route #9: 169 203 192 139 220 106 138 126 127 146 69 117 101 91 80 217 55 87 207 94 214 59 53
Route #10: 202 182 178 129 84 216 213 168 71 33 102 56 96 153 189 184 201 196 198 197
Cost 69908
Time 589.986
