Route #1: 244 220 216 90 298 293 283 251 255 253 221 273 256 212 240 239 25 152 206 156 103 85 79 185
Route #2: 204 198 177 191 296 47 144 285 295 301 6 277 279 304 246 243 297 5 280 171 250
Route #3: 12 45 39 23 88 308 109 110 268 117 112 307 235 233 242 247 259 294 292 267 219 249 252 232
Route #4: 35 274 116 16 248 305 10 257 18 258 265 27 278 29 42 282 76 299 300 19 21 22 24 82 81 284 241
Route #5: 245 101 111 128 133 289 276 137 270 127 218 121 123 208 217 96 172 174 175 98 254 17 154 228
Route #6: 31 130 207 203 187 150 167 286 236 200 179 189 138 210 149 155 151 142 145 153 106 105 119 159 161 201
Route #7: 46 53 72 125 136 135 226 223 146 129 170 224 141 229 122 115 107 78 87 269 264 100
Route #8: 55 120 169 3 186 178 160 58 199 180 157 20 50 108 9 99 57 227
Route #9: 231 196 80 86 230 197 69 113 71 95 126 61 134 132 97 75 4 192 205
Route #10: 65 77 91 222 214 104 94 158 143 118 182 162 131 140 188 40 73 165 93 148 147
Route #11: 194 32 102 193 211 215 209 28 38 74 41 37 54 36 11 8 306 183 163
Route #12: 195 237 84 263 190 139 213 176 49 56 181 202 262 83 238 168 124 92 234 225
Route #13: 33 164 13 272 44 14 52 1 34 15 89 51 70 68 67 64 63 60 288 302 287 275 260
Route #14: 43 30 303 291 7 271 62 66 59 290 281 48 266 114 26 184 166 261 173 2
Cost 150348
Time 558.497
