Route #1: 121 291 19 25 110 282 333 211 166 455 2 111 397 294 380 93 334 359 66 236 174
Route #2: 156 71 215 182 247 453 310 376 138 443 3 265 276 177 164 163 167 326 285 252 209 290 40
Route #3: 47 447 8 450 383 296 157 223 449 240 154 425 412 155 108 34 273 185 191 254 363 196
Route #4: 313 384 61 293 97 159 91 192 205 343 301 18 147 168
Route #5: 125 428 266 179 45 115 127 131 6 364 134 213 337 200 413 408 360 284 88 314 407 442 12 403
Route #6: 330 9 268 99 49 401 224 218 277 22 244 390 287 231 123 1 118 146 242 81 11 100 116 204
Route #7: 387 374 433 311 35 72 393 142 434 220 324 189 4 7 349 289 186 197 13 327 344 375
Route #8: 122 357 315 245 30 456 342 378 184 178 420 267 5 181 421 369 141 69 137 417 356 36 42
Route #9: 348 441 323 21 253 44 435 292 124 64 262 153 251 355 249 427 160 278 279 260
Route #10: 20 225 195 151 68 103 322 283 129 346 436 317
Route #11: 70 368 78 203 446 202 89 126 172 235 431 399 432 51 452 389 373 396 438 448 440 46
Route #12: 162 219 161 152 92 65 398 23 365 135 303 113 367 109 304 388 424 409 241 87 263 229 358 208
Route #13: 429 233 385 312 149 271 74 237 199 238 102 217 38 445 422 80 95 338 106 416 169 105 366 250 222 58 328
Route #14: 395 101 183 201 415 227 77 309 269 404 27 83 221 180 439 410 86 133 299 308 63 75 173 255 259 29
Route #15: 329 350 302 331 406 190 418 318 386 187 256 414 94 98 298 457 226 321 117 60
Route #16: 362 96 430 426 90 230 188 232 56 145 419 295 10 246 243 54 143 130 264 26 50 286 53 332 144 361 354 353 423
Route #17: 28 176 112 165 261 257 372 411 341 335 59 382 57 33 82 132 39 402 454 41 31 379 140
Route #18: 234 171 175 170 258 14 280 281 391 139 325 339 104 216 316 340 136 248 73 370 405
Route #19: 351 114 15 16 85 377 272 128 37 119 300 228 207 55 79 352 274 212 52 198 347 381 239 76
Route #20: 451 319 158 437 307 150 214 345 306 107 444 194 297 148
Route #21: 371 62 206 270 336 305 67 275 193 84 48 43 400 120 210 394 24 17 320 288 392 32
Cost 223677
Time 333.57
