Route #1: 14 86 24 195 210 102 106 202 262 254 182 189 11 59 129 25 104 9 27 69 85 1 35
Route #2: 73 186 158 157 176 198 13 88 21 82 22 133 140 213 246 206 217 231
Route #3: 96 41 155 60 275 200 125 72 40 83 50 94 137 218 197 170
Route #4: 143 164 147 111 151 118 146 51 174 84 95 37 6 75 101 199 30 179 180 144 116 123 26
Route #5: 130 279 110 184 114 29 191 214 81 284 280 274 135 288 289 290 163 273 169 193 204 162
Route #6: 98 281 49 103 156 160 134 167 183 152 145 150 20 233 139 141 121 227 128 117 92 159
Route #7: 226 208 256 260 185 16 77 207 201 229 127 90 142 196 99 53 126 2 211 277
Route #8: 190 57 268 74 112 54 161 62 71 52 65 105 67 4
Route #9: 80 222 249 45 242 243 19 171 203 79 282 194 264 7 276 283 119 209 245 228 285
Route #10: 12 122 138 10 148 70 230 3 257 232 241 250 173 87 240
Route #11: 39 55 255 109 237 261 91 64 248 108 253 236 259 66
Route #12: 220 251 136 215 239 15 223 33 43 56 89 17 177 78
Route #13: 267 224 287 234 42 44 132 120 115 28 178 31 58 113 68 8 100 225
Route #14: 32 124 93 291 166 165 188 205 175 187 168 97 238 258 76 5 63 36 34 149 61 107
Route #15: 270 235 48 38 153 154 181 286 23 247 263 269 266 221 47 172 18 212 244
Route #16: 272 265 278 131 271 252 46 216 219 192
Cost 169277
Time 532.976
