Route #1: 163 197 222 299 342 123 25 35 400 187 300 308 313 361 199 378 396 282 232 178 213 102 101 315
Route #2: 420 287 121 46 240 205 80 201 33 350 191 109 144 124 186 185 389 193 206 273 224 225
Route #3: 296 202 204 294 411 160 17 43 148 134 90 111 76 413 412 371 414 156 230
Route #4: 257 238 141 19 92 88 189 42 352 345 159 270 86 79 276 133 112 12 63 164 317
Route #5: 309 303 295 421 27 392 120 368 354 214 198 292 340 341 140 305 94 271 58 407 385 74 53 373
Route #6: 73 103 184 154 314 338 417 22 40 83 89 388 77 399 54 24 419 409 351 11 18 331 333
Route #7: 236 127 220 16 310 118 209 401 283 335 1 278 195 312 194 174 10 31 2 252 107 9 5
Route #8: 66 23 145 143 136 146 50 57 56 147 87 85 95 138 64 165 47 149 190 177 69 60 379 363 344
Route #9: 301 319 348 386 346 291 357 246 408 406 395 405 384 365 376 360 339 327 353 211 75 284 131 297 337 49
Route #10: 180 268 218 215 221 226 402 15 13 26 372 397 44 34 21 32 343 358 119 84 235 263
Route #11: 122 265 349 279 45 41 415 172 318 320 286 289 298 181 216 203 274 249 251 277 316 6 183 182 258
Route #12: 91 81 171 364 175 381 374 359 326 336 113 293 130 14 329 78 68 65 52 269 55 155 212 242 241
Route #13: 70 71 264 132 234 108 96 110 233 239 266 248 275 153 416 176 142 250 114 97 135 82 324 398 391
Route #14: 380 370 29 139 256 3 169 247 152 244 137 168 72 369 304 179 231 290
Route #15: 192 59 173 37 322 253 228 288 217 157 321 323 117 243 362 150 99 38 267
Route #16: 355 200 210 418 237 28 161 307 347 62 48 4 281 8 61 158 410 126 98 390 223 367 332 129
Route #17: 30 272 377 115 387 280 325 261 260 245 125 162 382 356 167 7 170 166 100
Route #18: 403 311 375 394 328 67 207 306 393 39 383 196 254 330 227
Route #19: 105 262 106 93 404 188 219 20 36 51 208 104 285 259 302 255 334 229 366 116 128 151
Cost 203699
Time 955.039
