Route #1: 4 198 159 111 101 136 125 133 173 176 177 192 164 154 206 202 182 78 79 150 151 149 155 201 175 172
Route #2: 137 162 50 47 63 59 64 87 65 88 1 117 97 57 53 163 130 168 278 166 105 103 104 256
Route #3: 69 96 99 304 301 257 142 139 222 112 214 108 102 110 113 132 293 123 129 178 207
Route #4: 106 279 109 91 208 197 194 67 181 179 165 92 184 84 77 75 42 41 116 26 127 138 250 219
Route #5: 218 203 255 297 213 227 235 242 245 7 12 15 22 267 35 33 244 241 237 230 229
Route #6: 234 21 9 24 44 285 39 68 262 54 52 264 284 34 280 288 27 25 122 43
Route #7: 216 233 273 253 225 236 240 224 254 265 258 275 274 268 276 270 243 249 231 223 220 196 6
Route #8: 156 46 17 199 303 286 10 90 302 282 299 295 298 287 296 239 263 232 228 209
Route #9: 251 277 283 8 16 61 60 246 189 183 95 48 5 18 204 212 247 266 290 191 190
Route #10: 86 272 49 100 281 36 188 215 169 205 271 121 195 3 80 261 153 118 135 260 160 81 13
Route #11: 167 289 72 38 98 120 161 56 70 170 292 45 252 238 14 217 248 174 131 210
Route #12: 94 134 107 193 31 37 66 187 186 185 32 76 51 89 300 58 145 157 291
Route #13: 93 55 114 115 141 19 147 171 143 23 71 200 28 82 74 124 40 221 226 158 211 180
Route #14: 148 73 2 140 269 11 294 20 119 62 259 152 144 146 128 29 30 83 85 305 126
Cost 142829
Time 638.96
