Route #1: 59 70 180 77 91 210 89 100 8 203 185 181
Route #2: 12 145 21 83 93 114 29 41 47 7 48 25 46 192 36 130 49 43 132 131 82 45
Route #3: 146 201 171 99 2 13 148 107 40 106 212 123 170 105 94 125 67 151 158
Route #4: 68 176 18 103 55 129 128 159 194 209 23 64 182
Route #5: 32 76 80 120 115 116 137 108 104 157 162 4 127 6 136 139 164 149
Route #6: 160 190 61 173 52 74 57 9 206 1 11 197 193 174 155 189 26 38 39
Route #7: 14 24 143 202 168 191 138 200 31 86 51 85 198 75 211 195 16 144
Route #8: 56 188 150 58 92 22 15 205 3 207 10 34 35 54 19 50
Route #9: 63 113 20 33 179 178 121 184 152 90 88 97 177 111 147 109 53 73 71
Route #10: 37 60 27 183 187 28 98 117 163 142 167 140 141 208
Route #11: 5 96 79 84 62 101 169 112 119 69 110 44 72 17 204 87 42
Route #12: 186 175 172 154 161 166 165 124 95 135 30 118 156
Route #13: 134 133 126 102 65 66 153 81 78 196 122 199
Cost 131803
Time 287.121
