Route #1: 251 20 33 36 22 24 52 9 34 25 229 230 237 10 16 7 29
Route #2: 228 14 249 255 250 247 221 220 209 227 238 72 196 172 169 164 163 136 125 88
Route #3: 240 241 201 197 198 210 166 224 174 175 173 253 208 188 190 254 199 205
Route #4: 191 202 23 32 189 193 194 187 80 26 149 115 11 90 156 222 215 153 155 145 167
Route #5: 160 159 161 146 214 121 117 128 242 252 110 3 6 8 5 177 4 204 19 206
Route #6: 87 89 135 112 186 236 203 207 40 226 74 235 211 179 150 181 141 213 212 158 178 185 225
Route #7: 133 127 147 144 132 126 165 131 154 151 122 93 82 76 53 68 42 55 232 218 243
Route #8: 95 113 79 120 106 111 97 86 108 107 139 140 114 91 85 81
Route #9: 183 246 217 30 45 48 239 102 98 57 56 39 162 47 49 43 77 61 27
Route #10: 69 67 66 51 234 176 219 70 195 200 119 168 152 134 96 148 138 94 137 157 244
Route #11: 38 28 63 64 35 31 17 109
Route #12: 248 180 65 118 101 123 216 44 37 73 1 2 18 41 46 129 130 12
Route #13: 223 233 116 124 92 184 21 54 100 103 192 170 171 182 143 105 60 99 84
Route #14: 71 62 75 59 58 50 83 231 78 13 104 15 142 245
Cost 101915
Time 681.241
