Route #1: 304 412 37 131 391 169 203 210 138 244 280 161 289 13 230 139 6 31 180 240
Route #2: 79 128 206 405 97 23 4 322 26 1 273 360 303
Route #3: 38 408 263 186 301 176 332 143 288 268 5 3 265 307 113 361 367 383 94 269 364
Route #4: 205 170 137 134 32 314 392 211 192 370 414 369 77 264 54 355
Route #5: 40 404 236 177 382 313 152 290 132 231 246 270 167 70 328 256 348 261 320 116 33 30
Route #6: 146 108 135 48 208 234 60 212 223 349 250 53 105 8 221 341 252 67 52 342 106 133
Route #7: 266 35 402 378 222 267 44 83 395 7 396 418 142 21 247 49 218 323 165 55 19 171 204
Route #8: 160 123 258 168 112 101 400 103 151 104 149 147 130 121 114 200 359 375 228 217 224 340
Route #9: 73 12 279 274 233 225 197 154 125 72 215 277 238 257 163 15 254 287 293 216 281 248 259
Route #10: 27 87 84 59 162 62 43 25 119 362 82 68 66 193 76 196 85 93 198 172 129 110 100 89 401 159
Route #11: 272 191 283 286 276 393 384 308 17 327 336 338 350 368 41 42 343 337 345 334 387 319
Route #12: 315 294 330 316 324 352 363 365 371 331 329 335 9 413 406 411 417 380 379 275 351 284
Route #13: 14 358 373 377 381 39 353 28 80 374 71 385 394 399 389 376 372 99 366 344 309
Route #14: 75 150 185 302 141 10 179 296 312 326 357 333 311 310 306 325 140 318 346 285 297
Route #15: 278 56 22 235 45 51 227 317 416 16 20 136 58 96 184 36 407 29 403 390 81
Route #16: 207 74 195 220 69 199 226 88 347 109 242 295 292 305 354 339 2
Route #17: 298 189 178 115 124 47 188 50 415 245 321 282 271 183 153 241 291 34
Route #18: 386 398 388 65 18 409 145 253 239 78 61 90 46 63 158 144 91 237 229 255 86 107
Route #19: 202 201 92 122 111 64 173 166 164 175 11 182 194 57 181 187 190 174 156 120 102 300 262 213
Route #20: 299 219 24 118 117 127 155 98 356 410 126 251 214 148 157 260 243 209 232 397 95 249
Cost 214623
Time 872.593
