Route #1: 263 272 141 137 133 166 116 388 87 63 51 181 227 240 46 50 48 232 229 59 61 52 182 207 49
Route #2: 60 58 64 210 65 180 84 115 197 117 119 233 238 109 121 239 228 132 220 156 101 400 171 213 253
Route #3: 241 235 256 209 173 134 219 217 225 387 261 260 281 280 291 278 265 302 295 294 287 308 273 201 1
Route #4: 372 315 251 237 72 360 174 379 160 36 231 279 167 355 363 186 187 185 188 332 359 343
Route #5: 271 274 150 22 218 111 142 282 298 300 325 297 288 266 262 292 234 223 179 176 206 249 243 248
Route #6: 242 200 2 255 276 283 224 154 199 4 304 306 8 9 321 319 18 70 399 362 371 342 351 340 331 329 344 369 296
Route #7: 305 108 392 390 138 381 335 336 349 375 106 21 107 43 45 42 30 128 146 144 143 139 386 361 152 140
Route #8: 397 6 23 25 29 89 44 56 100 41 370 368 341 71 54 96 356 309 254 161 277 110 105
Route #9: 334 382 293 396 299 401 3 320 312 314 357 346 347 348 326 324 327 317 322 268 99 151 165 285 393
Route #10: 290 338 13 354 352 383 377 374 365 12 26 39 366 367 31 364 337 318 7 311 310 403 389 286 247
Route #11: 77 204 316 398 17 246 303 252 78 148 384 378 80 79 81 358 66 373 345 333 391 20 10
Route #12: 153 211 129 35 14 15 74 62 82 177 88 269 16 28 19 323 301 168 192 38 37 53 55 330 76 73
Route #13: 385 98 127 69 339 164 221 91 85 205 83 169 194 172 136 175 208
Route #14: 250 86 57 190 125 236 95 118 159 40 135 226 230 120 5 11 32 163 259 289
Route #15: 27 67 284 244 102 47 307 131 245 215 130 178 155 158 112 93 114 147 162 170 196
Route #16: 376 216 191 222 212 97 92 90 104 123 122 145 33 75 103 157 195 275 395 34 402
Route #17: 189 24 270 267 353 350 184 313 94 214 264 203 193 198 202 183 149 380 394 68 126 113 124 257 258 328
Cost 175817
Time 528.061
