Route #1: 309 9 16 139 73 93 133 102 114 138 191 85 144 166 219 117 47 263 245 152
Route #2: 23 112 137 313 217 318 26 167 168 328 281 60 43 218 272 110 208 240 111
Route #3: 162 204 30 108 34 153 56 197 317 223 234 250 192 29 21 196 20 31 249 283
Route #4: 224 127 175 19 182 254 67 107 38 311 342 40 301 319 148 212 151 39 200
Route #5: 176 343 174 213 247 339 53 126 231 280 41 171 227 4 5 75 296
Route #6: 181 230 188 312 314 187 161 186 64 91 255 335 300 180 237 336 261 129 177 201 17 179
Route #7: 178 173 65 100 226 8 128 140 135 229 260 302 210 72 63 169 334 94 155 118 193
Route #8: 68 206 159 36 25 14 2 96 97 141 123 106 105 164 90 62 98 59 50 51 125 145 134 131 143
Route #9: 99 253 259 256 267 265 258 338 211 190 331 310 189 244 170 157 172 6 239 216 220 221 69
Route #10: 294 95 299 154 214 228 215 202 194 203 225 122 282 298 124 305 306 146 149 158 163 160 308 322 74 45
Route #11: 83 295 119 77 121 142 136 333 344 101 33 42 156 44 49 52 257 345 235 232 207 198
Route #12: 104 81 329 27 57 76 323 48 37 24 15 293 341 274 303 268 109 80 279 271 13
Route #13: 276 269 264 150 278 277 340 291 284 285 307 252 1 297 78 18 262 92 222 183
Route #14: 332 330 87 84 70 10 120 320 289 288 205 233 12 292 88 11 337 325 28 22 32
Route #15: 184 195 55 66 199 273 248 130 35 275 103 147 7 315 316 286 290 266 246 243 287 304 209
Route #16: 321 89 113 79 115 326 251 185 270 46 54 165 132 324 327 71 3 82 86 236 116 58 241 238 61 242
Cost 167928
Time 557.853
