Route #1: 99 118 133 142 172 171 174 9 5 234 3 269 205 257 153 239 223 185 211 215 260
Route #2: 7 244 243 12 251 252 253 222 225 219 193 189 190 162 163 176 197 214 218 220 200 240
Route #3: 232 236 8 259 11 256 20 10 19 267 203 207 100 245 60 202 195 16 22 21 6 270 242
Route #4: 58 63 24 148 194 191 56 38 51 70 68 83 67 102 117 178 201 248
Route #5: 246 268 126 86 87 57 28 17 263 217 265 139 81 261 2
Route #6: 35 258 42 43 48 101 54 208 154 151 264 104 103 29 4 262 198 50 23 53 122 231
Route #7: 181 149 192 224 14 1 44 247 33 26 55 79 229 135 115 94 88 75 66 30 40 36 34
Route #8: 52 47 73 39 113 37 237 31 221 210 164 196 166 186 64 227 228 41 46 27 127 125
Route #9: 72 76 120 116 124 107 80 90 96 91 74 78 62 61 13 32 45 170 65 266 25
Route #10: 123 111 106 134 145 105 175 173 168 159 183 167 177 161 131 165 150 136 71
Route #11: 98 110 69 156 121 249 255 254 89 95 204 206 93 18 108 119 250 92 15 180
Route #12: 233 213 209 199 216 169 152 128 129 112 114 143 109 146 141 140 138 82 77 85 49
Route #13: 241 230 212 147 157 238 130 144 132 235 226 160 187 188 137 182 184 179 97 84 155 158 59
Cost 98516
Time 258.526
