Route #1: 152 157 326 330 332 192 328 317 147 178 292 212 5 281 130 170 43 153 233 198 289
Route #2: 11 110 65 95 103 206 21 100 185 218 91 278 262 250 248 105 291 229 51 54
Route #3: 150 66 34 93 76 121 60 3 106 221 13 4 124 123 158 184 169 261 146 303 111 134
Route #4: 244 243 194 220 202 269 230 267 264 1 9 8
Route #5: 22 181 116 204 179 28 67 53 79 7 168 298 97 239 237 263 258 307 90 46 108
Route #6: 241 29 109 120 227 306 2 122 154 159 240 163 166 135 63 68 45 201 38 304 77 25 127 190
Route #7: 94 271 280 247 129 78 113 128 52 338 117 32 50 199 132 56 231 207 272 226 296 72
Route #8: 55 279 273 81 107 24 44 275 140 321 18 176 174 175 196 314 315 333 311 219 186 156
Route #9: 139 151 36 64 71 131 83 209 126 33 223 316 277
Route #10: 285 236 290 14 48 138 302 16 118 325 323 322 295 89 88 171 96 6
Route #11: 274 299 10 35 27 245 329 287 61 208 265 224 310 238 136 87 294 293 119 133
Route #12: 313 268 92 23 148 336 324 17 39 15 73 70
Route #13: 266 99 37 30 232 98 84 173 42 182 183 162 188 165 69 125 114 115 319 259 211
Route #14: 102 155 145 19 75 80 104 74 62 57 47 40 270 41 301 26 256 49 85
Route #15: 31 308 257 217 137 286 191 189 203 112 82 101 222 195 197 288 253 161 160 334
Route #16: 242 282 249 337 335 300 260 255 86 193 234 276 200 177 210 144 167 213 284
Route #17: 164 216 225 172 187 58 59 251 12 142 149 318 309 228
Route #18: 305 297 205 143 141 180 214 215 20 252 327 312 283 235 331 320 254 246
Cost 197325
Time 549.691
