Route #1: 341 200 213 157 158 207 224 53 237 219 18 251 250 29 140 25 240 180 83
Route #2: 265 266 182 176 319 168 183 195 247 302 78 85 86 150 184 97 94 134 73 37 5 288 214 110 119
Route #3: 19 179 238 351 21 71 88 35 44 27 172 147 74 280 300 163 254 234 33 352
Route #4: 104 135 177 160 139 169 102 201 52 127 77 101 186 235 38 43 337 59 67 321 51 34 326
Route #5: 148 311 193 313 220 129 22 80 84 117 28 167 188 171 181 111 208 24 31 192 154 138 161
Route #6: 255 229 320 338 91 242 112 130 136 156 342 133 146 261 304 227 347 225 149 301
Route #7: 49 66 202 121 124 106 68 57 252 12 105 137 45 48 115 58 75 79 98 216 92 95 65
Route #8: 243 223 222 187 159 131 189 210 152 120 118 93 141 153 191 173 190 196 197 198 170 270 269 226
Route #9: 278 298 348 64 2 294 7 13 151 164 165 166 314 155 61 116 1 100 99 108 89 107 178 217 109 248 312 114
Route #10: 344 212 211 209 203 218 276 253 275 258 268 263 232 221 228 239 246 23
Route #11: 274 279 287 282 299 11 10 325 316 113 249 244 297 62 293 281 256 332 328 236 262 264
Route #12: 259 289 285 286 283 123 340 125 128 14 17 46 82 47 143 39 30 15 122 132 324 145 309 231 241
Route #13: 9 206 175 350 185 8 162 126 142 40 54 55 245 257 215 233
Route #14: 56 50 32 334 333 323 96 90 76 6 69 60 41 42 345 336 331 20 16 292 291
Route #15: 230 87 260 267 26 272 306 307 317 330 327 343 303 349 284 295 305 310 315 308 277 273 271 290
Route #16: 3 205 144 335 4 346 36 70 63 72 322 353 339 329 174 204 194 318 199 296 103 81
Cost 156155
Time 449.243
