Route #1: 39 251 394 289 287 119 249 222 237 144 367 16 192 432 404 362 103
Route #2: 136 254 214 205 201 188 166 146 129 33 22 62 76 223 207 211 74 165 430 125
Route #3: 181 236 142 121 55 148 259 352 331 274 159 234 424 43 137 127 210 209 99 104 56
Route #4: 257 32 413 363 141 155 101 75 199 124 149 171 204 193 164 170 202 190 151 435
Route #5: 241 123 128 13 25 19 208 383 334 81 73 131 324 258 298 311 44 391 382 250
Route #6: 239 348 231 226 109 47 110 107 270 300 290 175 45 58 48 108 37 200 309
Route #7: 296 312 247 167 304 288 57 145 246 172 91 197 265 150 240 183 2 78 1 115
Route #8: 387 184 276 438 84 36 217 46 7 14 15 301 130 173 395 408 8 232 238 50 18 351
Route #9: 203 17 302 42 384 77 88 94 93 90 92 86 82 72 415
Route #10: 156 10 372 5 414 428 313 271 215 253 410 219 96 248 132 20 213 275 122
Route #11: 405 327 329 407 422 402 433 436 9 67 423 420 392 417 406 397 381 377 375 373 321
Route #12: 49 27 29 35 54 160 51 174 178 60 98 111 102 53 31 30 224 233 244
Route #13: 314 358 335 366 361 344 359 317 315 322 328 360 325 326 336 385 378 376 379 364 365 354 371 306 293 316 310
Route #14: 396 337 338 340 21 52 71 41 388 401 28 409 400 194 357 353 416 411 349 339 356 343 342 443 441 442 297
Route #15: 347 346 319 308 307 323 330 419 418 427 426 34 40 403 398 390 80 69 59 399 24 355 440
Route #16: 168 386 369 187 177 169 176 114 230 295 180 179 393 196 374 182 195 154 370 138
Route #17: 294 291 333 282 318 320 278 285 439 4 3 64 350 277 280 266 267 147 245 135 412 421 429 437 434 389
Route #18: 345 85 332 153 380 126 106 120 11 12 134 118 212 228 89 95 139 105 112 113 116 97 163
Route #19: 66 83 79 255 273 256 143 140 425 100 87 117 70 61 23 252 268 272 63 68 65 341
Route #20: 305 368 220 235 242 431 186 185 157 198 152 38 162 191 189 286 206 225 292 283
Route #21: 216 261 133 158 218 243 263 262 260 303 299 229 227 284 279 264 269 161 26 6 281 221
Cost 201980
Time 1200.26
