Route #1: 88 77 93 83 128 129 102 112 133 160 145 119 143 123 161 19 163 153 179 175 190 180 191 68 189 42 181
Route #2: 65 136 212 200 203 204 206 187 209 192 167 184 135 226 84 146 69 70 100 118 124 73 17
Route #3: 6 154 157 158 198 196 4 236 193 74 21 217 215 221 40 56 57 81 20 23 90 39 41 35 22
Route #4: 58 64 25 36 98 99 24 29 16 228 223 216 211 210 227 229 232 194 195 12 235 186 183 144 134 138
Route #5: 15 231 225 48 49 47 34 137 218 168 152 170 13 32 52 207 60 59
Route #6: 114 53 62 164 151 44 96 31 149 150 148 156 27 51 8 11 9 166 50 234 5 3 224 220
Route #7: 33 213 92 122 109 66 30 199 106 38 37 205 174 219 10 82 76 75 139 171 101 222
Route #8: 86 202 18 165 176 103 45 115 78 182 43 110 104 80 116 125 126 113 105 94 131 111 214 71 208 188
Route #9: 177 1 233 201 147 87 61 172 108 2 91 185 142 7 14 169 132 85 72 230
Route #10: 120 121 95 28 26 89 162 130 141 107 117 140 127 178 173 97 63 46 79 54 55 67 155 159 197
Cost 108591
Time 400.321
