Route #1: 238 406 339 343 102 19 167 53 50 59 110 75 162 160 395 397 270
Route #2: 122 101 382 346 417 413 271 393 320 291 254 255 337 296 275 305 369
Route #3: 99 264 30 316 249 322 274 259 187 306 197 325 161 148 85 52
Route #4: 335 293 330 372 74 366 33 8 248 266 78 402 71 215 387
Route #5: 273 386 217 194 172 32 294 192 87 267 401 400 420 416 189 233 241 285 47
Route #6: 165 154 146 144 116 131 183 289 133 240 105 235 292 212 357 355 351 314 319 334
Route #7: 414 156 206 284 149 155 211 236 245 242 243 153 23 56 312 379 411 280 231 218 60 336 173
Route #8: 341 134 170 226 175 143 132 129 118 107 104 321 127 342 128 113 191 208 326 224 297 223
Route #9: 57 138 94 190 166 73 139 141 86 112 234 93 303 123 34 362 26 28
Route #10: 39 65 350 27 378 377 340 360 358 359 35 15 246 17 257 45 79 403 251 258
Route #11: 151 349 171 409 214 198 200 199 18 247 12 260 225 13 36 232 40 188 44 11 5 24 315
Route #12: 25 158 111 310 119 98 66 298 277 331 20 29 384 216 150 9 220 195 14
Route #13: 329 373 279 352 106 344 252 265 64 163 126 309 307 37 276 117 221 408 196 180 169 244 313
Route #14: 227 70 136 318 137 125 261 184 124 412 404 405 392 58 185 77 354 2 178 295 371
Route #15: 347 63 394 287 301 286 256 290 262 181 152 46 54 84 135 204 3 304
Route #16: 361 193 202 22 300 323 311 410 147 324 38 272 268 230 356 308 376 83
Route #17: 332 327 176 263 389 120 68 115 364 370 69 157 415 399 407 41 182 203
Route #18: 213 237 345 269 317 381 10 282 62 100 333 142 164 367 374 140 4 288 328 201 130
Route #19: 72 385 250 391 145 390 21 278 210 283 81 375
Route #20: 174 97 109 108 82 418 353 205 159 177 76 103 239 67 92 6 365 51 299 228 396 383
Route #21: 209 31 7 207 253 281 229 219 61 80 114 363 186 338 419 388 1 95 179 49 168
Route #22: 121 302 48 348 43 368 16 222 90 91 88 89 96 42 380 55 398
Cost 218841
Time 1407.69
