Route #1: 222 168 148 145 142 227 176 204 154 206 226 129 165 175 170 112 103 104 106 110 189 190 248 246 70
Route #2: 245 132 134 299 293 139 153 152 136 205 141 178 172 118 215 159 173 87 84 77 1 107 62 283 67 181 179
Route #3: 269 223 99 208 198 57 56 164 73 82 131 111 115 157 184 98 183 200 105 225 81 92 253 109 209 230 236 254 260
Route #4: 224 211 186 195 322 197 174 171 47 49 102 20 55 61 60 220 54 53 298 314 10 327
Route #5: 235 247 259 268 285 287 96 11 274 9 21 26 304 30 288 276 320 270 266 271 275 324 7 279 267 263
Route #6: 138 71 318 80 273 313 69 319 64 52 46 41 127 125 95 119 100 122 301 308 135 239 133
Route #7: 75 228 312 185 294 277 265 261 257 252 258 256 244 249 238 219 216 221 123 58 28 4
Route #8: 242 241 311 130 151 32 89 5 45 59 302 297 296 295 280 284 290 250 90 264 251
Route #9: 16 255 272 286 303 68 24 13 39 191 93 289 291 292 97 74 76 316 38 317 12 321 315 167 19 17
Route #10: 326 281 188 307 14 31 48 51 214 232 231 120 50 40 78 243 29 3 15 2 65 25 43
Route #11: 79 202 203 166 182 217 201 144 143 149 199 23 278 108 310 262 325 305 282 33 6
Route #12: 91 137 180 72 101 113 117 210 146 196 44 66 63 207 234 121 116 150
Route #13: 328 323 147 161 163 229 160 192 140 128 212 94 126 27 114 86 306 36 42 37 8 233 22 187 194 300
Route #14: 124 218 193 213 34 18 85 88 35 155 177 158 156 162 240 169 309 83 237
Cost 147754
Time 920.792
