Route #1: 41 313 80 9 2 16 117 112 72 101 43 274 110 130 182 205 276 294 305
Route #2: 15 59 394 8 13 448 417 194 108 439 215 28 88 278 137 307 244 172 259
Route #3: 346 224 198 92 102 141 53 167 169 270 290 418 168 145 111 185 128 129 202 142 126 436 249 286
Route #4: 183 138 273 209 210 219 225 49 115 98 105 34 229 226 207 186 262 216 345 214 257 77 160 109
Route #5: 351 347 434 240 196 454 450 218 32 398 228 208 277 267 165
Route #6: 266 263 295 125 190 176 161 146 147 254 131 181 164 175 217 304 232 188 204 184 143 154 155 197 212 268 287 52
Route #7: 178 195 58 66 211 378 76 84 238 264 279 283 153 261 236 221 189 97 134 220 265
Route #8: 357 316 308 163 272 149 148 121 223 95 93 151 135 133 156 132 96 3 4 83 75 230
Route #9: 47 177 44 91 150 157 158 166 275 193 199 206 271 282 285 174 170 343 140 377 122 119 116
Route #10: 260 431 291 452 303 336 106 297 388 440 179 421 375 213 203 367 406 200 162 397 180 171 379
Route #11: 231 234 235 237 252 251 258 288 310 296 423 325 420 353 437 429 426 381 362 447 322 327
Route #12: 384 443 453 12 25 370 26 136 352 342 359 11 354 344 451 337 338 6 21 324 430 413 253 247 302
Route #13: 1 281 309 306 298 333 323 340 318 339 365 358 369 372 363 331 389 404 407 319 320 371
Route #14: 104 124 317 315 349 355 321 403 329 334 385 383 332 330 328 314 312 301 100 311 191 245
Route #15: 54 390 30 31 409 33 424 444 427 45 410 55 73 408 405 46 392 29 416 414 65 419 412 60 64 67 79 85
Route #16: 455 222 341 399 373 364 361 360 393 391 396 411 442 422 22 425 415 432 441 382 348 368 159 350
Route #17: 71 103 17 81 61 40 35 48 57 82 449 7 19 10 23 63 107 20 387 89 74 335
Route #18: 36 38 68 50 243 280 299 70 239 300 227 380 293 69 246 192 56 173 37 51 5 24 18 14
Route #19: 356 374 400 395 435 445 446 433 86 87 90 94 428 376 289 42 78 62 269 242 386 120 144 114
Route #20: 201 233 123 39 255 248 241 187 401 402 139 250 99 152 326 366 438 27 284 292 118 256 127 113
Cost 192680
Time 1122.97
