Route #1: 319 350 22 346 26 76 10 348 29 359 34 28 344 329 325 272
Route #2: 333 355 342 352 331 330 358 338 9 13 16 19 24 280 261 61 88 306 7 106 18 4
Route #3: 341 343 353 312 354 268 265 248 234 221 189 3 190 269 242 235 107 5 278 297
Route #4: 285 295 288 294 266 320 252 324 249 267 264 258 246 336 317 311 334
Route #5: 291 277 17 11 153 102 101 8 98 176 12 236 347 263 270 15 290 316 318
Route #6: 247 273 193 274 240 223 232 230 254 271 276 260 226 218 225 286 243 308
Route #7: 360 357 2 214 213 192 212 310 304 215 197 345 339 136 154 142 105 144 340
Route #8: 227 166 228 178 206 202 203 216 229 209 208 205 245 255 211 185 181 173 174 172 164 129
Route #9: 158 155 239 132 282 281 293 305 138 314 299 126 283 250 207 143 201 150 130
Route #10: 127 195 182 167 224 152 244 256 259 139 149 103 104 198 110 160 94 113 125
Route #11: 349 62 95 119 122 116 115 100 111 188 200 145 148 183 194 186 191 199 53
Route #12: 301 313 72 69 82 118 97 96 146 165 159 141 157 147 163 161 79 120 92 91 70 20
Route #13: 257 279 140 177 58 52 219 238 262 43 322 323 60 45 287 42 30 204 356 321 237 309
Route #14: 187 32 48 54 40 65 51 67 33 315 37 38 123 59 89 47 63 68 57 49 35 36
Route #15: 175 332 289 302 298 241 222 337 109 108 292 1 253 180 90 168 21 84 56 14 75 133
Route #16: 78 335 124 114 99 275 83 112 121 46 50 55 162 41 25 117 71 73 210 251 284 351
Route #17: 85 86 80 131 135 31 27 128 171 233 303 39 134 179 220 307 296 328 327
Route #18: 77 169 6 196 217 231 326 44 23 184 156 66 93 87 151 81 74 64 137 170 300
Cost 128402
Time 867.316
