Route #1: 127 51 251 159 180 296 247 271 297 63 97 59 47 245 60
Route #2: 26 27 311 237 140 41 90 157 150 248 50 309 293 307 158 99 118 110 239 260
Route #3: 19 221 135 37 199 117 116 176 12 13 255 326 303 155 33 78 208 81 196 125
Route #4: 259 119 1 4 58 280 34 258 228 40 267 331 7 170
Route #5: 235 56 193 314 215 89 186 115 142 318 335 283 194 171 210 230 28 22 101
Route #6: 329 243 10 183 147 227 146 310 166 214 192 52 134 289 284 162 233 151 138 269 73
Route #7: 301 3 287 169 313 232 128 62 273 98 225 123 179 288 91 14 100
Route #8: 290 44 178 220 222 209 189 139 325 31 141 67 66 103 69 104
Route #9: 93 82 133 74 323 68 217 322 92 264 131 216
Route #10: 24 207 229 234 315 36 223 202 304 129 294 96 107
Route #11: 76 246 330 121 156 70 148 149 316 87 240 108 327 79 42 250 191
Route #12: 17 137 177 300 154 278 224 266 55 274 163 165 203 83
Route #13: 206 112 195 145 75 30 106 174 15 305 35 113 256 292
Route #14: 39 6 126 29 160 144 218 88 172 9
Route #15: 11 38 184 164 54 124 130 261 153 188 72 64 80 86 328
Route #16: 120 231 244 190 45 49 84 198 201 253 173 257 111 43 205 219
Route #17: 122 136 2 105 167 8 32 320 262 302 321 114 308 252
Route #18: 312 102 332 282 275 238 226 279 182 286 61 242 48 23
Route #19: 299 281 65 241 291 57 5 263 265 16 200 276 277 333 71 319 317
Route #20: 18 161 168 77 21 185 20 298 109 53 285 268 95 211 187 213 25 272 197 152 324 295
Route #21: 212 181 132 204 175 236 85 143 306 270 94 46 249 254 334
Cost 218494
Time 318.98
