Route #1: 191 93 211 208 23 106 108 107 76 72 92 145 56 59 20 123 15 25 114
Route #2: 220 71 86 84 100 102 118 218 90 41 8 101 16 91 105 36 212 190 50
Route #3: 45 32 111 177 115 132 126 112 30 38 55 62 73 127 78 161 66 47 52 46
Route #4: 1 219 74 28 104 63 57 77 81 143 131 166 216 136 96 68 49 133 128 121 60
Route #5: 134 129 65 82 95 54 35 80 125 2 70 69 29 183 192 14 34 12
Route #6: 119 171 103 130 19 140 189 51 138 168 4 43 21 155 122 141 58 109
Route #7: 165 182 7 40 6 193 42 44 206 214 213 39 17 203 209 205 210 204 202 195
Route #8: 196 197 3 37 9 22 24 26 27 31 10 75 67 48 53 201 18 13 11 221
Route #9: 199 116 172 217 97 64 87 159 152 135 158 154 185 187 179 148 150 142 137 186 200
Route #10: 33 157 156 173 194 85 176 175 174 79 180 181 83 88 94 89 178 151 153 163 167 164
Route #11: 124 170 160 149 146 139 144 198 147 188 184 162 5 222 215 207 169 113 120 110 98 99 61 117
Cost 110834
Time 221.942
