Route #1: 130 404 143 138 247 241 1 305 107
Route #2: 454 209 409 447 98 330 97 488 206 142 19 329 236 406 272 284 212 187 301 232 486 220
Route #3: 20 505 277 514 285 227 180 431 333 311 200 43 356 211 179 477 37 14 238 224 196 83
Route #4: 96 335 397 229 341 338 433 169 332 474 225 89 298 450 513 17 161 240 400 165 79 453
Route #5: 44 219 39 465 308 77 467 291 204 279 182 137 471 506 121 345 208 462 435 374 418
Route #6: 502 131 115 342 136 113 302 156 214 412 85 326 116 133 139 426 303 510 267 235 127 210
Route #7: 264 512 395 408 339 386 4 217 497 5 242 425 316 472 106 371 109 294 424 70
Route #8: 437 483 275 346 68 439 38 495 257 144 399 385 379 221 321 120 205 148
Route #9: 475 25 443 456 178 172 123 259 452 75 7 451 170 292 203 64 382 366 363 215 2
Route #10: 306 499 135 470 72 86 286 36 175 288 320 280 498 157 42 176 153 81 160 145
Route #11: 56 334 436 152 459 396 444 419 312 3 401 468 351 504 249 448 190 407 478 105 368 317 239
Route #12: 265 289 463 274 430 30 423 61 167 256 22 387 511 273 114
Route #13: 427 343 336 440 146 340 31 350 111 446 117 322 119 391 493 32
Route #14: 460 124 432 9 428 449 73 233 349 367 376 509 110 103 494 122 34 319 377 126 213 102
Route #15: 24 58 67 390 41 141 29 500 384 40 290 48 283 101 181 159 361 92 251 54 375
Route #16: 173 231 250 492 168 466 74 82 381 383 315 348 174 438 183 248 189 228
Route #17: 369 28 171 149 100 324 194 482 23 420 417 243 480 11 27 310 269 166 93 8 246
Route #18: 296 328 62 128 491 188 18 59 13 403 260 201 281 207 202 49 331 258 226 155
Route #19: 55 47 434 162 314 245 12 282 318 52 469 508 33 415 46 164 262 445 394 327 365 364
Route #20: 66 263 389 276 218 51 360 252 485 177 411 222 313 154 16 195 503 393 163
Route #21: 490 57 184 410 295 455 402 140 496 441 185 304 95 63 484 309 299 357 392 358
Route #22: 35 65 501 278 388 473 6 193 84 244 266 234 230 378 479 476 87 69 253 26 458
Route #23: 104 422 442 323 287 192 353 80 21 108 344 255 151 223 268 125 347 270 359 129 88
Route #24: 216 429 199 158 457 416 191 198 405 147 398 362 60 380 355 337 489 134 307 254 237
Route #25: 94 78 76 481 325 413 373 354 71 507 297 293 118 461 50 186 10 464 370 90 352
Route #26: 45 53 300 99 271 150 132 15 91 414 197 261 487 372 421 112
Cost 295500
Time 838.667
