Route #1: 167 168 194 161 162 130 206 230 255 83 253 243 7 84 28 222 56 111 66 88 86 41 250
Route #2: 54 106 144 203 235 207 191 186 25 223 62 174 153 240 46 114 254 249 13 6 57 192 105 123
Route #3: 64 115 173 242 226 233 252 208 122 110 248 217 228 190 96 137 70 184 241 109 118 159 133 9 209 239
Route #4: 67 211 158 79 204 76 136 77 78 189 179 132 185 34 48 47 197 107 157 156 188 237 145 151
Route #5: 85 234 229 219 218 224 166 160 141 199 165 175 169 148 139 221 198 220
Route #6: 247 216 155 120 232 205 214 29 36 143 201 125 117 131 129 212 164 51 181 26 103 124 100 52 93 104
Route #7: 42 154 176 172 31 258 49 1 213 18 238 35 178 24 225 116 152 50 33 127 134 170 171 227
Route #8: 43 17 19 150 138 210 98 99 44 91 101 163 147 30 177 15 12 11 71 195 95
Route #9: 244 183 202 149 72 245 89 53 60 55 81 126
Route #10: 92 90 82 73 75 74 63 80 32 59 61 58 45 231 256 40 3 2 21 38 180 236
Route #11: 257 39 22 23 142 20 5 4 182 128 246 259 196 200 69 94 102 27 113 112 14 87
Route #12: 97 108 65 68 37 10 187 215 251 8 16 135 146 121 119 140 193
Cost 88336
Time 612.854
