Route #1: 279 162 1 204 218 213 10 158 104 94 118
Route #2: 150 175 234 235 102 30 309 255 78 136 87 219 36 45
Route #3: 245 183 38 231 163 129 53 35 5 209 206 74 144 138 184 161 22 80
Route #4: 73 199 16 70 207 62 173 256 127 124 176 56 202 268 149 210 115 164 13 12 142
Route #5: 81 177 307 139 134 195 83 290 233 71 69 227 251 247
Route #6: 238 54 185 296 119 137 191 254 121 77 226 246 107 216 222 17 284 240 266 282 117
Route #7: 250 51 273 287 65 97 182 39 63 24 244 261 189 160
Route #8: 28 172 221 34 91 79 109 2 19 228 125 9 174 263 18 31 187 113 89 300 155 122 6 15 217
Route #9: 135 130 156 41 110 44 236 283 143 105 223 257 276 196 229 66
Route #10: 112 32 281 272 305 293 33 100 92 99 37 29 145 220 116 271 304 60
Route #11: 264 181 170 4 3 294 215 133 48 269 23 280 64 205 301 85 86 242 40 186 275 241 96 88
Route #12: 179 274 178 197 52 270 267 288 239 58 108 203 225 265 297 50 49 230 188 237 306 84 43 132 278 232
Route #13: 98 212 157 67 258 192 224 167 8 95 146 7 165 285 249 200 151 169 168 208 153 111
Route #14: 190 308 154 75 291 72 106 277 46 252 57 114 90 123 103 101 82 286 131 141 295
Route #15: 248 289 140 59 302 193 166 76 171 152 180 20 259 292 55 11 120 299 93 211 159 126 42
Route #16: 14 27 128 198 61 201 21 148 298 147 303 262 47 260 68 214 243 253 194 26 25
Cost 176797
Time 259.427
