Route #1: 166 232 22 131 132 184 222 153 135 113 109 90 6 99 101 123 108 103 97 66 21 245 40 162
Route #2: 150 148 31 129 43 32 15 14 71 3 65 157 89 164 152 112 88 83 61 58 44 39 161
Route #3: 193 168 84 151 67 50 1 134 82 80 165 37 34 142 243 146 147 120 2 170 181 167
Route #4: 229 158 140 133 118 102 91 86 85 185 202 244 241 5 12 9 247 226 187 87 47
Route #5: 27 62 201 126 128 189 115 160 212 216 104 110 224 121 213 219 119 194 207 53 41 33 38 35 29
Route #6: 178 188 197 205 210 13 246 209 200 236 220 215 211 20 18 183 171 172 159 156 145 136
Route #7: 196 195 238 16 17 68 26 25 23 36 206 93 96 75 73 240 8 227 231 218 203
Route #8: 214 106 69 179 192 217 114 76 137 176 64 180 49 42 111 122 30 173 78 77
Route #9: 190 198 221 242 235 51 55 63 60 230 98 174 125 117 28 130 175 163 107 19 46 59
Route #10: 81 177 149 45 94 74 105 57 70 92 54 7 11 182 144 204 154 228 24 4 239 237 199
Route #11: 225 143 138 139 95 169 186 141 52 56 116 223 124 48 127 100 72 233 10 155 191 79 208 234
Cost 123116
Time 224.662
