Route #1: 21 71 57 148 102 1 94 54 59 60 62 61 64 56 72 93 2 145 87 86 51 173
Route #2: 223 280 241 242 23 27 42 265 269 255 254 83 251 89 165 182 174 9 8 219
Route #3: 38 189 211 205 225 245 244 248 258 221 290 220 289 163 257 106 110 188 169 168 187
Route #4: 208 198 192 262 268 214 212 228 229 233 273 250 217 216 236 237 238 213 226 246 99 210
Route #5: 77 235 252 195 196 117 124 115 218 203 186 206 13 270 180 82 288 153 176 144 74
Route #6: 85 227 249 266 66 65 73 31 11 277 283 282 281 256 103 172 55 231 215 200 154 25
Route #7: 132 171 138 284 164 143 118 240 10 139 193 230 271 35 185 45 179 197 159 114 125 136 158
Route #8: 95 76 207 202 90 137 204 161 48 53 260 267 52 155 279 276 263 24 264 47 46
Route #9: 278 157 156 151 178 5 34 29 39 79 181 33 107 272 253 146 152 6 37 22 12 275
Route #10: 15 113 111 104 98 166 28 120 123 167 105 80 147 92 247 149 112 142 101 36 41
Route #11: 134 191 131 49 30 126 119 122 68 170 17 140 121 116 201 199 3 7 26 150 40
Route #12: 261 18 63 133 96 175 67 239 108 291 259 135 128 100 32 141
Route #13: 50 58 20 129 224 184 209 243 4 130 274 234 81 78 91 75 84 97 286 88 285 194 292
Route #14: 160 162 222 232 190 70 16 19 43 287 177 183 127 69 14 44 109
Cost 144016
Time 501.032
