Route #1: 266 227 207 267 201 209 218 145 159 176 191 221 234 238 217 304 12 290 83 82 74 3 312 21
Route #2: 305 320 318 57 272 64 281 101 279 242 211 84 100 414 103 147 163 114 117 185 128 187 161 106 86 66 246 420
Route #3: 75 79 96 415 91 162 1 165 126 127 212 129 154 153 152 148 151 260 171 158 155 149 287 97 76
Route #4: 259 181 200 228 240 405 251 241 230 180 319 314 289 295 328 315 311 402 410 271 239 247 275 292
Route #5: 306 277 11 198 192 202 379 383 210 206 367 204 203 215 355 270 293 178 160 362 363 382 122
Route #6: 296 302 300 331 299 426 321 343 347 353 349 283 42 43 67 78 62 61 65 23 345 14 429 427 341 342 329
Route #7: 346 368 361 113 15 125 397 374 183 377 424 175 174 34 118 17 70
Route #8: 340 6 16 60 59 69 391 85 396 389 33 19 338 354 325 322 310 327 313 257 231 371 197 190
Route #9: 365 2 301 137 324 316 352 222 407 412 401 404 8 400 393 388 385 348 409 406 370 373 344 366 337 360
Route #10: 323 350 380 398 418 421 56 52 63 87 411 408 93 376 49 55 45 47 71 88 375 334
Route #11: 135 28 112 31 423 48 282 261 422 20 26 13 399 395 387 403 357 308 37 44 254 40 428
Route #12: 417 297 369 256 381 77 269 25 5 332 229 232 243 276 248 30 223 224 416 225 119
Route #13: 94 430 7 99 108 130 50 235 233 284 143 196 184 173 330 10 24 38 298 268 273
Route #14: 35 138 280 390 9 54 172 278 274 168 115 121 89 53 81 378 104 105 392 51 386
Route #15: 188 255 288 41 29 150 333 425 80 72 58 46 107 245 141 252 336 166
Route #16: 182 394 22 286 109 140 285 116 146 134 186 250 303 157 95 214 219 193 170 111 98 132
Route #17: 102 335 236 205 169 4 32 249 179 265 216 92 253 264 144 142 90 177 36 326 133
Route #18: 73 164 189 317 262 237 263 136 167 68 213 226 131 39 220 356 194 195 351 208 120 124 139 413
Route #19: 364 384 294 359 244 27 358 372 123 110 156 291 309 18 339 419 199 258 307
Cost 187262
Time 800.863
