Route #1: 285 107 41 122 202 169 226 77 248 124 204 211 215 195 102
Route #2: 162 84 2 262 128 300 4 177 49 198 203 35 142 152 141 239 185 297 89
Route #3: 158 255 213 37 5 30 281 117 294 246 138 27 31
Route #4: 20 44 193 86 108 173 55 66 120 280 243 311 183 322
Route #5: 214 14 290 291 258 52 114 57 75 220 310 65 23 131 153 231 54
Route #6: 276 174 296 18 13 70 165 329 133 234 309 230 223 257 259 318 293 242 229 157 328 33
Route #7: 76 278 317 181 7 36 34 275 260 103 172 303 190 272 140 39 22 148 176 279 28
Route #8: 115 81 191 268 256 218 104 194 15 58 267 305 208 67 244 212 126 121 74 182
Route #9: 127 271 222 79 307 319 235 189 170 264 209 325 45 167 46 216 146 129 64 160 304 112
Route #10: 327 144 29 217 80 274 87 47 324 111 53 233 48 71 97 3 313 168 151 197 205 90
Route #11: 301 6 32 232 106 314 206 252 51 25 99 72 163
Route #12: 16 201 100 24 282 219 63 110 19 221 92 178 288 150 164
Route #13: 249 136 245 277 94 188 284 96 109 17 251 312 61 125 116 105 134 130 135 1
Route #14: 187 316 298 59 154 85 321 42 50 139 155 10 26 323
Route #15: 263 119 227 95 11 254 180 295 62 186 265 326 228 236
Route #16: 299 68 40 159 21 210 266 145 149 9 98 179 199 200 241 175 269 137 302
Route #17: 12 192 224 123 161 283 225 289 38 88 286 113 166 207 60 240 315 69
Route #18: 82 93 237 43 270 83 147 132 184 143 101 171 91 306 287 118 8 196
Route #19: 261 247 253 292 308 78 73 156 250 238 273 320 56
Cost 226953
Time 371.976
