Route #1: 234 200 90 220 149 8 7 274 183 23 81 34 131 141 2 91 37
Route #2: 265 254 217 143 282 21 150 124 138 286 114 17 123 213 112
Route #3: 157 151 260 60 88 76 115 46 169 56 117 120 212 78 65 146 66 35 142 160 296
Route #4: 144 195 77 106 275 173 62 59 31 175 72 210 294 108 247 75 293 226 193 70
Route #5: 130 45 206 107 197 118 6 33 203 201 29 27 266 174 298 214 136 51 116
Route #6: 269 185 230 53 49 198 168 69 96 50 153 248 264 127 244 74 243 40 297
Route #7: 241 26 109 58 15 71 154 52 204 236 16 83 132 104 276 122
Route #8: 57 237 235 126 216 18 67 250 111 257 223 178 273 145 222 82 300 184
Route #9: 224 164 290 101 271 238 291 80 256 179 289 30 225 228 287 119 188 187 181
Route #10: 163 99 152 249 28 253 270 68 196 63 129 92 135 176 207
Route #11: 209 14 231 281 186 5 134 165 278 9 95 32 190 208 20 191 245 140 61 242
Route #12: 12 233 194 261 128 98 25 110 103 86 47 48 299 85 284 263 246 189 139 89 221
Route #13: 13 280 100 166 283 148 205 180 87 79 43 73 277 258 137 262 3 113 301 42 125 167
Route #14: 215 240 159 272 227 218 133 4 10 199 292 202 36 259 177 229 279 211 55 251
Route #15: 239 1 158 11 93 44 41 232 38 219 267 22 255 19 97 170 147 105 121 162 172
Route #16: 161 171 94 268 155 182 24 156 54 285 288 295 84 64 39 102 252 192
Cost 210204
Time 221.003
