Route #1: 314 129 152 60 102 148 28 330 121 315 256 209 215 22 224 92 33 265 113 134
Route #2: 130 305 280 76 185 161 286 80 35 168 122 61 216 169 233 202 189 64 187
Route #3: 142 103 62 104 319 5 10 295 174 111 84 66 98 116 283
Route #4: 237 200 225 201 285 243 68 306 157 180 223 195 88 211 12 226 279 252 85 343
Route #5: 15 70 299 261 271 259 123 128 289 150 254 218 46 139 229 217 262 71 4 175 333
Route #6: 284 335 204 338 105 7 97 268 155 327 14 42 83 37 312 251
Route #7: 313 8 246 311 81 43 332 23 275 300 342 214 2 3 331 250
Route #8: 282 255 193 149 242 154 126 176 106 253 101 298 55 58
Route #9: 334 260 270 337 162 133 38 109 115 179 90 213 29
Route #10: 188 25 147 297 341 304 19 208 18 110 303 170 125
Route #11: 17 51 318 137 138 36 65 199 50 291 49 131 276 323
Route #12: 205 264 322 74 13 247 263 78 34 39 11 73 75 153 156 222 67 325
Route #13: 167 281 309 293 124 114 172 171 141 320 272 127 31 227 266 340
Route #14: 245 159 249 231 54 119 40 190 77 326 203 329 47 151 79 308 165 32 296 21
Route #15: 16 258 86 91 278 177 220 136 324 316 244 186 41 93 198 339 6 59
Route #16: 307 290 63 120 26 241 135 112 206 44 57 239 274 197 257 95 310 144 118 267 89 273
Route #17: 238 236 230 48 210 145 234 317 30 248 232 1 69 321 107 183 221
Route #18: 45 219 182 181 72 288 143 27 194 301 94 24 344 228 96 212 178 240 173
Route #19: 9 166 108 158 328 52 207 100 99 184 191 292 132 87 287
Route #20: 164 235 336 146 56 117 20 277 140 269 196 82 294 160 53 192 302 163
Cost 257200
Time 417.507
