Route #1: 184 58 233 164 173 174 20 143 140 133 25 154 110 236 101 84 93 88 160 37 50
Route #2: 141 127 104 113 77 78 186 228 10 234 142 224 87 82 81 61 74 122 221 21 22 73
Route #3: 179 208 89 13 70 66 69 85 175 30 168 144 176 16 191 90 24 67 135 189 190 193 205 229
Route #4: 153 152 129 40 41 195 97 2 68 180 232 207 55 119 206 212 213 103 106 204 209
Route #5: 194 201 91 162 108 226 116 109 4 218 150 165 59 31 15 94 120 121 181 215 44 96 166 170
Route #6: 182 157 155 145 128 124 125 107 151 63 219 203 216 211 210 217 158 159 149 147 148 225
Route #7: 79 196 177 134 138 163 136 112 1 18 178 146 167 5 29 52 60 161 64 187 171 199 200
Route #8: 185 83 137 65 172 202 192 230 56 214 75 45 86 26 6 98 227 183 19 117 100 105 102
Route #9: 46 223 126 131 198 222 197 188 220 28 132 139 36 49 231 42 57 12 8 38 39 118
Route #10: 11 95 33 32 235 111 114 115 123 156 71 53 23 27 17 237
Route #11: 7 9 14 51 76 48 47 62 80 99 92 43 72 54 35 169 3 34 239 130 238
Cost 84066
Time 1089.72
