Route #1: 19 65 80 460 214 472 477 245 288 382 471 405 37 423 278 5 449 177 448 221 107 136 50
Route #2: 116 162 163 211 248 209 198 170 242 233 46 251 250 259 315 310 193 188 145 154 138 8
Route #3: 82 256 57 102 34 291 238 22 27 91 131 270 101 69 111 257 389 258 191 323 168
Route #4: 247 218 280 348 374 62 117 217 128 152 166 210 158 207 223 178 206 204 190 194 249 175
Route #5: 359 130 340 373 306 297 332 345 393 42 390 197 215 331 230 95 246 261 295 341 343
Route #6: 466 442 475 21 155 143 56 304 243 200 192 328 305 129 135 11 119 453 105 430 9
Route #7: 58 52 227 299 269 54 77 450 23 73 156 120 157 74 47 268 15 4 12 14 3
Route #8: 292 132 121 271 127 51 219 322 282 239 415 164 302 254 420 262 26 30 64 161 179 134 201
Route #9: 263 414 106 88 252 237 462 43 110 350 351 354 335 376 380 409 365 362 360 353 433
Route #10: 72 76 83 126 137 13 148 59 79 213 61 98 96 97 99 93 437 467 463 35 39 41 38 40 28 355
Route #11: 7 133 45 427 118 363 342 344 402 416 396 391 385 397 400 399 425 419 421 426 381 176
Route #12: 358 356 383 418 395 413 424 411 417 451 20 439 429 441 444 443 29 49 66 71 422 86 89
Route #13: 10 17 398 312 432 428 36 438 32 31 436 435 407 379 469 375 16 18 392 384 25 470 458 445 401 333
Route #14: 387 169 459 455 202 403 231 412 447 446 457 196 461 465 172 171 146 144 125 24 122 60 90 53 33
Route #15: 347 357 349 378 377 361 406 364 366 434 440 330 371 301 324 319 307 275 273 266 336 260 329
Route #16: 370 367 123 149 147 286 281 284 334 165 195 235 244 410 225 456 226 452 454 205 181 327
Route #17: 464 473 369 476 474 478 372 386 388 48 431 404 75 63 279 67 199 68 267 55 92 100 87 81
Route #18: 240 277 337 294 296 311 1 313 318 468 94 368 394 408 153 141 150 185 113 103 85 298 309
Route #19: 272 78 174 186 293 308 320 317 229 314 216 44 224 228 326 339 232 346 222 220 236
Route #20: 352 338 84 255 109 104 6 115 124 108 142 139 208 2 114 112 140 212 253 285 287 173 160
Route #21: 316 321 300 276 274 290 289 159 187 325 151 265 70 182 241 234 189 183 203 283 167 184 264 180 303
Cost 200304
Time 1832.85
