Route #1: 492 81 45 149 344 380 373 632 90 394 178 1 677 296 112 113 655 559 471 307 543 375
Route #2: 550 97 491 77 332 321 548 460 521 510 603 358 509 128 620 52 263 329 170
Route #3: 504 282 304 651 661 31 37 57 353 253 320 623 3 583 581 477 251 119 301 70 493 157 53
Route #4: 62 268 191 252 65 604 116 458 190 182 80 612
Route #5: 130 35 58 594 561 498 580 565 683 150 34 367 402 212 348 383 247 294 374 233 147 210 544
Route #6: 511 480 384 608 593 600 605 571 286 55 144 78 315 432 169 654 177 490 668 597 341 42
Route #7: 124 645 8 254 120 278 356 241 599 260 636 582 678 642 676 176 579 551 526 179 242 396 633 155 361
Route #8: 466 686 652 160 536 630 641 447 577 2 60 410 405 681 71 534 392 335 99
Route #9: 606 27 574 172 187 14 357 67 538 584 426 372 624 464 415 673 207 216 322 227 525 411 331 481
Route #10: 104 554 462 340 685 563 235 232 15 465 300 64 87 473 94 163 614 631 469 590 640
Route #11: 585 86 628 289 537 298 236 660 323 333 16 486 664 336 352 61 313 68 378 527 377 38 401 674
Route #12: 245 484 158 508 516 129 334 188 284 530 418 318 48 202 76 362 435 122 287
Route #13: 414 39 162 434 622 325 89 497 397 266 483 515 12 46 572 419 576 485 264 250 137
Route #14: 430 173 326 40 255 75 206 209 643 161 578 312 390 524 13 208 4 257 482 110 186 421 203
Route #15: 193 59 404 295 330 436 135 368 131 359 74 528 328 256 308 221 569 350 152
Route #16: 639 66 134 680 248 363 438 393 474 545 503 314 463 343 398 529 220 682 445 259 627
Route #17: 626 439 560 391 299 270 573 238 167 311 303 453 659 342 619 229 658 204 360 51 36 293 154
Route #18: 489 667 376 611 274 417 562 339 506 635 570 47 399 346 416 25 406
Route #19: 6 442 472 459 153 230 412 9 54 501 143 151 607 107 455 127 214 371
Route #20: 63 33 403 586 92 364 589 532 44 444 413 687 502 30 100 225 217
Route #21: 82 388 196 246 663 596 338 420 533 234 662 219 240 517 518 688 10
Route #22: 649 496 625 351 20 95 354 309 389 446 7 269 21 93 239 72 11 365 200
Route #23: 297 337 467 650 408 475 647 349 183 452 513 277 621 609 156 223 449 140 566 549 487 424 591 507
Route #24: 181 192 237 675 22 201 271 17 121 118 564 146 470 671 499 457 123 429 108 567 425 171 553 535
Route #25: 159 194 306 5 276 666 638 165 345 310 382 520 505 49 189 258 656 290 138 546
Route #26: 174 443 126 587 653 369 168 440 547 568 616 423 280 523 224 145 552 684 69 431 111 602 370 185 28 50 657 324 387
Route #27: 243 669 133 317 541 665 265 588 23 575 180 291 327 272 634 617 43 558 542 400 226 539 451
Route #28: 41 24 409 427 441 648 215 428 454 347 96 142 285 205 456 231 670
Route #29: 73 56 197 494 319 275 26 610 316 101 83 672 198 136 166 618 386 91
Route #30: 385 646 175 629 88 105 19 262 106 199 222 29 85 615 84 244 433 125 479 644 637
Route #31: 117 283 302 540 32 592 488 381 461 519 395 450 102 103 613 366 288 407 184 114 79
Route #32: 448 281 141 228 437 132 468 379 218 98 164 305 195 115 213 679 355 148
Route #33: 531 279 261 139 273 601 557 514 476 522 267 478 555 109 292 500 512 556 18 495 422 598 211 249 595
Cost 346408
Time 1209.66
