Route #1: 311 289 297 21 35 25 310 13 15 24 269 251 264 285 283 276
Route #2: 212 4 78 9 17 34 36 305 302 7 6 292 288
Route #3: 166 215 206 203 204 214 235 260 265 256 195 199 154 209 223 197 50
Route #4: 252 242 237 233 281 177 11 12 5 8 10 268 232 236 226 227 306 243 312
Route #5: 309 238 213 218 18 161 167 175 16 97 37 248 23 183 19 244 234 14
Route #6: 282 304 296 278 303 240 228 274 188 189 152 258 267 128 101 139 192 198 185
Route #7: 157 169 194 172 221 180 263 187 150 225 170 171 176 184 220 205 253
Route #8: 291 249 259 266 116 120 121 110 275 279 298 59 290 90 98 126 313 165 217
Route #9: 130 174 178 144 222 224 91 239 229 136 179 182 191 133 141 129 108 92
Route #10: 32 51 113 62 93 151 96 100 193 210 207 140 156 168 159 145 127 84 147
Route #11: 89 273 287 26 88 106 76 131 148 155 160 118 115 94 117 95 61 68 67 75 86 22 73
Route #12: 186 245 69 270 293 196 200 181 30 250 122 43 111 58 45 42 41 53 56 81 83
Route #13: 40 72 202 103 211 254 294 301 277 149 262 230 55 299 219 284
Route #14: 272 124 104 52 307 64 66 1 27 39 308 173 190 163 246
Route #15: 71 247 99 105 28 146 44 31 63 119 54 143 57 125 49 280 208 255 112 123
Route #16: 79 153 300 261 138 137 162 29 241 271 47 102 257 74 70 201 3
Route #17: 231 135 134 295 60 80 109 142 216 2 33 38 164 158 48 85 82 77 46
Route #18: 107 114 20 132 65 87 286
Cost 140543
Time 407.721
