Route #1: 243 14 12 95 27 17 251 266 241 34 16 21 272 30 267 13 269 262 257 206
Route #2: 202 205 94 7 164 190 22 9 81 57 58 210 224 24 26 18 271 219 220 240 245
Route #3: 199 179 216 239 238 229 247 201 194 178 197 183 188 163 193 191 68 138 155 145 137 127
Route #4: 255 176 158 154 242 236 235 181 233 131 117 253 250 261 96 15 5 3 6 268 226
Route #5: 223 218 221 217 203 189 161 162 149 152 142 173 133 177 147 136 129 119
Route #6: 76 55 59 62 157 172 175 132 167 150 168 244 246 237 170 180 171 252 165 195 254 231
Route #7: 125 146 143 123 115 139 116 200 215 108 1 234 232 106 166 93 160 92 99 72 31
Route #8: 90 29 79 32 74 88 100 102 105 112 113 130 156 151 128 134 124 91 89 54
Route #9: 209 211 60 84 87 169 213 97 37 135 19 20 204 214 198 41 43 11 263 49 259
Route #10: 196 10 207 208 4 63 64 66 51 50 56 86 83 85 65 70 182
Route #11: 228 186 114 28 46 44 126 2 148 174 122 121 40 104 98 23 69 260 42 52 273
Route #12: 270 77 256 35 36 39 192 144 248 227 153 8 25 265 103 230
Route #13: 120 141 187 212 222 38 109 78 107 33 225 184 185 159 118 140 71 80 53
Route #14: 111 110 73 67 61 249 258 45 82 101 264 75 47 48
Cost 99138
Time 398.364
