Route #1: 84 53 144 177 172 17 113 38 196 175 100 4 63 154 34 163 168 61 14 112 80
Route #2: 127 199 56 158 147 29 3 74 46 176 126 170 106 66 140 47 101 169 37 115 141 20
Route #3: 43 134 51 77 202 59 6 2 44 109 135 85 124 35 52 40 95 156 89 122
Route #4: 137 166 73 78 31 93 148 30 130 69 145 181 195 54 83 150 71 133 149 64
Route #5: 45 99 120 68 98 5 107 162 33 25 165 90 76 13 55 143 194 116
Route #6: 8 16 197 201 7 103 11 200 105 161 87 164 183 70 21
Route #7: 82 151 203 94 121 167 49 42 72 139 117 146 108 18 142 129
Route #8: 188 92 91 27 132 136 19 39 102 57 191 88 174
Route #9: 123 65 198 160 187 75 10 1 22 81 32 48 62 184 192 157 186 189 119 118 114 58
Route #10: 131 9 159 153 111 86 36 28 185 104 180 96 182 67 12 152 60 171
Route #11: 179 15 155 193 128 24 190 178 125 79 97 41 23 26 110 50 173 204 138
Cost 76118
Time 264.97
