Route #1: 29 93 122 305 154 152 156 155 23 131 151 150 153 215 62 32 126 125 58 17 311
Route #2: 95 98 137 141 142 135 51 124 161 76 132 39 66 91 24 217 26 226 278
Route #3: 121 201 4 221 310 149 118 80 31 159 84 260 312 248 59 174 315
Route #4: 83 193 94 116 191 114 70 79 216 214 53 190 46 187 38 30 264 85 10 35 27 101
Route #5: 139 109 56 61 138 36 177 100 57 99 218 318 229 69 72 41 77 268 136
Route #6: 269 11 107 148 44 271 313 92 90 3 244 224 28 20 182 170 173 199 306 195 178 86
Route #7: 87 123 172 203 299 291 21 6 45 43 246 307 296 281 285 267 301 280 243 292
Route #8: 202 228 266 258 113 225 220 236 241 233 227 208 34 143 320 211 257
Route #9: 210 48 272 25 22 5 304 300 276 273 275 277 279 249 234 231 223 213
Route #10: 247 9 253 255 256 254 250 270 52 54 290 49 50 303 289 183 263 259 7 317
Route #11: 239 237 204 205 209 238 235 232 288 302 297 295 309 314 206 181 316 222
Route #12: 242 12 14 33 293 294 42 47 40 88 19 119 110 265 120 240 189 108 175 106 1 2 127 67 176
Route #13: 245 117 128 283 274 134 129 145 146 133 286 282 298 284 261 140 147 144 130 196 219 212
Route #14: 60 63 308 75 111 89 97 105 188 165 96 169 194 192 81 197 230 251 262 287 82 13 18 16
Route #15: 157 186 198 207 164 167 166 160 162 115 103 104 252 200 168
Route #16: 112 179 180 163 102 15 37 64 65 74 8 73 71 68 78 158 171 184 55 185 319
Cost 153830
Time 562.689
