Route #1: 345 291 187 266 320 353 301 367 290 265 191 188 321 202 193 233 196 263 281 280 318 243 285 299 303 347
Route #2: 330 315 292 237 255 230 211 213 217 234 262 274 89 209 312 103 104 418 139 302 37 116
Route #3: 352 25 344 338 286 277 270 271 275 297 414 509 512 474 491 374 389 393 366 386 358
Route #4: 380 526 4 14 408 404 407 417 32 31 426 332 403 415 397 423 8 525 11 391 527 528 373
Route #5: 378 142 114 87 59 79 82 81 473 80 64 92 91 479 107 98 108 485 469 269 449 348
Route #6: 363 368 396 398 456 43 475 465 310 461 50 49 48 60 466 62 61 51 480 472 3 33 18 15 17 521
Route #7: 328 336 410 409 438 395 394 433 451 453 448 458 454 471 463 462 375 335 341 333 383
Route #8: 420 307 483 371 372 369 364 349 359 365 376 425 381 382 445 384 392 370 189 162 141 222 2 99
Route #9: 504 476 484 490 495 494 487 482 42 477 432 501 500 464 510 429 424 413 411 497 416 377
Route #10: 175 235 102 507 65 53 54 440 431 419 406 421 430 439 428 427 361 434 174 360
Route #11: 308 261 251 163 502 276 199 362 105 124 71 267 516 442 488 470 452 455 457 446 437
Route #12: 70 74 56 16 27 26 85 22 524 505 522 498 496 503 499 489 122 128 131 121 460 100 28 517 387
Route #13: 334 304 399 444 160 447 240 245 73 229 97 77 151 135 508 166 519 44 45 214 78 95 148 66 86
Route #14: 177 197 72 244 179 156 201 35 272 112 329 52 36 47 356 325 467 523 130 119
Route #15: 322 75 63 208 41 19 24 134 314 331 300 68 90 101 249 346 223 7 250 132 246 355
Route #16: 30 9 138 422 13 5 126 511 226 147 164 342 327 388 412 486 12 1 46 84
Route #17: 40 93 436 153 400 127 125 123 515 518 514 478 67 231 210 168 319 165 435 459 38 379 183 309
Route #18: 279 184 337 146 254 385 88 294 181 298 468 295 316 283 354 257 167 289 238 182
Route #19: 282 326 220 278 117 311 350 120 133 158 20 239 192 76 29 115 176 178 149 313 109 324 450 161
Route #20: 405 252 137 268 264 94 186 113 111 185 293 340 305 154 225 194 390
Route #21: 481 401 317 170 150 253 180 306 207 284 6 69 287 152 172 118 339
Route #22: 34 10 520 145 144 159 140 143 198 206 205 195 228 218 242 260 351 173 357 256 288 247 221
Route #23: 219 492 21 441 443 157 190 203 273 227 241 171 155 110 83 96 136 258 259 55
Route #24: 169 296 129 106 224 212 39 200 323 506 232 236 57 58 216 493 204 248 513 23 343 215 402
Cost 212169
Time 1572.32
