Route #1: 169 255 251 231 87 78 84 99 118 254 228 270 142 345 282 8 236
Route #2: 309 324 276 271 348 52 190 238 144 132 14 3 148 92 129 91 281
Route #3: 226 263 203 346 304 33 95 11 136 179 191 47 117 220 318 213 70 224 312
Route #4: 305 75 313 277 330 28 156 112 15 297 67
Route #5: 49 214 274 102 302 53 72 103 55 152 50 45 79 82 66 68 320 155
Route #6: 76 154 323 331 56 54 44 321 140 242 202 300 81 299 35 34 333
Route #7: 303 278 266 205 204 211 215 219 272 124 115 193 339 341 201 235 350 342 230
Route #8: 48 275 267 182 325 244 347 7 32 207 60 74 268 338 186
Route #9: 122 198 187 62 248 221 173 225 306 106 98 310 308 88 174 141 335 340 150 18 319
Route #10: 253 284 127 250 294 307 38 264 249 292 287 286 280 283 290 291 288 5 260
Route #11: 185 176 328 197 256 25 279 194 163 329 334 23 196 126 24 90 168 110 69
Route #12: 131 189 199 206 222 240 73 12 153 10 181 107 119 105 97 315 96 13 20 138 258 26
Route #13: 289 170 29 165 162 133 172 184 180 120 104 30 239 125 183 210 71 209 223 159 177 135 233
Route #14: 83 121 16 21 101 326 134 1 65 57 63 61 37 149 229 212 216 349 332 46 259 93
Route #15: 160 113 167 108 109 245 116 151 64 80 6 123 298 171 200 128 130 166 59 265
Route #16: 246 4 337 9 327 111 114 311 42 295 336 257 227 218 296 17 252 175 188 178 158 147
Route #17: 192 39 164 247 27 43 31 22 241 89 145 85 51 58 314
Route #18: 237 293 317 94 217 157 262 261
Route #19: 86 139 161 146 195 41 143 232 234 243 273 36 344 208 285 343 100 269 19
Route #20: 137 322 301 2 40 316 77
Cost 211687
Time 401.359
