Route #1: 330 275 313 296 274 248 253 242 17 278 14 307 312 324 13 327 325 72 314
Route #2: 254 250 308 277 334 326 31 332 316 309 297 295 301 335 5 261
Route #3: 336 20 28 25 287 304 319 264 3 213 9 216 209 193 12 229 240 259 32
Route #4: 282 268 237 236 144 202 228 256 288 249 233 220 232 306 247 262 265
Route #5: 337 15 157 322 294 302 311 135 331 6 19 21 10 24 200 181 246 33 323 29 286
Route #6: 255 328 235 204 317 303 300 284 71 279 276 176 174 175 281 215 188 163 201 219 310
Route #7: 64 147 137 166 191 210 165 221 187 217 214 225 227 224 177 241 226 238 162 205
Route #8: 257 260 280 186 271 189 171 315 138 266 98 67 258 167 48 273 22 50
Route #9: 97 107 106 114 134 132 160 136 207 195 179 131 170 173 109 184 194 185 105 108 101
Route #10: 120 143 113 148 161 119 168 169 146 196 153 182 164 190 198 192 154 104
Route #11: 96 270 158 55 239 267 252 117 251 43 54 44 231 180 159 130 211 140 49 172
Route #12: 77 155 234 230 112 206 141 142 223 76 199 156 128 245 126 86 65 139 203 102 82 149
Route #13: 290 291 59 100 103 11 93 18 78 91 92 94 74 69 68 57 41 38 39
Route #14: 152 35 321 60 61 66 80 285 111 42 79 70 83 81 58 23 53 320 51 338
Route #15: 118 90 151 62 30 218 243 269 16 298 263 73 272 52 40 4 145 318 2 27
Route #16: 63 56 8 305 222 333 178 197 293 292 124 212 45 208 283 26 84 289 123 1 7 329
Route #17: 299 46 37 129 116 47 95 89 88 75 115 110 125 85 133 244 183
Route #18: 127 36 150 34 87 121 122 99
Cost 147903
Time 503.407
