Route #1: 2 141 149 203 184 151 126 57 216 59 123 122 128 243 3 26 230 21 114 80 89 168
Route #2: 146 130 124 121 14 139 91 85 87 92 120 265 86 241 177 62 150 176 33 142
Route #3: 136 173 103 27 187 88 202 209 231 77 39 180 244 193 199 31 16 175 196 183 262
Route #4: 188 161 84 207 226 167 25 192 134 174 83 32 70 5 68 279 60 282 12 9 269 264 255
Route #5: 271 38 66 63 76 225 10 15 30 251 240 259 258 72 118 97 22 115 20 107 275 205
Route #6: 99 158 157 61 42 110 131 198 281 50 277 273 4 238 254 248 246 227 247 222 221 212 106 95 44
Route #7: 195 82 190 280 8 13 11 228 18 23 96 98 242 58 7 219 283 213 201 256 260 191
Route #8: 218 51 223 211 229 113 233 239 267 276 272 261 214 224 234 67 215 53 220 65
Route #9: 217 257 45 253 28 37 19 34 6 47 236 232 210 35 36 169 46 159 54 152 138 147 154 170
Route #10: 206 266 268 274 117 249 250 129 135 140 143 237 245 235 133 204 127 181 179 132
Route #11: 40 166 144 160 109 148 108 1 94 112 74 75 69 52 29 137 155 270 263 252 172 171 189
Route #12: 119 105 116 41 182 49 48 55 156 64 71 78 125 93 90 81 111 56 164 100 178 162 101 102 79 73
Route #13: 43 186 194 153 165 24 197 200 208 145 17 185 104 278 163
Cost 129800
Time 321.571
