Route #1: 215 61 186 135 141 189 96 152 407 439 198 406 200 11 171 162 98 408 213
Route #2: 387 358 28 419 174 164 4 66 353 280
Route #3: 352 88 57 130 327 67 349 38 188 52 3 330 367 209 137 58 271
Route #4: 51 45 453 81 218 313 140 121 393 458 341 356 375 234 228 418 125 384 359
Route #5: 297 233 89 415 348 99 95 448 108 265 100 444 8 197 438 410 267 369 368 338
Route #6: 84 68 35 274 226 231 97 252 288 9 170 301 309 248 48 49 1 230 224 194 227 184 64 6 342 173
Route #7: 385 77 322 104 2 60 435 392 138 90 287 251 238 244 225 212 220 191 133 102 259 255
Route #8: 445 303 428 335 383 206 350 216 363 264 15 325 394 30 79 454 241 269 270 195 185 395
Route #9: 32 441 414 111 39 91 176 409 373 101 47 362 354 307 275 235 253 203
Route #10: 210 424 147 208 396 21 22 115 87 86 106 430 78 34 142 117 129 134 118 305 331 304
Route #11: 62 346 25 166 42 332 443 155 423 55 211 412 144 33 80 82 145 131 386
Route #12: 371 345 337 333 46 389 391 273 254 411 246 440 239 182 36 312 277 163 50 388
Route #13: 146 29 311 180 243 328 314 187 149 148 374 199 207 219 357 360 240 268 310 284 245
Route #14: 59 272 92 94 169 159 165 316 150 153 124 41 136 201 37 27
Route #15: 413 380 293 447 20 143 112 172 323 69 114 266 319 317 294 205 300 437 192 85
Route #16: 390 364 376 321 365 361 403 405 160
Route #17: 306 417 107 53 250 291 7 278 76 75 378
Route #18: 404 421 347 258 296 260 279 372 175 179 167 132 214 366 370 289 302 397 339
Route #19: 262 70 83 93 26 276 452 429 379 377 427 442 298 336 355 340 446 450 425
Route #20: 40 285 398 286 217 65 19 10 190 236 168 334 120 5 344 449 320 109
Route #21: 400 128 416 193 432 381 110 127 402 257 72 71 183 73 113 223 74 242 54 434
Route #22: 382 43 422 308 126 436 451 456 455 12 202 204 122 181 103 18
Route #23: 222 158 161 63 23 232 282 237 247 283 256 249 157 13 221 16 116 324 17 139
Route #24: 56 119 457 329 14 24 290 426 318 105 151 263 299 123 351 31
Route #25: 229 261 295 44 196 178 154 156 420 431 292 433 343 326 177 399 315 401 281
Cost 234608
Time 423.81
