Route #1: 140 219 208 49 220 156 237 205 135 40 134 100 71 215 19 114 117 148 139
Route #2: 138 81 68 93 13 186 209 141 146 200 322 39 64 319 320 230 37 233 241 323 170 163 149 227 299 213 168 88
Route #3: 309 42 132 99 109 106 116 126 150 91 308 66 282 97 72 48 92 78 60 20 67 70 94 62 69 262 189
Route #4: 246 182 152 224 202 194 255 164 306 17 294 5 245 232 129 130 136 160 218
Route #5: 127 171 179 317 180 260 259 234 193 190 184 159 238 296 101
Route #6: 53 325 290 145 12 155 158 183 147 174 176 300 80 151 166
Route #7: 43 244 51 73 108 316 75 266 18 195 267 2 314 225 268 313 293 217 211 288 289
Route #8: 212 118 169 161 307 197 181 165 312 26 198 298 142 65 83 157 24 29 57 105 74 46
Route #9: 178 31 38 28 36 187 89 59 54 55 41 1 76 95 207 216 206 154 98 87 86 153 256
Route #10: 214 196 177 172 167 143 162 231 249 199 204 203 210 239 236 25 10 221 222 324
Route #11: 229 304 242 7 269 23 258 271 251 276 280 291 112 131 125 247 223 192 191 96 85 45
Route #12: 257 235 226 124 119 120 128 144 137 275 284 297 107 104 103 122 110 4 14 84 102 121 22 32 21 3 252 243
Route #13: 82 79 261 283 16 9 270 327 326 263 311 292 287 285 272 279 278 63 113 11 201
Route #14: 175 185 47 228 8 295 90 123 273 277 77 264 250 248 265 240 318 310 301 111 133 115 173
Route #15: 302 321 15 27 50 52 6 274 188 61 44 58 315 303 305 281 286 35 254 253 56 34 33 30
Cost 166213
Time 198.414
