Route #1: 327 131 213 31 104 343 287 72 275 147 130
Route #2: 307 306 268 240 233 232 207 206 229 336 270 156 325 323 290 295 305 308 269 317 267 205 235 208 193
Route #3: 365 28 163 349 375 13 119 103 38 320 161 204 6 330 78 241 150 265 272 321 39 338
Route #4: 239 210 218 234 334 209 166 155 301 219 125 183 184 129 113 55 216 146 347 127 178 212 245
Route #5: 21 351 217 277 369 346 333 22 353 367 26 363 360 355 23 85 49 64 12 160
Route #6: 266 128 52 86 82 24 143 47 35 364 368 101 322 121 201 48 71 66 59 87 58 102 377 33
Route #7: 176 366 380 165 177 211 192 200 107 228 300 258 167 149 332 356 361 359 281 173 242 373 106 89 198 284
Route #8: 227 191 16 25 109 352 112 342 157 36 180 202 83 255 226 138 158 56 137 111 70 100
Route #9: 256 260 249 231 99 62 151 61 42 195 350 294 95 299 264 169 175 203 378 20 164 179 214 278 279 329 97 34
Route #10: 285 81 280 271 154 315 105 186 372 282 340 115 293 189 76 98 188 120 379 68 3 18 328
Route #11: 9 94 122 108 319 251 250 298 152 358 337 341 174 273 170 37 303 289 297 148 224 310 230
Route #12: 142 75 43 136 331 172 222 159 133 185 10 292 283 221 345 126 194 339 335 51 259 182 4 30
Route #13: 118 171 309 63 45 90 381 14 244 257 145 114 40 5 302 96 50 15 261
Route #14: 247 246 262 225 19 276 253 296 65 243 67 92 141 117 132 311 190 220 286 44
Route #15: 263 312 238 54 32 8 88 80 237 17 196 57
Route #16: 46 215 181 116 11 140 2 53 291 370 162 371 324 168
Route #17: 60 223 74 304 41 69 73 197 91 123 153 313 354 252 79
Route #18: 326 314 1 318 254 288 357 7 93 199 144 124 139 84
Route #19: 135 29 274 110 77 236 248 134 374 376 348 344 27 187 316 362
Cost 129480
Time 468.623
