Route #1: 25 26 5 260 50 60 51 237 73 209 104 14 153 131 145 8 54 257 96 119 161 231
Route #2: 176 256 87 246 11 120 129 252 34 157 264 199 198 223 76 182 111 126 181 53 204 134
Route #3: 86 165 107 93 52 84 150 102 56 72 66 71 70 265 266 267 227 65 91 108 123 67
Route #4: 74 77 45 97 200 106 89 88 247 49 35 118 62 232 58 42 255 258 259 249
Route #5: 142 166 175 171 169 168 164 160 149 125 159 16 115 112 261 18 40 192 81 132 148 170 189
Route #6: 15 24 105 124 1 133 43 155 41 187 46 248 20 216
Route #7: 236 184 185 90 3 230 202 193 201 194 172 241 162 17 253 33 101 130 177 178 85 31 137 205 141 61
Route #8: 80 19 109 68 238 37 38 39 222 208 83 75 63 117 254 197 29 13 136 268 195 10 156
Route #9: 99 103 32 147 7 250 116 127 98 69 110 183 173 191 206 23 220 2 48 263 251 113 12 28
Route #10: 59 180 139 140 151 210 214 78 188 152 207 138 47 30 55 121 94 242 244 239 92 174 144 79 243
Route #11: 114 6 9 167 179 203 22 154 36 245 218 233 158 163 235 82 27 44 135 262 100 122 64
Route #12: 21 4 57 186 219 211 95 225 240 215 212 226 229 128 143 146 190 224 217 221 228 234 213 196
Cost 105539
Time 573.453
