Route #1: 232 168 383 353 256 271 396 201 27 331 257 9 246 131 345 405
Route #2: 287 212 25 340 209 136 172 68 241 437 277 128 372 189 262 325 426 170 391 230 357 210
Route #3: 165 310 444 280 420 266 375 12 134 254 218 356
Route #4: 333 268 423 398 36 358 22 439 191 283 142 227 390 363 410 187 231 97 365 71 335 407 64 295
Route #5: 327 23 355 197 432 299 7 308 347 100 385 402 52 364 124 382 177 108 270 206 436 116 2 233
Route #6: 94 152 259 354 332 380 384 360 421 103 261 317 316 195 140 222 66 160 175 400 24 414 176 75
Route #7: 83 399 428 290 203 275 285 334 80 409 119 178 393 416 31 30 69 305 26 45 224 204
Route #8: 53 37 441 127 184 319 289 324 180 344 200 293 279 321 153 20 29
Route #9: 342 309 429 264 135 260 434 5 155 269 373 304 387 306 78 14 442 404 60 147 98 185 379
Route #10: 234 84 74 76 18 328 337 330 411 205 144 50 401 122 313 39 92 415 196 351 315 292
Route #11: 449 54 220 362 221 431 378 143 186 81 329 137 138 217 238 59
Route #12: 150 427 314 240 243 173 298 58
Route #13: 132 394 157 65 250 311 395 129 198 225 145 274
Route #14: 181 446 392 88 162 368 320 207 350 105 15 11 338 121 381 403 164 272 32 56 166 297 343 341 101
Route #15: 6 248 192 376 171 130 86 386 48 307 91 113 300 245 149 253 40 249 389 369 352 43
Route #16: 96 67 19 433 424 182 247 21 188 417 336 34 302 408 237 8 312 288 301 190 104 452
Route #17: 346 348 450 111 418 443 55 89 374 44 265 95 454 422 33 438
Route #18: 370 359 291 141 115 57 445 174 110 112 73 349 244 151 366 62 183 1 258 229 146 106
Route #19: 3 215 323 242 273 263 194 367 284 90 120 126 70 139 457 99 219
Route #20: 361 213 296 267 339 282 326 72 109 93 13 223 125 82 236 235 38 4 87
Route #21: 163 447 202 251 154 17 294 63 199 214 451 388 278 16 161 456 46 159 208 156 303 440 318
Route #22: 79 430 85 167 211 107 448 455 114 102 252 10 239 371 123 41 412
Route #23: 413 49 377 179 453 281 158 286 61 35 322 42 228
Route #24: 169 276 47 28 397 77 406 148 419 226 255 118 51 193 133 117 435 216 425
Cost 250133
Time 267.041
