Route #1: 199 75 52 212 277 241 34 16 289 83 62 297 238
Route #2: 216 256 179 47 35 259 281 38 21 129 154 191 142 69 246 296 225 57 4 60
Route #3: 25 11 32 115 268 187 22 181 71 127 66 244 249 103 111 261 292 230 276 301 45 17 235 234
Route #4: 224 133 126 92 283 78 113 204 186 36 270 217 41 155
Route #5: 145 51 316 114 128 284 200 211 267 317 218
Route #6: 63 302 266 264 252 239 240 31 53 119 221 72 271 65 23 167 178 136 7 237 190 118 153
Route #7: 89 55 295 298 95 210 56 49 48 143 109 54 81 272 29 192 144 195 101 74 185 42 159 184
Route #8: 99 85 303 203 61 158 205 222 219 140 86 307 314 131 168 286 88 20 263
Route #9: 171 160 198 44 5 228 208 247 18 257
Route #10: 196 229 24 193 67 50 105 183 13 59 274 255 245 14 173 214 300 313 87 177 3
Route #11: 125 28 201 112 10 232 290 139 152 79 150 76 197 93 304 278 164
Route #12: 73 102 134 37 209 2 6 275 189 306 162 26 227 70 233 1 163 141 293 253 138
Route #13: 107 58 110 43 15 166 8 294 236 170 161 202 156 248 291 175 64
Route #14: 77 265 130 285 310 12 206 90 282 180 254 117
Route #15: 280 68 299 80 19 147 269 194 243 46 258
Route #16: 251 182 176 273 108 174 318 98 262 30 188 33 40 104 311 220 132 82
Route #17: 223 116 27 146 165 305 308 96 97 207 226 9 287 213 169 148 315 215 135 100
Route #18: 149 260 309 231 250 312 279 137 120 172 84 91 106 39 123 122 124 288 157 242 121 151 94
Cost 235261
Time 206.927
