Route #1: 165 393 264 379 125 335 290 413 318 251 144 366 263 51 407 343 381
Route #2: 359 268 376 273 84 369 17 14 16 57 90
Route #3: 59 179 293 229 375 3 374 388 15 240 285 321 368 408 104 311 380 112 324 11 132 197 360 129
Route #4: 149 348 115 61 218 83 303 67 308 204 327 309 259 46 164 194 345 338 68 8 131 97
Route #5: 361 364 350 170 330 85 176 371 45 66 217 151 349 310 69 190 389 20 230 141 265 283
Route #6: 377 270 48 181 173 183 171 155 81 306 296 118 138 304 212 409 35 235
Route #7: 287 72 301 135 325 248 203 257 300 354 39 292 182 78 200 320 116 56 314 316 21 372
Route #8: 147 96 94 102 226 234 50 208 209 91 74 13 73 352 105 71 70 65 111 401 121
Route #9: 341 288 331 326 24 250 267 117 49 5 25 362 38 385 6 162 7 1 9 225 298 236
Route #10: 245 63 221 315 40 358 260 262 246 355 282 100 383 107 249 153 365 36 33 101 168 42 261
Route #11: 159 347 119 405 109 93 52 31 395 396 403 53 128 148 356 60 233 156 55 54 76 89 95
Route #12: 253 178 231 214 213 266 244 186 172 351 140 145 160 166 158 205 215 256 291 123 4 146 113 64 47
Route #13: 126 157 22 416 139 27 43 269 302 2 286 219 122 110 98 297
Route #14: 32 404 392 41 87 184 167 134 80 12 88 397 391 386 384 312 378 398 382 402 34 92 387 415
Route #15: 280 305 239 180 258 276 37 252 201 216 284 370 195 243 271 58 124 399 193 337 169 277 175 232 414 329
Route #16: 410 150 333 334 357 79 336 323 367 363 242 241 272 238 279 332 307 281 353 275 237 196 185 188 191 328 86
Route #17: 192 317 106 411 319 187 29 254 161 127 294 322 339 199 189 136 174
Route #18: 295 206 108 220 99 299 342 406 211 346 394 28
Route #19: 390 137 202 26 340 198 114 10 130 142 344 44 227 228 75 278 77 103 62 152 19 207
Route #20: 18 82 23 255 120 400 247 289 154 210 222 163 133 274 373 223 30 412 177 143 224 313
Cost 125912
Time 664.305
