Route #1: 303 286 171 140 233 391 109 135 283 312 10 222 236 359 375 394 339 400 82 80 416 108 243
Route #2: 299 275 219 279 6 309 137 65 235 344 351 114 143 81 287 5 11 409 443 22 71
Route #3: 261 276 382 347 348 364 271 194 209 210 282 274 277 273 238
Route #4: 38 341 346 51 52 29 334 383 362 418 35 230 370 46 146 399 123 252 352 349 345
Route #5: 216 435 446 154 179 445 178 12 138 4 360 264 189 79 327 288 155 414 232 306 76 363 9
Route #6: 270 14 139 384 122 326 23 374 121 302 301 396 78 96 398 395 112 184 331 86
Route #7: 196 186 170 413 169 24 90 142 193 153 335 63 144 234 1 292 105 73 256 322 3 41 361 386 330
Route #8: 246 251 103 223 231 110 325 164 424 310 182 17 423 254 429 245 187
Route #9: 75 89 120 133 97 248 148 152 281 156 157 298 284 280 124 136 107 67 278 308 77 307 272 130 456
Route #10: 27 260 244 241 240 200 165 161 181 332 188 229 320 338 376 262
Route #11: 227 300 420 212 195 201 390 175 419 173 185 442 211 406 422 190 441 176 368 289 378 381 353
Route #12: 355 64 265 85 83 74 228 37 247 450 439 366 19 388 401 20 34 44 437 426 379 354
Route #13: 457 385 408 402 403 412 397 36 427 430 417 113 30 132 54 66 31 60 433 26 452
Route #14: 192 213 342 454 99 415 8 365 45 250 125 128 367 369 357 373 318 294 237 253 177 263
Route #15: 444 428 451 87 95 94 91 104 106 431 436 43 285 160 13 208 40
Route #16: 70 53 7 421 387 129 258 49 438 18 311 159 93 68 61 69 42 92 58 449 432
Route #17: 323 62 267 226 455 28 33 47 115 255 317 147 32 393 305 163 134 290 295 404 371 434 407 329 425 100
Route #18: 21 202 198 218 266 39 55 15 197 448 304 319 321 269 356 350 333 98 291 268
Route #19: 377 102 162 50 293 168 151 111 126 117 217 207 214 127 259 72
Route #20: 297 336 150 118 56 191 199 204 239 242 220 221 116 141 205 119 88 101 172 167 158
Route #21: 447 149 224 315 405 340 249 328 16 392 358 180 174 25 225 324 314 372 183 313 215
Route #22: 203 343 57 380 84 131 48 389 166 440 2 453 257 337 296 410 411 316 59 206 145
Cost 217313
Time 888.878
