Route #1: 496 382 455 485 716 515 624 641 634 622 694 553 771 484 629 24 64 398 308 384 779 651 617 181 314 232
Route #2: 59 271 318 664 137 6 458 575 589 625 491 687 284 420 472 225 208 76 596 763 61
Route #3: 222 460 344 438 537 735 8 456 286 619 499 417 567 840 240 652 11 10 598 599 241 21
Route #4: 249 733 436 435 258 193 528 522 607 649 513 870 43 116 315 257 4 730 102 568 120 650 172 677 180 287
Route #5: 82 663 66 558 746 68 804 662 780 535 586 289 554 426 311 597 533 94 759 736 764 603 578 415
Route #6: 155 75 71 214 310 339 457 516 520 486 360 395 518 519 655 656 642 584 5 706 757
Route #7: 278 423 465 443 482 385 501 770 549 563 81 197 610 372 772 600 260 133 119 648 847
Route #8: 292 340 534 778 419 401 416 490 502 462 233 146 476 452 357 331 665 352 336 709 301 874 875
Route #9: 150 126 128 795 291 721 45 428 686 285 595 42 370 431 361 609 845 144
Route #10: 154 74 510 44 295 846 90 122 381 430 84 123 446 639 489 585 734 131 851 606 445 347 371 480 147
Route #11: 142 202 255 93 536 557 179 207 514 500 7 383 646 230 429 1 839 459 136 588 121 844
Route #12: 143 781 433 843 105 15 14 836 614 793 827 813 19 782 23 112 151 440 434 505 259 538 531 532
Route #13: 332 348 670 666 464 78 394 159 171 325 475 507 228 229 196 194 276 89 88 253 129
Route #14: 246 645 132 367 368 647 613 654 481 104 702 521 9 72 73 379 12 13 468 209 195 234
Route #15: 267 307 269 794 167 865 191 86 91 206 796 797 681 682 683 574 802 695 594
Route #16: 100 170 783 784 280 838 152 268 138 87 477 157 552 569 618 345 565 317 556 408 422 566
Route #17: 406 407 450 277 264 334 412 497 835 628 615 354 350 411 309 592 555 266 327 356 335 366 413 470 390 387 580 99
Route #18: 466 252 364 141 148 185 16 188 739 18 211 299 200 192 198 176 168 182 183 169 153 389 328 54 96
Route #19: 824 675 673 679 861 705 704 672 710 689 378 386 377 319 363 297 542 551 857 69 162 439
Route #20: 727 632 601 265 541 543 242 517 512 351 227 199 279 298 283 237 349 449 451 272
Route #21: 604 583 524 548 591 547 590 487 479 483 509 570 676 638 643 506 637 488 627 828 492 27 544 747
Route #22: 106 756 161 254 282 495 526 281 525 562 668 326 320 296 294 711 263 577 231 690 753 713 714
Route #23: 392 403 787 788 337 330 293 70 221 220 247 275 860 855 333 374 754 402 807 831 375 373 799 790
Route #24: 636 409 47 579 581 573 29 3 698 26 871 873 715 32 35 33 41 58 741 40 46 145 750 720 825
Route #25: 878 30 728 56 748 49 729 712 678 160 701 703 745 761 814 816 809 118 125 2 800 801
Route #26: 868 427 322 644 273 245 692 691 685 762 688 699 785 786 669 817 752 621 635 700
Route #27: 667 719 725 693 760 749 765 769 792 806 833 864 805 823 808 820 316 767 53 85 810 819 818 822 821
Route #28: 696 848 826 862 775 832 829 789 852 842 28 31 880 25 57 164 210 226 243 274 244 359 341 877 755
Route #29: 108 140 50 205 396 130 107 103 79 109 173 866 178 879 174 849 811 803 834 774 773 718 726
Route #30: 83 175 201 633 731 248 425 204 680 504 812 493 235 671 708 684 640 620 661 660
Route #31: 707 545 36 117 149 448 127 212 530 218 437 658 777 723 724 737 744 738 751 768 742 722 659
Route #32: 329 215 559 605 97 236 223 323 630 124 290 60 791 841 186 184 177 776 158 63 67
Route #33: 546 358 611 560 550 48 593 859 674 441 631 576 616 856 540 410 508 587 424 52 854 653 324
Route #34: 732 166 876 872 858 766 623 571 474 113 503 261 163 22 38 39 478 469 758 189 250 111 110 523
Route #35: 190 305 303 463 393 397 421 511 539 602 740 473 388 95 343 321 51 65 17 608 612 582 447
Route #36: 139 498 239 444 101 270 376 187 165 98 251 414 77 572 238 203 80 92 114 346 626 461 380 217
Route #37: 219 338 399 391 355 561 454 313 697 288 256 717 362 471 405 404 529 262 353 213
Route #38: 134 830 62 453 467 312 432 156 527 37 418 400 342 306 300 837 657 302 135 815 304 798 224 216 115
Route #39: 365 55 869 20 867 564 494 442 369 863 853 743 34 850
Cost 376186
Time 1774.79
