Route #1: 156 121 264 118 256 382 44 301 90 238 339 291 272 69 313 1 168 201 56 361 192 338 381
Route #2: 39 174 165 239 260 406 211 87 305 139 160 358 114 35 131 222 329
Route #3: 276 225 150 383 386 265 217 94 359 377 230 103 296 68 269 300 72 307
Route #4: 30 52 105 316 38 15 18 60 254 266 89 322 92 384 216 241 179 178
Route #5: 345 34 5 195 286 357 315 148 328 283 332 177 401 240 154 221 143 81 356 309 191 353 185 138
Route #6: 395 303 141 63 91 360 71 317 393 130 223 161 86 374 280 115 199 247 110 142 368
Route #7: 288 367 397 19 61 208 202 354 341 366 228 232 224 278 282 76 12 75 78 346 402 14 123 54
Route #8: 33 293 149 340 133 364 116 190 6 111 371 352 323 162 73 186 198 104
Route #9: 10 376 344 65 132 200 284 407 175 380 257 261 49 20 378 302 158 255 62 321
Route #10: 246 155 101 106 124 113 151 398 399 144 348 147 152 207 59 21 226 405 99 234 145
Route #11: 233 351 403 13 77 51 50 220 169 181 171 172 163 203 189 210 227 271 306
Route #12: 119 369 74 129 243 299 214 47 373 324 375 252 159 355 70 273 108 41 84 196 388 2 137
Route #13: 107 80 95 182 126 153 102 82 83 67 97 57 135 146 58 184 400 112 127 125 294
Route #14: 408 100 64 343 391 297 394 372 385 390 392 23 387 363 370 404 22 43 96 389 342 55 11
Route #15: 93 205 204 197 206 4 213 136 218 236 53 262 176 253 290 250 251 237 122 244 109 215 268
Route #16: 187 275 310 157 235 248 26 8 298 263 140 3 31 120 24 16 98 134 259 209
Route #17: 349 333 231 183 180 326 327 229 320 289 319 318 350 331 335 336 330 312 170 258 334 365 188 27
Route #18: 25 396 285 128 270 281 85 17 287 167 7 219 9 42 347 292
Route #19: 40 194 311 362 304 164 295 242 37 28 46 45 193 249 32 245 66 337
Route #20: 36 117 277 274 212 267 379 173 325 48 166 308 29 88 314 279 79
Cost 122776
Time 1124.09
