Route #1: 293 486 97 106 68 370 56 441 15 308 416 174 332 478 320 457 166 387 285 472
Route #2: 125 422 43 336 47 240 516 471 54 495 177 163 364 8 139 173 518 102 127 124 514 523 110
Route #3: 470 135 14 178 169 481 299 140 70 239 210 109 113 397 148 126 181
Route #4: 108 59 409 408 11 455 69 9
Route #5: 466 483 507 393 241 291 267 371 494 328 329 260 6 101 415 525 434 508 493 482 315 275 228
Route #6: 82 128 474 399 374 91 274 283 238 237 337 373 284 289 295 350 248 244 358 259 167 509
Route #7: 473 499 383 359 345 52 365 401 25 529 510 201 487 485 497 233 207 469 313 520
Route #8: 449 376 414 402 391 75 45 58 66 280 34 326 41 42 378 18 398 23 310 413 517
Route #9: 377 464 381 437 440 290 272 294 305 342 384 380 503 480 339 475 453 439
Route #10: 202 26 253 183 137 129 322 189 321 136 122 37 491 208 451 298 270 334
Route #11: 225 532 406 143 22 196 51 528 524 519 222 511 477 500 282 504 512 521 296 292 531 17 10 306
Route #12: 335 311 277 214 460 484 133 435 424 388 403 205 417 179 430 144 29 447 448 442 354 324
Route #13: 77 395 7 80 104 276 369 73 94 67 394 243 420 418 419 421 21 62 379 385
Route #14: 307 151 146 226 429 35 458 203 99 83 255 191 33 405 490 522 190 19 223 445 39 446 363
Route #15: 258 103 131 213 349 197 159 170 142 423 366 111 107 344 346 168 396 28 502 461
Route #16: 65 443 425 353 84 160 161 200 156 20 465 303 72 286 3 157 16 44 407 220 121
Route #17: 273 211 245 53 32 247 235 246 256 27 40 309 312 426 250 12 254 301 343 48 265 257 194 2
Route #18: 112 279 288 152 431 411 463 216 206 155 355 352 5 382 433 116 367 218 71 63 468 515 79
Route #19: 123 467 249 251 297 149 150 30 1 215 269 219 221 198 217 171 57 319 114 61 172 327 147 162 175 262
Route #20: 87 325 360 410 24 356 182 513 330 85 86 93 64 498 261 184 180 119 138 204
Route #21: 4 145 98 120 404 50 76 81 74 96 338 134 117 165 176 438 209 390 278 489 488 287 300
Route #22: 268 92 496 530 357 236 38 234 212 375 78 36 318 362 55 153 192 361 527 526 317 506
Route #23: 158 252 302 266 281 348 347 89 141 187 188 193 333 331 316 450 386 400 105 95 428
Route #24: 199 479 314 505 492 476 224 115 130 118 427 185 100 227 230 164 351 456
Route #25: 341 340 501 232 60 195 186 372 13 392 389 412 263 432 304 242 46 271 31
Route #26: 444 452 323 154 132 229 231 368 462 459 88 49 436 454 90 264
Cost 266878
Time 548.868
