Route #1: 27 40 30 176 127 123 192 223 279
Route #2: 112 314 69 194 240 239 64 234 33 70 307 198 264 244 180 181 173 139
Route #3: 224 135 107 261 169 252 302 178 105 170 196 62 233 236 299 48 188 52 24 97
Route #4: 158 193 304 124 72 25 100 23 44 227 294 291 290 117 131 125
Route #5: 45 19 121 130 174 202 101 259 119 162 163 53 292 296 271 56 311 306 189 183 280 312 295 277
Route #6: 222 211 219 230 228 159 79 16 241 113 310 73 74 77 289 309 268 67 237 283 108 4
Route #7: 154 245 106 297 185 204 171 161 256 150 146 22 34 54 300 94 254 215 5 129 61 18 195
Route #8: 35 78 186 164 157 209 208 238 89 137 132 144 85 81 90 167 128 316 281 83 136 82 14 284 151 152 148 126 116 92 98
Route #9: 282 9 55 182 199 201 87 1 206 210 102 142 141 235 140 42 270 120 84
Route #10: 246 172 293 46 153 2 10 225 109 160 8 257 114 86 93 68 242 134 80 221 47
Route #11: 187 147 285 95 110 220 133 111 184 66 76 217 255 247 253 248 26 231 226 232
Route #12: 3 75 7 71 88 49 50 29 96 6 262 43 177 138 20 276 303 175 305 17 63 122
Route #13: 214 91 298 155 308 156 190 197 13 200 191 212 263
Route #14: 12 251 286 260 203 229 149 99 166 115 216 258 145 65 11 315 313 266 250 249 218 287
Route #15: 269 267 272 273 274 165 278 38 37 36 31 104 28 288 243 118 207 205 301 213 41 275
Route #16: 179 51 58 59 21 39 57 265 15 168 143 60 32 103
Cost 163503
Time 270.434
