Route #1: 248 46 41 31 15 32 190 37 7 168 199 129
Route #2: 256 60 278 100 267 233 120 49 180 34 266 30
Route #3: 209 6 67 65 117 116 109 101 264 25 181 138 143 61 92 27 50 170 33 36 26
Route #4: 51 254 122 271 102 105 226 200 227 286 186 300 258 161 70 165 160 78 261
Route #5: 212 211 217 164 153 269 222 193 88 115 159 187 113 276 19 132 126
Route #6: 225 145 144 283 275 38 228 223 53 218 287 8 280 277
Route #7: 11 111 175 295 298 296 183 292 176 250 166 121 232 241 98 262 147 135 107 242 97 1 112
Route #8: 76 79 154 108 201 94 40 39 207 251 156 18 73 185 118 55 152 80 43 196 197
Route #9: 240 162 294 244 246 243 288 16 208 215
Route #10: 291 203 220 184 136 81 17 178 182 219 230 71 59 268 12 99 44 28 22 9 151 139 68
Route #11: 86 137 131 124 236 206 179 173 119 188 192 189 249 167 148 83 158 146 13 82 127 14
Route #12: 245 247 3 270 191 96 75 290 202 177 85 194 84 110 172 130 23 265 72
Route #13: 234 48 2 238 93 58 134 133 149 140 123 87 237 45 239 114 157 66 74 104
Route #14: 174 163 279 90 103 205 56 213 204 29 42 91 281 299 282 285 221 293 125 155
Route #15: 63 253 274 252 297 141 231 62 210 5 289 4 214 284 77 255 128 89
Route #16: 216 64 272 273 169 142 47 263 24 260 259 257
Route #17: 198 235 35 20 69 224 229 95 171 106 150 195 10 57 21 54 52
Cost 167247
Time 207.837
