Route #1: 115 199 230 209 207 21 260 25 167 176
Route #2: 130 229 252 3 255 51 74 77 43 86 87 78 73 213 251 217 49 55 31 30 246
Route #3: 220 243 258 231 26 262 222 12 8 84 52 144 91 101 125 56 138 60 88 42 103 5 108
Route #4: 68 99 177 72 96 107 160 113 109 157 175 142 145 184 151 166 162 206 242
Route #5: 11 10 250 46 196 7 9 50 65 140 256 205 183 58 120 124 119 122 32 215
Route #6: 92 59 190 193 76 197 62 135 80 174 212 147
Route #7: 64 127 161 172 170 261 158 35 33 66 234 13 4 18 22 23 19 117 29 228 223 186
Route #8: 182 181 164 83 6 156 100 104 85 159 152 155 131 146 97 126 47 39 98 188 110
Route #9: 128 201 191 218 240 249 254 241 235 247 248 257 244 38 233 236 216 238 154 17 106 200
Route #10: 63 129 40 187 16 15 179 168 253 75 198 171 114 194 203 204 214 202 232 239 245
Route #11: 53 148 178 139 105 195 132 134 111 24 14 224 192 173 123 165 118 67 93 82 57 95
Route #12: 45 141 44 1 121 48 54 61 185 102 71 227 112 79 143 2 94 27
Route #13: 226 137 259 237 90 28 69 150 37 34 221 210 208 219 225 169 153 133
Route #14: 180 149 20 36 81 70 89 116 136 163 41 211 189
Cost 151721
Time 811.782
