Route #1: 40 215 212 14 106 16 17 54 70 228 89 165 71 177 138 119 12
Route #2: 36 95 96 121 145 74 220 26 133 216 227 84 127 183 120 1 204 24 7
Route #3: 105 178 41 198 27 85 97 109 32 116 235 44 42 219 218 75 8 197 229 166 180
Route #4: 94 4 30 158 46 213 153 179 223 48 214 68 161 33 103 176 192
Route #5: 159 92 52 93 126 66 225 5 2 128 191 47 118 21 82 9 186 181 182 23 233
Route #6: 210 141 113 130 58 196 231 137 129 132 13 49 51 98 226 224 173 160 150 72 19 64
Route #7: 101 79 6 80 81 37 35 55 62 77 86 87 211 221 208 148 154 149
Route #8: 209 100 188 184 187 195 206 194 157 131 142 123 107 108 90 61 57 50 56 63 232 164 174 151 222
Route #9: 185 170 171 202 134 122 135 136 104 99 203 230 200 152 168 169 189 205 167 140
Route #10: 156 163 65 34 20 25 22 155 67 31 18
Route #11: 83 59 28 193 201 11 102 76 146 217 207 29 236 237 162 73 91 143 78 110
Route #12: 10 43 234 115 60 190 39 144 124 172 199 88 238 38
Route #13: 112 147 139 111 117 69 45 3 15 53 175 114 125
Cost 88856
Time 277.323
