Route #1: 47 114 160 81 101 86 112 163 20 37 98 116 117 103 131 148 99 276 142
Route #2: 57 69 106 93 167 91 320 208 232 230 209 151
Route #3: 74 171 85 218 258 50 318 271 290 321 107 193 241
Route #4: 83 6 31 45 88 135 126 65 61 145 274 42 104 40 39 110 268 263 94 280 264
Route #5: 84 87 260 132 3 138 180 287 154 157 270 269 4 198 100 204 231 35 97 159 33 315 317 184
Route #6: 237 72 77 21 23 53 58 63 62 89 59 115 64 118 52 44
Route #7: 149 49 143 125 108 109 26 34 15 90 95 92 38 16 78 46 54 70
Route #8: 66 2 113 60 71 73 56 233 300 278 273 255 1 259 55 248 48 305 217 67
Route #9: 68 80 96 79 75 76 120 121 144 146 156 168 181 147 162 173 174 175 123 122 170
Route #10: 102 220 186 195 203 234 212 205 240 249 256 239 199 197 158 124 127 136 141 150 137
Route #11: 182 190 176 192 178 179 245 266 238 221 229 216 225 222 223 224 227 194 185 188 189
Route #12: 10 8 325 201 206 299 219 296 129 215 226 228 210 246 202 214 213 236 196 187 140
Route #13: 207 165 169 242 272 297 298 288 289 200 293 191 177 166 152 119 105 235 251 283 277 284 285
Route #14: 111 128 139 164 133 161 267 183 304 153 322 172 155 19 134 17 211 43 257 32 29 291
Route #15: 250 247 252 316 262 309 244 314 243 324 253 9 5 11 282 310 265 294
Route #16: 303 22 36 261 24 275 28 281 27 7 30 41 25 323 18 51 279 254
Route #17: 301 312 13 12 313 311 82 295 319 292 307 306 130 302 308 14 286
Cost 116426
Time 666.018
