Route #1: 33 269 157 85 86 164 299 213 316 97 67 5 69 81 87 294 169 130 116 228 174
Route #2: 42 95 89 305 35 90 14 17 132 26 208 162 267 263 256 161 253 212 175 188 127 113 141 202 229
Route #3: 224 234 247 260 57 139 325 27 262 241 231 326 266 302 252 259 285 105 3 282 144 177
Route #4: 9 88 61 6 11 106 56 16 226 185 233 160 123 158 51 199 109 159 183 171 180 184 225 239
Route #5: 271 295 273 272 278 251 248 242 209 166 173 287 270 136 255 300 279 121 203 205 216
Route #6: 276 189 165 163 250 296 238 323 254 281 2 292 293 153 322 246 245 274 275 114 315 200 297 156
Route #7: 284 283 68 195 101 129 59 84 193 134 140 34 201 82 117 22 8 15 94 31 152
Route #8: 227 93 308 64 181 223 240 258 10 37 235 192 146 83 128 133 257 32 46 291 135
Route #9: 197 191 198 176 149 148 155 150 187 290 107 261 268 249 244 215 243 186 172 207 210 280
Route #10: 131 92 118 62 303 19 20 217 310 58 52 12 23 220 301 298 124 138 311 120 119
Route #11: 40 44 47 48 304 72 70 103 100 137 142 147 1 190 168 179 122 76 221 222 219 327
Route #12: 45 194 196 307 312 313 320 321 306 13 28 318 324 66 319 74 329 29 24 53 43
Route #13: 104 98 71 54 78 39 38 151 50 49 79 80 108 91 30 265 63 60 75 126 143 206 218
Route #14: 102 317 77 73 96 99 110 115 112 264 236 289 314 211 36 21 288 154 182 309
Route #15: 237 204 18 25 167 178 170 230 41 55 125 111 214 232 277 145 286 7 328 4 65
Cost 111572
Time 799.172
