Route #1: 31 62 113 23 118 148 21 86 184 149 159 138 127 198 55 85 163 123 100
Route #2: 30 168 99 39 88 72 119 18 143 120 76 183 15 45 46
Route #3: 11 9 133 54 59 144 104 111 176 134 177 179 22 78 150 185 73 97 110 50 125
Route #4: 170 112 92 182 42 87 193 145 141 160 187 24 157 68 171 140 14 188 95 29 1 20 53 197
Route #5: 128 154 124 10 121 107 173 69 74 98 161 142 44 84 89 174 122 106 43
Route #6: 33 75 48 13 189 109 91 81 4 116 52 6 65 77 135 7 36 35
Route #7: 102 190 60 147 93 164 192 37 40 181 129 51 83 3 80 63 27 195
Route #8: 47 101 103 108 8 90 114 96 167 94 66 175 156 158 41 67 155 165 132 64 194 166
Route #9: 56 71 131 105 58 2 162 178 25 79 191 186 196 57 117 200 180 70 5 126 130
Route #10: 172 146 26 169 137 19 38 17
Route #11: 49 82 151 61 139 115 28 34 16 12 199 153 152 136 32
Cost 123854
Time 144.064
