Route #1: 169 194 132 153 213 203 39 82 196 182 181 5 174 168 65 133 96 98 52
Route #2: 189 188 102 87 81 44 25 22 201 137 28 59 41 206 207 197 110 46 104 208 105 101
Route #3: 100 121 43 84 204 177 115 83 80 127 183 17 175 91 114 34 176 171 173 86 74 19 85
Route #4: 180 8 7 55 131 42 72 112 68 26 214 147 178 200 185 191 192 166 78 56 47 33 23 195
Route #5: 90 209 149 154 21 164 152 157 146 172 36 135 27 212 18 62 6 76 126 29 162 179 134 165
Route #6: 57 99 140 95 51 10 11 15 45 94 136 71 12 123 31 202 129 211 2 92
Route #7: 210 144 79 75 63 54 53 50 49 161 24 198 77 120 119 116 139 93 37 38 143 184
Route #8: 30 187 20 69 160 88 205 167 155 138 159 158 125 145 113 156 190 89 107 122 13
Route #9: 106 186 109 60 64 73 148 32 170 111 35 16 163 117 108 3 151 150 70 9 193
Route #10: 118 66 14 130 124 103 58 142 40 97 128 141 61 67 48 1 199 4
Cost 68000
Time 302.331
