Route #1: 327 212 13 229 36 39 68 102 328 325 179 222 205 217 218 16 19 223 232 261
Route #2: 293 210 292 195 9 14 12 23 21 263 339 267 300
Route #3: 290 318 25 257 48 192 191 41 134 142 137 299 283
Route #4: 262 284 109 165 189 252 107 250 258 245 227 181 213 153 154 157 228 203 185 280
Route #5: 270 294 80 184 331 334 226 169 162 251 289 240 234 312 296
Route #6: 8 11 91 194 271 110 42 96 26 81 193 85 236 55 89 301
Route #7: 219 66 67 182 247 152 255 264 176 265 233 333 63 329 316 295 126 319 136 106 288 148 163
Route #8: 332 338 56 216 259 20 51 57 145 97 33 337 330 209 282 307
Route #9: 84 49 38 61 52 173 200 186 187 211 158 18 59 60 94 7 6 32 62 73
Route #10: 275 161 304 324 201 244 225 35 128 118 117 108 115 314 320 303 10 254 249 239 315
Route #11: 44 302 30 123 95 112 143 140 124 133 308 160 155 43 167 171 172 53 1 146 147 135 64 70
Route #12: 175 98 100 168 138 220 238 323 274 4 24 65 83 93 231 86 149 235 180 198 28 197 183
Route #13: 101 224 230 260 287 5 103 313 309 17 34 82 87 104 114 113 50 72 305 159 78
Route #14: 246 77 196 99 221 151 188 58 69 279 174 105 298 285
Route #15: 125 71 132 170 127 92 131 141 15 202 204 79 2 281 321 266 253 256 116 156 243 272 3
Route #16: 268 130 22 46 215 199 37 297 74 322 76 31 40 242 276 273 277 278 311 241
Route #17: 326 190 119 129 269 29 120 88 248 27 47 45 150 166 144 90 237 335 336
Route #18: 291 139 306 206 207 310 317 164 177 121 54 286 178 122 214 75 111 208
Cost 191445
Time 749.023
