Route #1: 170 149 165 159 76 102 225 30 51 54 40 1 185 188 153 221 43
Route #2: 5 21 73 9 71 222 174 2 146 23 134 191 111 92 123 184
Route #3: 117 224 68 208 204 209 66 187 90 143 81 11 100 218 171
Route #4: 164 29 49 163 194 104 25 72 58 122 106 31 99 130 61 131 175
Route #5: 64 229 180 44 211 3 147 38 148 47 190 178 196 202 33 86 95 115 125 150
Route #6: 96 32 80 114 14 74 34 82 77 10 42 17 215 112 120 6 157 167
Route #7: 213 177 156 22 39 198 124 62 97 79 151 12 63 41 103 168 109 162 186 161
Route #8: 83 113 98 136 35 88 75 217 50 8 53 145 219 15
Route #9: 201 137 119 214 59 36 227 65 166 45 60 48 155 142 183 69
Route #10: 205 101 141 193 4 199 228 89 181 121 172 210 116 200 154 108
Route #11: 19 127 138 91 110 132 226 118 169
Route #12: 189 56 223 216 16 7 230 20 46 67 57 27 126 197 144 206 182
Route #13: 78 140 26 192 13 135 18 85 179 139 203 105 52 84
Route #14: 24 173 94 93 152 207 160 158 107 28 37 87
Route #15: 176 212 70 195 133 55 128 129 220
Cost 166587
Time 91.3236
