Route #1: 104 87 89 107 127 101 159 186 102 45 57 176 277 110 26 90 304 249 202 325 324
Route #2: 211 2 308 246 133 65 123 259 155 151 115 55 32 281 302 299 271 284 46 85 203 73 171
Route #3: 297 331 222 224 223 20 30 31 41 63 62 60 17 50 58 36 40 346 243
Route #4: 1 245 128 100 260 122 119 157 208 212 215 225 83 148 166 69 74 42
Route #5: 240 64 150 118 219 239 232 112 70 28 81 86 113 109 209 213 196 124 19 75 77 80 51 27
Route #6: 337 152 35 44 38 47 56 305 79 98 92 82 78 43 94 91 8 7 96 336 95
Route #7: 116 134 54 39 194 18 276 268 231 252 229 250 282 244
Route #8: 126 76 67 68 93 132 52 59 48 66 106 146 108 105 114 125
Route #9: 169 156 168 164 165 167 170 147 216 221 131 218 117 182 181 137 140 135 103 97
Route #10: 214 200 199 195 161 153 178 187 198 138 207 141 185 174 184 197 205 142 204 180
Route #11: 144 160 139 190 189 120 234 130 121 272 294 149 188 177 228 227 242 254
Route #12: 236 6 154 158 136 3 9 16 10 53 61 327 163 296 291 301 193 298 341
Route #13: 338 143 309 88 162 179 71 192 288 191 258 230 251 206 201 241 253 274
Route #14: 292 257 261 220 217 310 226 316 326 278 329 175 173 172 23 129 22 5 210
Route #15: 289 332 318 248 237 264 335 342 263 345 21 25 34 99 37 323 321 334 330 306 300
Route #16: 84 317 344 339 328 286 290 273 12 145 238 267 233 183 235 247 256
Route #17: 269 266 255 287 293 312 311 313 319 280 275 265 270 262 72 279 285 303
Route #18: 295 111 314 29 15 322 24 4 307 340 315 320 333 11 49 33 14 13 343 283
Cost 125806
Time 406.72
