Route #1: 265 250 256 183 98 221 232 101 121 219 74 308 220 316 160 254 100 125 271 318 174
Route #2: 14 102 132 228 154 137 127 120 105 68 66 203 54 261 155 40 18 317 91
Route #3: 17 128 81 58 130 104 106 26 129 89 239 103 62 69 295 207 61 35 286
Route #4: 310 234 214 311 289 162 186 65 285 296 82 181 257 141 109 53 49 15 5 315 235 210 259 149
Route #5: 84 188 291 48 184 167 321 264 224 233 241 283 77 2 70 238
Route #6: 11 138 279 312 313 32 9 21 22 304 282 13 284 12 192 37 44 273 274 277 290 222 251 73 41
Route #7: 8 158 299 301 293 287 19 20 118 119 7 29 30 36 322 55 57 306 28 33 59 267
Route #8: 47 43 80 1 107 189 213 230 243 123 292 298 117 280 281 148 134 147 139 145 159 297 140 24 323 87
Route #9: 263 258 272 270 45 275 300 88 212 85 227 209 206 196 190 93 163 133 116 51 3 60 38 42 195
Route #10: 249 211 198 182 146 126 112 240 246 113 225 268 236 305 245 255 262 276 194 179 172 200 144 16 226
Route #11: 31 67 63 23 177 252 152 56 99 108 111 96 95 75 216 110 294 320
Route #12: 34 50 64 76 86 115 288 114 124 52 319 164 46 176 173 25 170 90 168 269
Route #13: 136 208 156 231 166 244 157 6 71 309 302 237 97 307 10 122 193 94 78 165 278 72 187 4
Route #14: 135 161 178 218 92 260 79 83 150 142 153 303 314 215 266 197
Route #15: 175 143 180 242 247 248 229 201 185 151 253 217 191 205 27 39 171 131 169 202 204 199 223
Cost 168875
Time 553.124
