Route #1: 429 160 81 176 322 205 488 290 7 162 330 237 19 239 194 265 3 221 253 291
Route #2: 5 273 337 9 105 74 439 423 95 222 357 238 317 462 87 292 263 327 212 190 328
Route #3: 100 91 133 233 225 114 234 293 326 370 77 191 308 244 259 189 60 117 143 161 323 201 4 277 333 78
Route #4: 351 344 335 364 319 243 188 412 249 196 208 356 297 339 281 252 168 192 216 217 247 255 257 242 325 186
Route #5: 280 284 195 341 340 313 296 230 146 152 174 122 123 213 159 279 311 215 67 246 416 224 251
Route #6: 93 305 99 134 131 120 409 485 8 136 264 275 471 276 268 206 349 283 299 298 306 310 320
Route #7: 185 430 472 207 443 427 198 200 309 35 204 331 366 375 301 304 169 286 145 121
Route #8: 384 405 96 128 157 37 41 181 180 182 441 414 418 433 480 478 473 449 392 415 218 179
Route #9: 355 359 363 376 385 352 354 353 460 338 468 446 399 379 383 403 425 372 382 381 397 18 12
Route #10: 318 312 332 324 501 496 367 426 55 49 52 447 85 459 86 102 442 461 17 16
Route #11: 368 373 377 492 28 394 396 500 380 390 387 27 15 498 499 389 388 476 465 424 431 404 420 365 374
Route #12: 410 33 54 83 479 453 40 51 44 455 456 452 29 464 454 448 470 484 130 148 282 43 278
Route #13: 428 419 413 436 393 435 432 450 457 11 486 493 68 422 407 361 141 32 303 497 90 39 408
Route #14: 75 411 56 65 398 295 438 469 474 475 108 92 94 69 66 132 104 483 110 64 494 202 321
Route #15: 97 103 487 156 135 84 400 199 254 348 245 395 458 466 21 1 20 329 125 109 477 23 444
Route #16: 126 71 45 106 14 172 149 34 116 223 240 115 118 63 25 36 50 451
Route #17: 73 26 61 347 417 482 124 144 463 362 46 127 171 371 269 360 294 336 267 165 288 210 491
Route #18: 107 266 402 271 57 445 467 72 250 256 10 13 22 334 302 137 203 193 111 154 112 30 495
Route #19: 270 481 228 289 62 248 79 272 175 164 113 178 138 76 142 167 300 48 42 53 80 260
Route #20: 314 31 406 258 386 434 346 307 70 343 378 119 261 2 184
Route #21: 350 369 262 440 345 24 38 59 316 315 153 139 158 177 211 241 229 214 220 235 391 98
Route #22: 490 147 231 58 170 197 163 150 155 287 166 151 89 401 342 421 140
Route #23: 101 226 227 232 274 236 173 88 285 219 209 47 6 489 187 82 183 129 358 437
Cost 227607
Time 1047.37
