Route #1: 454 67 107 271 285 281 480 12 197 58 390 203 62 182 93 104 99 252 26 407 105
Route #2: 426 118 398 442 60 10 8 456 18 185 477 424 430
Route #3: 199 218 86 61 11 54 260 65 70 429 73 123 120 131 92 100 126 179
Route #4: 184 117 270 78 74 473 365 29 41 450 391 462 357 470 25 38 64 428 468 453 239 443
Route #5: 459 385 294 366 286 283 348 97 101 306 278 242 402 282 463 380 431 344 464 6
Route #6: 458 449 143 91 484 44 488 13 309 302 350 467 363 414 220 339 256 254
Route #7: 85 88 153 158 155 163 164 144 34 432 125 397 138 72 265 434
Route #8: 71 208 81 266 59 318 28 27 180 20 303 305 320 491 300 485 299 475 289 264 206 196 228
Route #9: 224 3 333 235 324 36 375 396 413 441 4 259 79 76 418 122 250 248 149 384 2
Route #10: 84 215 98 452 47 166 214 352 141 48 57 200 219 139 273 329 35 446 421 225 247 489 22
Route #11: 389 354 359 405 401 409 404 400 408 483 381
Route #12: 15 268 261 210 162 321 246 417 190 174 387 169 145 193 209 377 212 241 410 275 263 229 115
Route #13: 234 112 21 186 121 110 168 154 124 177 39 116 425 176 77 14 476 195
Route #14: 238 42 301 111 370 150 160 351 313 312 295 287 23 9 262 253 233 213 198 187 360 322 140
Route #15: 127 1 361 244 106 128 427 113 364 376 280 80 403 314 243 222 255 245 416 129 56 249 130
Route #16: 330 317 395 437 457 451 337 367 374 406 68 82 7 32 52 335 336 334 276 346 349 292 230
Route #17: 89 373 172 394 304 95 108 159 223 227 231 40 161 311 466 447 216 157 19 31 171 189 33 291
Route #18: 355 307 296 362 356 240 274 217 211 173 201 481 479 267 460 290 326 383 433 378 87 53
Route #19: 167 388 461 251 279 134 55 331 152 94 353 137 207 191 272 135 43 472
Route #20: 478 338 132 165 202 204 411 181 288 399 50 277 323 319 372 343 308 5 382 142 146
Route #21: 340 205 412 439 170 419 232 103 369 368 474 293 465 415 226 423 444 347 448 236
Route #22: 147 436 114 237 49 136 102 63 257 469 188 435 90 422 221
Route #23: 133 438 455 297 258 420 386 269 471 325 440 332 328 371 148 284
Route #24: 151 46 75 45 342 316 83 119 109 175 66 327 358 16 345 37 24 298 379
Route #25: 96 310 315 392 393 194 490 445 30 51 17 69 486 341 482 156 487 192 183 178
Cost 243083
Time 421.647
