Route #1: 306 289 305 21 142 100 186 114 90 103 118 126 104 139 136 134 145 138 162 166 157 18
Route #2: 52 4 191 38 86 93 217 131 54 2 15 212 207 195 53 107 284 51 16 252 249 233 171 113 151
Route #3: 101 96 98 115 81 40 30 37 43 296 97 181 201 42 169 156 3 196 204
Route #4: 318 159 161 158 31 7 320 317 261 187 269 144 102 183 172 47 8 34 94 88 125 13 128 99
Route #5: 26 319 35 175 259 206 24 84 1 83 220 276 315 323 73 301 14 292 307
Route #6: 148 155 89 185 33 287 266 82 62 325 150 163 222 205 223 251 12 45 224 198 188 20 274
Route #7: 60 56 59 27 17 32 36 39 25 49 127 64 72 65 294 314 312 285 87 174
Route #8: 41 6 74 69 68 61 58 55 322 310 297 304 309 286 248 271 241 242 221 293
Route #9: 112 80 225 216 213 232 230 234 235 239 240 283 95 268 290 19 255 135 63
Route #10: 28 79 265 267 273 288 300 316 10 281 236 231 277 228 302 190 299 189 184 182 179 180
Route #11: 260 254 311 308 321 5 111 258 250 246 256 270 257 11 23 48 57 291 295 298 279 263 71 264 253 244
Route #12: 229 237 272 147 140 313 141 123 122 130 119 120 282 121 278 238 153 154 209 202 200 143 303
Route #13: 324 170 124 46 50 164 178 193 77 208 44 214 211 210 215 219 218 262 22 227
Route #14: 280 247 109 203 105 117 132 92 91 76 78 243 67 70 75 66 326 192 106 108 197 85
Route #15: 245 194 177 167 275 137 129 110 116 133 152 149 160 165 176 173 168 29 146 226 199 9
Cost 147788
Time 575.143
