Route #1: 94 128 92 314 368 360 395 168 91 269 239 311 276 257 123 488 93 469 456 467 484 408 496 290
Route #2: 141 71 134 103 84 199 73 382 53 411 56 472 184 303 226 232 115 125 6
Route #3: 120 173 95 58 177 196 54 87 43 25 80 373 15 113 487 145 74 68 437 486 495 499
Route #4: 447 267 57 111 21 12 332 352 405 418 384 339 455 424 139 319 428 442
Route #5: 422 14 157 272 178 344 13 454 409 227 470 265 151 448 412 406 132
Route #6: 219 55 436 410 337 420 48 423 296 167 228 398 419 117 99 371 383 431 477 485
Route #7: 204 341 363 369 221 483 421 427 218 317 131 142 67 465 466 153 213 2 172 223 202 208
Route #8: 473 498 401 402 34 88 182 350 435 156 147 385 331 292 278 478 36 237
Route #9: 193 441 10 62 105 300 122 124 413 274 137 329 316 263 310 297 302 291 260 425 432
Route #10: 37 38 430 255 116 101 230 333 210 254 164 224 217 188 170 59 433 323 60 180 31
Route #11: 407 160 457 133 130 5 493 490 439 78 426 102 69 90 107 106 77 438 7 494 96
Route #12: 97 233 214 183 203 110 83 154 189 212 247 258 211 248 24 235 41 289 282 283 281 136 149 33 143
Route #13: 262 231 304 312 306 336 347 20 85 29 242 243 471 318 266 176 240 121
Route #14: 79 308 345 187 458 245 197 126 22 185 277 181 3 63 86 44 18 192 162 127 148 452 376
Route #15: 415 429 342 417 346 416 349 364 322 353 326 367 114 482
Route #16: 375 206 244 397 378 366 361 169 175 146 161 112 155 171 309 163 194 207 356 357 174 215
Route #17: 222 75 152 158 35 313 351 380 440 150 4 104 191 109 108 119 1 463 443 492 374 159 65 275
Route #18: 273 450 268 11 28 393 225 348 238 294 138 118 315 9
Route #19: 330 165 379 389 30 236 362 370 186 390 179 52 32 140 40 229 271 298
Route #20: 299 288 320 190 144 89 81 98 27 46 135 400 287 444 307 251 386 392 388 387 453 328
Route #21: 338 261 295 129 66 49 377 246 16 166 479 250 264 293 195 491 489 497 252 216 220
Route #22: 394 343 446 459 464 209 462 201 475 474 17 249 280
Route #23: 284 279 301 270 321 355 372 396 354 359 358 19 51 47 50 42 305 8 286 26 327 461 434
Route #24: 445 256 476 61 64 45 70 82 285 365 391 381 76 403 100 399 200 451 414
Route #25: 460 480 198 404 234 253 468 449 340 335 334 325 481 324 23 259 39 205 241 72
Cost 263562
Time 735.005
