Route #1: 38 120 62 50 92 89 63 59 81 233 66 52 13 37 138 46 140 44 40 30 12 185 221
Route #2: 173 28 35 34 158 160 164 157 86 151 90 88 75 94 72 103 65 128 80 83 101 82 48 145
Route #3: 163 202 143 142 168 137 135 105 39 148 149 161 193 2
Route #4: 98 178 179 96 209 212 215 114 118 119 112 156 110 108 225 228 232 210 216 79 77 73 208 189
Route #5: 126 174 127 132 177 182 184 180 171 213 234 104 85 129 133 144 147 155
Route #6: 113 84 167 195 231 229 7 43 36 47 49 186 192 196 16 21 205 188 6 200 10 1 190
Route #7: 238 11 235 15 95 19 18 102 27 29 68 76 74 230 226 91 117 169
Route #8: 71 222 227 32 60 61 54 26 224 237 53 56 3 201 197 199 172
Route #9: 203 42 23 20 150 204 211 218 223 8 58 25 99 45 4 141 220 22 9 236 17 219
Route #10: 206 51 176 166 198 93 106 121 33 64 139 152 14 239 187 131 165 153 159
Route #11: 170 175 207 55 97 100 181 115 124 146 116 57 41 67 130 5 31 24 154 194 123
Route #12: 125 78 122 217 87 134 214 111 69 70 183 162 107 136 191 109
Cost 123454
Time 697.576
