Route #1: 231 184 137 167 176 172 247 206 291 314 317 31 50 273
Route #2: 280 113 98 70 232 218 60 63 211 187 245 180 73 168 306 282 269
Route #3: 240 9 214 228 32 241 225 250 256 242 43 284 285 300 215 224
Route #4: 266 279 186 299 141 151 108 312 212 208 210 47 316 175 191 192 198 221 263 259
Route #5: 92 103 20 301 116 87 22 203 195 81 89 95 94 201 255 271 287
Route #6: 6 315 181 21 28 169 101 58 128 140 183 14 194 251 134 174
Route #7: 88 144 159 157 173 158 51 166 56 202 147 308 185 189 156 292 90 100 143 229 135 1
Route #8: 136 139 16 222 257 253 182 29 39 8 178 230 7 233 238
Route #9: 258 146 155 138 97 162 171 84 219 249 311 57 3 163 12 4 260 91 96 119 236 244 217
Route #10: 130 122 262 200 223 261 148 127 99 18 110 109 78 126 79 129 305 83 106 235 226 190 274
Route #11: 204 205 19 152 86 164 153 142 117 131 145 302 303 54 55 61 82 85 179 15 160 154 121 105
Route #12: 26 177 17 35 27 309 77 75 33 254 149 111 288 277 197 80 93 2 107 239
Route #13: 132 270 272 102 264 310 313 296 293 227 267 286 294 297 298 295 281 115 196 42 165 120 133 104
Route #14: 62 34 53 248 170 123 112 114 234 68 278 11 237 307 199 13
Route #15: 193 276 289 290 304 207 30 76 74 283 124 150 69 5
Route #16: 45 275 44 72 38 24 10 23 67 66 25 64 161 37 125 188 49
Route #17: 216 65 118 46 40 48 209 41 36 52 252 243 220 213 59 246 265 268 71
Cost 170500
Time 304.678
