Route #1: 186 173 99 122 181 32 171 197 85 152 157 165 15 265 192 217 49 41 65
Route #2: 126 189 146 135 16 27 116 127 93 48 103 92 34 178 176 182 177 180 240 185 14 101 193 2 52 109
Route #3: 175 9 25 86 209 169 54 67 3 98 89 13 183 78
Route #4: 71 159 124 37 104 138 142 136 133 132 118 112 95 100 50 79 248 47 53
Route #5: 51 210 97 219 221 7 241 128 167 156 222 236 82 250 148 269 273 117 234 151 235 36
Route #6: 130 266 147 26 113 271 263 260 208 259 207 227 172 102 45 258 257 125
Route #7: 198 60 57 33 19 31 145 120 58 215 154 121 205
Route #8: 245 246 238 232 226 108 87 218 239 153 20
Route #9: 96 166 191 163 18 35 212 62 187 160 162 46 255 204 30 110
Route #10: 81 196 243 12 115 40 56 64 55 44 42 131 75 28 223
Route #11: 213 76 77 70 149 268 140 139 38 74 66 111 105 252
Route #12: 24 231 249 270 1 242 244 247 61 129 158 168 143 174 170 225 59
Route #13: 262 202 29 251 256 254 233 63 230 72 203 267 237 253 114
Route #14: 199 261 220 214 6 94 188 8 43 39 224 201 206 216
Route #15: 229 179 23 10 88 83 195 106 5 150 137 141 80 91 119 200 123
Route #16: 155 84 69 144 228 21 73 90 4 211 11 68 107 264 194 22 184 161 164 272 134 17 190
Cost 161818
Time 292.267
