Route #1: 286 350 4 243 131 219 320 40 151 106 91 94 268 117 81 136 119 113 62
Route #2: 183 34 173 128 116 93 21 345 246 107 74 262 194 213 337 297 187 196
Route #3: 133 98 92 130 141 137 158 168 198 318 185 191 228 175 142 174 188 18
Route #4: 248 25 362 353 361 227 326 112 358 129 306 72 80 108 47 327 274 166 38 269 171 148
Route #5: 247 135 295 178 159 280 161 313 88 256 37 67 172 311 17 68 73 356 304 265 222
Route #6: 157 200 223 201 207 229 71 314 226 233 284 259 276 277 193 167 333 293 180
Route #7: 290 255 69 99 16 300 89 1 164 156 184 204 205 217 218 138 266 250 294 206 299
Route #8: 281 328 132 240 336 357 189 114 102 75 77 51 202 220 312 97 2 54 182 190 214 231 90
Route #9: 181 212 199 147 125 152 305 232 252 234 235 150 251 254 267 208 33 101 143 224 186 154 126 118
Route #10: 56 177 215 124 209 203 127 120 121 103 146 144 86 85 104 111 225 123 249 230 153 140 289
Route #11: 238 273 283 296 338 285 347 241 46 57 64 221 84 36 55 63 60 216 236 258 253
Route #12: 58 239 115 242 257 195 162 163 278 160 176 179 321 322 170 169 340 342 165 339 155 149 134 139 332 323
Route #13: 83 32 192 282 309 315 329 331 335 348 302 298 8 310 7 14 334 341 343 31 5 355 308 316 303 11
Route #14: 9 301 3 70 28 30 43 53 52 50 49 346 330 95 360 24 27 44 65 41 42 10 59 13 61
Route #15: 263 122 279 39 87 19 261 275 20 352 288 292 325 291 307 76 22 270 96 363 211
Route #16: 244 287 23 272 210 105 237 110 145 35 245 82 100
Route #17: 359 26 48 29 6 364 45 79 354 324 317 264 344 349 351 197 319 78 66 12 271 15 260 109
Cost 175468
Time 383.612
