Route #1: 9 95 110 118 131 29 137 39 114 121 120 89 142 135 132 119 143 146 134 122 139 102 74 228
Route #2: 84 187 3 149 35 34 138 73 129 249 1 252 116 204 56 165 222 161 160 150 148 98 32
Route #3: 5 87 93 213 67 208 97 48 77 103 170 83 63 55 85 94 104 72 80 86 31 49 145 155 159
Route #4: 17 54 76 81 238 179 200 214 65 42 69 46 22 209 240 124 18 52 7 36
Route #5: 177 181 99 108 44 113 79 75 51 30 60 219 28 58 59 10 220 11 236 211 27 188 136 154
Route #6: 205 162 156 25 206 13 210 38 239 218 192 140 57 176 180 43 15 194 130
Route #7: 190 198 91 237 71 66 64 70 251 62 243 229 225 226 223 33 221 224 47 232 37 21 197 8 254 248
Route #8: 216 231 233 16 61 111 26 23 246 20 107 45 123 127 126 40 41 24 14 247 234 53 78 82
Route #9: 196 199 68 12 6 253 195 193 184 189 191 186 202 207 217 215 235 244 227 241 182
Route #10: 203 90 230 2 201 19 168 166 167 112 164 174 185 212 115 101 100 106 128 163 157
Route #11: 169 158 173 245 250 151 152 153 117 125 88 105 141 92 96 109 133 144 147 50 242 4 172 171 175 183 178
Cost 118081
Time 377.167
