Route #1: 186 194 211 202 206 187 121 210 209 99 147 34 15 208 198 182 49 164 90 167
Route #2: 55 161 59 106 40 123 171 68 57 78 91 204 96
Route #3: 151 111 69 30 212 7 14 27 70 33 35 105 41 39 50 29 87 176 18 192
Route #4: 126 135 156 153 149 150 133 137 143 141 125 139 131 154 155 8 127 189 1 145 183 169
Route #5: 11 132 92 101 62 53 93 98 130 162 17 19 16 172 134 191 196 197
Route #6: 43 5 4 199 159 166 178 180 21 74 82 117 140 175 177 146 108 118 129 107
Route #7: 114 124 116 120 119 83 88 76 46 32 6 80 63 25 65 64 102 89 77 86 72 58 52 48 37
Route #8: 104 24 23 179 67 109 115 152 205 188 31 42 136 47 51 22 113 112 3 79
Route #9: 100 85 193 190 200 128 160 44 45 54 36 10 201 207 184 173 110 73 56
Route #10: 28 71 26 38 12 174 165 103 138 20 13 195
Route #11: 97 94 66 60 185 158 84 81 168 163 75 61 95
Route #12: 181 157 148 203 142 122 144 9 2 170
Cost 123484
Time 261.358
