Route #1: 63 181 119 188 18 165 49 74 31 67 89 78 32 244 137 6 241 62 114 29 5
Route #2: 143 163 4 1 116 48 189 169 176 104 148 106 131 154 56 108 107 16 174
Route #3: 33 9 234 3 76 97 85 15 30 221 100 182 246 27 227 212 125 233 135 183
Route #4: 178 77 68 150 110 52 54 109 187 103 96 64 230 157 151 25 42 91 122 2 254
Route #5: 153 180 79 179 128 83 88 102 81 28 126 82 105 20 200 61 69 99 133 203 92 57 19 166 36
Route #6: 87 173 53 120 231 184 8 93 204 138 86 229 23 171 149 124 37 43 132 118 12 55 111 58 17
Route #7: 59 216 141 247 172 40 22 232 136 7 21 159 46 72 243 41 45 35 65 95 117 121 11 206
Route #8: 164 251 155 190 242 238 147 38 101 249 245 240 220 146 75 71 239 226 152 199 44 13 34
Route #9: 39 10 252 73 236 66 80 94 60 123 191 192 253 194 228 250 213 130 177 170 225 47 84 70
Route #10: 217 215 144 51 235 90 98 219 167 193 115 211 134 139 127 160 222 223 208 218 158 24 185 112 186
Route #11: 248 205 161 209 207 196 202 201 198 210 224 162 140 129 142 50 14 113 156 145 26 168 175 214 197 195 237
Cost 89081
Time 578.163
