Route #1: 3 243 17 273 268 95 247 285 283 79 59 74 35 272 30 32
Route #2: 277 259 274 258 2 246 4 211 8 7 212 229 232 241 69 68 27 15 11 271
Route #3: 10 29 34 213 25 188 191 5 133 121 140 139 115 26 28 217 78 62 106
Route #4: 270 250 254 176 177 198 263 227 231 228 226 214 218 215 205 190 179
Route #5: 245 281 280 284 237 238 239 234 236 235 286 136 135 275 200 132 162 118 110 94 105 83
Route #6: 108 127 134 242 210 201 195 189 182 164 163 161 168 166 249 252 266 152 155 255 257 260 256
Route #7: 187 172 209 174 180 196 186 178 181 165 175 185 199 169 204 170 197 192 147 143 122
Route #8: 22 76 129 131 193 57 149 222 230 233 40 43 53 208 216 203 202 154 156
Route #9: 47 39 88 103 146 151 116 142 148 109 97 119 63 111 9 14 107 21 82
Route #10: 96 60 55 90 120 12 13 167 269 221 89 173 207 267 279 248 46 102 48 38 276 282
Route #11: 219 1 261 58 66 77 73 86 85 84 65 80 37 20 24 42 67 44 49
Route #12: 224 41 93 128 104 71 117 144 153 158 157 160 72 51 130 124 50 31 113
Route #13: 262 114 56 194 87 240 223 23 92 253 123
Route #14: 33 278 265 19 64 183 100 6 184 159 18 145 206 264 137 61 101 70 16 125
Route #15: 75 45 112 81 138 126 141 244 150 91 99 98 52 251 225 171 36 54 220
Cost 105679
Time 239.273
