Route #1: 89 76 189 206 92 55 2 182 173 174 168 113 23 233 85 25 156 187
Route #2: 163 79 15 202 122 50 135 148 145 175 258 9 243 150 215
Route #3: 216 193 177 176 237 147 105 276 128 6 83 110 268 30 88 247 24 197 232 64 240 212 266
Route #4: 257 204 179 245 71 1 121 181 34 77 13 43 36 225 250 130 59 58 97 272 81 70 213 27 131
Route #5: 246 17 99 61 269 229 3 29 209 191 120 112 255 67 66 26 44 21
Route #6: 261 46 75 138 108 262 35 62 107 263 33 100 37 38 252 271 166 45 198 87 162 157 101 220
Route #7: 192 117 118 114 185 129 125 141 235 140 274 116 165 49 264 65 8 28 104 14
Route #8: 270 236 119 226 91 171 152 203 11 5 144 210 19 164 211 56 133 273 207 132 267 80 42 126
Route #9: 95 102 180 217 69 53 103 190 106 178 84 63 109
Route #10: 73 188 98 32 72 68 54 277 228 200 224
Route #11: 160 218 93 167 239 158 40 186 222 184 137 154 195
Route #12: 253 234 256 194 214 221 96 47 94 139 231 259 143 201 230 248 155 241 74 124
Route #13: 260 136 169 205 208 254 238 123 82 219 249 134 251 115 60 146
Route #14: 149 39 31 78 265 16 244 18 41 12 196 111 159 170 227 52 151
Route #15: 22 90 242 86 10 183 142 57 4 7 127 153 161 275 48 51 20 172 199 223
Cost 121613
Time 218.611
