Route #1: 66 53 77 140 210 63 257 97 137 220 105 168 169 258 144 57 1
Route #2: 95 142 88 185 233 32 19 221 197 102 94 229 180 187 172 155 226 262 127 182 217 119 112
Route #3: 238 11 96 175 200 48 128 212 205 139 154 253 194 25 18 36 76 20 8 247
Route #4: 51 204 245 150 165 118 29 104 260 87 46 9 251 158 67 23 224 129 24 152 242 256 234
Route #5: 6 208 259 59 265 80 170 34 65 49 109 99 86 162 167 91 171 241
Route #6: 188 103 37 201 202 10 207 136 261 183 232 68 161 124 263 147 218 106 58 21 206
Route #7: 189 179 164 116 114 5 146 45 47 160 35 130 12 239 227 215 17 56 151 184 30
Route #8: 132 92 90 62 39 44 156 54 43 107 83 117 28 193 85 120 141 78 181 26
Route #9: 38 235 214 250 2 174 52 163 192 237 16 61 4 60 14 50 93 252
Route #10: 190 64 254 159 70 79 111 74 100 122 228 213 186 246 113 98 89 115 240 244 173 15
Route #11: 264 236 216 177 198 133 225 81 176 138 255 199 27 145 121 248 196 211 22 230 223 13
Route #12: 126 191 149 178 33 3 69 7 55 131 203 153 143 31 249 243 84 40 71 108
Route #13: 75 222 123 195 231 148 134 166 135 101 219 41 125 42 73 110 157 209 72 82
Cost 162913
Time 224.163
