Route #1: 203 171 204 212 30 117 98 106 162 21 118 191
Route #2: 104 49 50 153 123 205 164 146 9 183 137 161 2 140 61 43 151 122 68 62
Route #3: 109 10 202 80 215 189 188 27 165 81 33 11 69 181 143 97 46 34 72 59 145 124 86 51
Route #4: 150 107 173 55 138 83 179 121 127 108 22 70 197 196 214 200 20 218 13 187 120 194
Route #5: 155 170 53 110 152 190 175 134 193
Route #6: 213 37 74 85 115 58 133 112 160 102 126 57 132
Route #7: 36 199 208 52 45 158 67 88 31 75 77 1 16 217 195 82
Route #8: 172 105 89 35 95 154 185 131 129 186 101 169 163 141
Route #9: 28 17 3 38 4 76 130 220 135 94
Route #10: 99 103 41 14 79 116 12 114 139 19 71 66 39 78 209 111 7 157 142 92 40 144 219
Route #11: 192 87 26 47 64 84 168 182 119 210 174 156 166 73 15 198 96
Route #12: 54 216 206 184 147 60 136 149 125 180 167 91 178 56 201 6 8 18 177 65 176 5
Route #13: 90 42 23 100 93 159 63 32 211 128 207 24 25 113 29 44 148 48
Cost 149678
Time 249.874
