Route #1: 50 47 32 29 108 90 101 27 26 14 206 40 211 203 190 110 99 38 209 195 196
Route #2: 46 86 83 213 55 207 175 157 54 113 131 172 173 147 170 168
Route #3: 167 210 37 42 92 214 212 193 192 185
Route #4: 65 94 119 148 53 64 21 17 220 135 129 68 52 180 179 178 95 169 184 215 105 16
Route #5: 219 125 20 6 11 122 8 63 76 74 24 12 10 4 138 141 104 118 154
Route #6: 163 166 146 128 197 15 78 80 22 71 142 97 181 186 182 151 164 165
Route #7: 160 176 57 25 43 13 59 217 201 1 183 187 174 31 158 60 218 216 103 124
Route #8: 62 98 58 44 69 102 117 77 143 116 36 120 109 89 87 100 111 115 134 66 149 137 34
Route #9: 33 85 79 112 23 121 19 9 140 3 56 49 72 35 205 188 2 156 48 75 106 91
Route #10: 51 82 144 127 39 189 133 18 61 45 194 162 136 67 153 177 126 28 7 159 96
Route #11: 73 139 70 208 114 161 81 202 88 84 199 198 107 41 93 200
Route #12: 152 191 204 5 30 150 171 132 155 145 130 123
Cost 131379
Time 147.577
