Route #1: 123 176 169 168 104 138 241 140 44 109 268 195 16 302 57 132 293
Route #2: 216 253 17 48 53 98 99 22 208 288 250 162 207 91 276 25 64 107 97 62 82 108 186
Route #3: 243 85 165 29 248 198 197 171 115 59 137 172 129 93 77 61 92 292 304 81 58
Route #4: 100 74 83 95 10 101 87 28 39 65 299 55 56 269 52 51 318 246
Route #5: 270 305 36 225 35 40 27 71 113 146 46 145 67 68 117 90 89 314 8 133
Route #6: 247 50 47 88 124 167 181 255 266 291 96 69 265 49 263 228 209 202 41 259 111 130
Route #7: 150 149 170 179 114 142 254 258 128 174 155 112 118 94 84 66 76 73 70 63 75 72 159
Route #8: 131 126 127 160 119 161 163 153 178 125 221 134 220 219 157 144 191 147 139 151 120 116 110 102
Route #9: 60 175 182 184 183 194 211 214 215 233 199 230 205 237 244 196 200 203 166 154 185
Route #10: 262 251 158 242 204 212 206 193 192 187 222 217 80 79 177 223 189 274 213 224 235 267
Route #11: 234 312 310 135 156 9 143 136 148 164 283 121 122 287 78 289 284 279 180 152 141
Route #12: 257 226 173 275 190 218 295 252 306 309 236 210 201 303 315
Route #13: 273 271 282 286 281 260 277 280 285 229 238 240 300 227 239
Route #14: 261 21 245 4 38 37 105 106 15 34 188 18 19 24 231 232 264 23 256 249 307 32 86
Route #15: 2 14 313 316 5 20 13 54 290 272 278 1 3 11 308 296 297
Route #16: 42 31 298 103 43 33 7 26 12 30 45 311 317 301 6 294
Cost 113656
Time 328.46
