Route #1: 11 280 119 302 300 10 276 16 297 287 283 36 49 298 41 33 286 44 8
Route #2: 258 295 292 244 238 290 289 245 284 253 275 265 262 249 256 255 304 274
Route #3: 240 6 235 21 239 77 248 261 263 29 31 32 194 154 122 25 223 209 118 211
Route #4: 237 37 30 164 126 14 7 184 301 3 15 9 179 190 204 206 285 303 293 294 272
Route #5: 208 224 215 216 181 210 149 225 17 183 196 195 227 226 220 250 267 201 273 197 288
Route #6: 161 165 214 228 246 130 125 153 145 269 167 187 199 259 241 222 186 219 189 53
Route #7: 147 123 166 168 128 200 176 198 170 180 192 188 207 169 171 158 105 86
Route #8: 48 136 146 152 150 144 221 229 236 232 230 101 279 278 100 155 257 212 203 185 157 94 98
Route #9: 56 254 46 270 148 63 69 103 109 177 124 114 202 120 117 102 116 112 110 134 97
Route #10: 88 96 299 38 71 78 68 89 72 66 65 60 62 59 73 58 95 90 268
Route #11: 233 5 19 22 40 106 271 42 162 47 54 43 266 24 260 247 231 142 242 160
Route #12: 51 218 2 4 84 18 20 91 296 45 13 12 133 52 217 282 34 23 76 70 57
Route #13: 264 243 82 104 137 127 64 83 108 35 178 67 79 61 55 143 151 87 139 141
Route #14: 175 135 85 111 99 113 50 81 26 213 281 27 251 252 159
Route #15: 173 131 191 172 182 193 205 234 174 163 129 115 93 156 277 121 80 74
Route #16: 107 291 1 28 138 92 132 75 140 39
Cost 137387
Time 405.717
