Route #1: 92 36 198 174 286 291 175 29 19 20 208 88 59 221 150 51
Route #2: 167 149 94 216 64 89 265 202 190 189 32 110 263 173 83 302 276 270
Route #3: 298 308 61 165 134 169 186 306 253 273 182 109 229 199 279 294 247 158 155 139 113
Route #4: 81 194 303 151 272 107 162 152 259 131 220 98
Route #5: 71 318 28 3 328 283 45 57 108 91 101 128 196 77 320 96 142 73 62 289
Route #6: 284 278 236 264 251 78 301 69 124 90 210 227 207 248 157 75 257 285 326 288
Route #7: 192 181 65 99 132 178 40 233 252 145 258 44 293 262 187 300 148 325 12
Route #8: 135 249 130 240 314 153 217 123 126 125 72 8 116 319 241 267 144 147
Route #9: 177 21 160 282 232 67 102 97 211 9 204 34 164 26 218 60 234
Route #10: 100 172 121 48 5 224 203 82 33 95 22 43 10 25 85 137 238 80
Route #11: 112 305 56 127 225 226 52 275 118 214 115 58 136 140 138 244 41 143 310 14 103 180 179 50
Route #12: 53 239 269 188 7 287 304 299 146 274 295 105 54 47 307 171 141 268 163 316
Route #13: 154 79 117 313 63 159 321 68 170 2 222 37 323 205 327 237
Route #14: 93 311 296 74 104 201 324 312 133 290 55 76 254 176 200 129 215 23 49 31 24 281
Route #15: 11 260 243 213 120 87 84 184 70 309 223 250 191 119 206 242 111 46 106 1 235
Route #16: 271 30 86 42 161 195 122 197 66 16 219 193 15 166 266 246 322 156 292 228 315 297 39 38
Route #17: 185 255 245 35 27 18 230 256 277 317 168 13 209 114 261 6 212 183 17 231 4 280
Cost 143701
Time 463.574
