Route #1: 74 270 283 279 286 17 43 32 59 288 34 33 38 39 36 97 67 44 221
Route #2: 239 188 161 267 268 185 184 216 289 295 299 306 243 245 262 271 273 29 24 18 12 14 278 272
Route #3: 304 257 232 23 241 133 35 230 229 37 218 20 183 128 19 109 171 213 220 13 11 199
Route #4: 290 305 293 287 242 26 31 15 219 252 251 249 248 250 253 307 160 274 181 212 291 302 224
Route #5: 200 198 9 129 123 132 148 266 105 231 234 269 258 285 284 303 294 7 297
Route #6: 254 84 238 191 190 187 204 196 153 195 170 166 157 102 146 130 115 83 117
Route #7: 167 176 151 142 189 192 168 154 144 145 143 201 156 155 210 174 214 208 169 186 173 165
Route #8: 209 172 259 240 260 264 263 60 88 126 124 125 136 292 255 137 203 211 228
Route #9: 63 202 197 177 111 159 108 87 101 99 158 163 182 222 235 236 207 206 127 175 164 152 131 104
Route #10: 5 57 100 265 8 55 180 226 46 246 217 114 247 244 227 49 280 139 140 65 66
Route #11: 95 42 73 261 276 275 89 93 92 103 76 91 80 41 51 1 300 45 25
Route #12: 47 30 70 96 141 69 52 58 62 120 61 64 77 79 86 112 68 225
Route #13: 223 85 6 107 98 178 3 135 134 162 179 301 113 54 72 122 10 50 147 28 233 116
Route #14: 78 110 16 27 281 256 81 298 296 4 21 106 205 194 56 71 2 237
Route #15: 118 150 282 277 40 75 94 82 53 149 215 193 138 121 119 22 90 48
Cost 110395
Time 292.52
