Route #1: 96 9 128 103 2 181 206 130 87 184 207
Route #2: 46 216 19 21 48 85 35 64 63 5 214 138 125 29
Route #3: 120 82 88 7 94 68 73 75 165 180 112 95 143
Route #4: 31 225 44 81 54 104 106 105 36 113 15 223 186 133 179 12 160 137
Route #5: 188 129 135 115 107 174 167 132 196 198 185 217 18 74 90 124 127 144 203 200 190 197
Route #6: 53 97 100 101 102 146 162 150 123 134 119 91 118 136 122 98
Route #7: 195 215 219 76 42 141 6 27 227 169 142 159 49 32 70 80
Route #8: 189 158 145 152 178 183 177 10 164 151 131 110 155 148 61 111 173 57 40 153 39 41
Route #9: 116 92 201 25 175 11 187 194 226 229 59 199 45 78 33 16 233 237
Route #10: 193 114 126 163 140 170 4 191 149 171 222 161 176
Route #11: 172 157 147 3 89 67 8 52 22 99 23 34 121 83 139 154 62 213
Route #12: 210 208 84 77 182 58 156 47 60 202 79 86 192
Route #13: 168 24 26 30 72 166 117 50 51 108 55 65 220 228 1 17 69 66 38 43 13
Route #14: 20 14 218 93 56 209 71 28 224 230 231 234 232
Route #15: 205 212 211 235 221 204 37 236 109
Cost 144948
Time 606.744
