Route #1: 397 147 317 104 143 72 43 118 19 305 344 2 135 208 205 219 326 290
Route #2: 416 96 371 425 226 225 204 404 161 105 188 449 10 429 424 352 295
Route #3: 245 283 316 334 125 195 266 271 440 395 138 79 153 413 365 296 300 428 306
Route #4: 60 342 467 444 313 9 131 401 411 141 360 442 39 40 68 327 218 101 137
Route #5: 42 470 462 210 12 196 213 318 85 122 396 70 169 102 112 149 335 310 435 44 178
Route #6: 448 221 254 267 454 18 231 160 5 253 298 250 246 142 272 278 264 120
Route #7: 62 417 430 34 324 232 90 52 7 11 443 181 180 107 103
Route #8: 97 100 422 431 17 114 89 190 115 455 469 194 464 175 376 111 84
Route #9: 406 241 463 333 403 83 67 32 412 409 58 98 59 56 177 110 168 466
Route #10: 93 106 109 187 87 150 99 260 82 280 279 25 338 229 48 261 445 452 398
Route #11: 173 129 75 383 426 350 355 293 289 302 35 380 343 453 447 434
Route #12: 465 294 281 282 297 152 164 341 189 340 92 95 438 227 374 381 308 312 320 202 358
Route #13: 24 314 446 328 303 154 6 55 20 223 420 165 215 415 285 66 331 337 26
Route #14: 148 291 74 171 76 419 31 375 133 399 408 457 432 301 468 315 456 64 211 387 259 170 414 373
Route #15: 388 370 353 379 367 410 123 145 146 134 427 372 242 237 385 458 183 121
Route #16: 71 222 437 255 240 128 132 119 41 159 28 172 191 174 235 144 186 182 176 50
Route #17: 270 346 124 439 357 336 362 86 140 15 80 377 130 386 192 220 228 287 214 325
Route #18: 433 461 418 321 197 348 185 22 384 69 21 421 29 127 441 309 363 136 88 65
Route #19: 369 349 263 265 51 400 304 258 330 276 234 390 391 423
Route #20: 339 345 157 292 166 356 392 38 307 13 230 151 3 155 319 198 450 451 193 179 207 78
Route #21: 47 273 163 251 248 249 236 238 54 209 269 274 4 14 23 37 394 257 252 256 244 46 49
Route #22: 378 108 224 288 156 94 16 262 45 460 57 33 359 27 368 459 61 402 323 284 217
Route #23: 311 216 233 393 1 117 436 73 36 247 184 200 167 158 199 201 354 286 243
Route #24: 277 322 275 81 77 30 239 382 63 268 364 212 405 366 91
Route #25: 53 351 332 116 389 203 347 299 361 126 329 113 139 206 407 8 162
Cost 249273
Time 961.104
