Route #1: 126 256 268 294 218 216 204 207 209 179 119 137 234 157 205 214 231 276
Route #2: 167 115 393 1 145 144 125 89 91 76 26 135 171 66 193 248 245 67 241 221 92 264
Route #3: 240 192 170 136 158 180 59 247 257 219 217 225 148 172 173 177 338 235 251 262 252 133 242 224 212
Route #4: 96 249 370 159 169 175 176 345 347 182 190 189 186 336 161 152 330 142 334 78 99 101 139 113 64
Route #5: 260 69 226 232 349 278 313 316 17 327 10 141 27 23 311 15 392 391 8 11 12 320 328 70 318 307 390
Route #6: 156 208 128 122 114 188 146 299 300 280 250 275 215 366 229 236 230 223 325 266 265 282 254
Route #7: 54 305 301 288 310 121 371 166 380 386 14 138 102 79 362 359 354 351 44 52 357
Route #8: 286 308 291 293 289 285 292 295 296 384 326 36 37 42 352 350 53 61 72 73 93 304 77
Route #9: 62 104 120 116 124 32 155 55 47 108 80 20 363 21 154
Route #10: 238 302 314 87 269 34 355 358 360 364 375 379 340 342 337 339 317 309 332 303 298
Route #11: 13 45 341 261 111 211 129 51 377 383 86 88 97 85 5 346 83 368 385 376 381 348 283 323 315 306 281
Route #12: 279 272 227 367 168 185 373 147 107 28 255 244
Route #13: 160 63 130 131 38 132 58 274 258 206 287 344 329 95 361 98 90 82 343 369 74 48
Route #14: 322 220 321 202 284 335 127 374 178 263 7 267 191 196 40 118 6 246 112 239 372 387 200 331 259
Route #15: 94 270 277 81 43 4 3 389 31 150 50 100 184 140 195 194 198 273
Route #16: 60 210 253 68 201 84 149 33 18 181 134 22 243 49 39 56 35 75 123 2 16 41
Route #17: 65 228 356 162 106 110 105 109 57 24 353 222 324 203 319 378 271 290 312 365 19 382
Route #18: 333 388 183 164 103 71 237 197 199 143 117 46 174 153 165 30 233 29 187 151 163 213 9 25 297
Cost 175462
Time 427.78
