Route #1: 9 227 238 226 207 204 214 148 126 197 103 98 99 160 206 211 159 157 149 191 228
Route #2: 235 201 212 209 161 163 165 69 58 145 113 90 219 125 224 133 137 220 177 11 152 164 20 108 45 218
Route #3: 141 196 176 83 48 236 35 62 64 63 57 66 51 73 33 109 115 136 52 65 89 38 82 44 34 26
Route #4: 194 29 49 129 116 55 117 67 27 203 140 46 237 13 14 3 86 175 134 120
Route #5: 32 155 232 221 229 72 213 139 59 56 53 75 223 231 78
Route #6: 234 41 166 95 181 190 225 192 131 4 54 50 80 42 233 60 23 170 162 79 74 119 199
Route #7: 91 88 70 40 36 31 87 25 150 104 77 16 144 189 188 184 17 178 138 179 71 169 85 200 174 180 240
Route #8: 61 105 122 39 21 76 112 142 94 239 195 30 97 106 222 19 12 43 37 172 24 202 156 107 101
Route #9: 18 185 114 205 154 100 127 173 151 132 153 124 128 130 8 22 143 118 210 93 92 96 84 217
Route #10: 168 198 135 7 187 5 121 230 68 167 215 102
Route #11: 158 28 1 47 186 110 171 10 216 6 15 193 146 183 208 147 123 182 111 81 2
Cost 85770
Time 366.592
