Route #1: 237 124 81 52 40 217 201 205 215 13 14 18 15 53 219 50 277
Route #2: 126 224 227 143 129 133 62 169 164 168 160 270 176 188 72 76 39 163 192 165 299 285 162 105 91
Route #3: 26 19 67 65 107 2 189 137 37 66 20 244 5 51 113 36
Route #4: 31 136 110 256 21 10 138 33 144 146 104 289 286 154 159 170 290 279
Route #5: 200 101 258 148 149 34 228 45 115 114 55 209 125 111 229 141 132 246 70 57 56 242
Route #6: 94 93 42 87 109 83 86 199 182 61 257 166 153 156 181 172 161 32 108 202 167 175 245 69 25
Route #7: 6 287 58 180 147 213 207 140 24 123 3 98 97 74 178 204 121 60 22 253 122 127 145 116 27
Route #8: 17 88 196 220 226 151 84 78 280 92 283 281 284 71 297 235 73 158 28 29 186 206 273 216 68
Route #9: 80 211 171 292 174 195 12 44 293 100 11 30 177 282 157 117 139 278
Route #10: 265 274 130 142 120 119 79 155 152 254 255 249 187 184 103 16 210
Route #11: 96 82 89 291 260 8 9 248 233 118 85 173 262 193 203 221 222 275 295 179 1
Route #12: 102 23 288 77 106 75 294 4 95 183 48 35 41 267
Route #13: 266 63 46 47 49 43 134 38 298 261 263 268 264 243 276 54 269 250 247 259 251
Route #14: 64 59 7 90 99 135 208 212 218 190 272 271 214 236 296 240 241 234 239
Route #15: 112 225 230 231 197 232 131 238 185 128 198 223 194 191 150 252
Cost 159644
Time 255.171
