Route #1: 237 173 364 209 227 64 378 50 5 111 51 257 265 340 380 2 45 95 165 254 228 210
Route #2: 202 294 176 89 6 318 263 253 134 144 73 75 138 169 208 272 196 195
Route #3: 250 381 46 123 157 166 91 132 159 124 16 15 190 92 207 218 101 74 151 162 100 8 222
Route #4: 281 326 379 106 108 115 93 99 359 175 120 102 98 76 119 347 125 107 305 154 53 349
Route #5: 203 193 3 277 291 28 42 1 67 72 83 26 82 118 96 105 143 145 104 117 116 133
Route #6: 40 61 55 56 49 155 14 130 112 110 351 390 389 58 84 86 41 113 128 383 350 319
Route #7: 153 81 57 188 199 44 303 27 121 114 127 315 332 348 63 328 297 215 69 65 163 79 77 90
Route #8: 152 68 255 259 94 266 296 311 258 344 345 62 244 80 217 187 179 78 365 304 70 223
Route #9: 164 109 139 131 146 122 148 158 141 171 211 238 174 180 177 186 192 168 142 197 140
Route #10: 135 156 150 242 178 314 368 126 352 136 137 373 361 366 341 339 317 271 226 149 147
Route #11: 292 290 245 256 221 216 185 183 181 170 167 205 213 212 233 236 219 161 71
Route #12: 234 251 260 220 23 160 301 310 300 276 282 54 85 312 182 189 194 201 224 362
Route #13: 307 264 325 246 247 343 232 243 327 241 322 330 214 279 269 268 191 103 278 280 231 239 267 298
Route #14: 299 286 275 335 274 248 342 338 334 229 230 200 336 316 329 360
Route #15: 308 302 313 309 273 353 283 374 288 372 358 376 184 172 25 18 12 9
Route #16: 13 355 369 370 356 367 306 321 284 289 295 249 252 240 235 198 129
Route #17: 285 17 11 204 225 206 261 262 10 270 287 293 331 31 382 29 38 37 22 20 7 354
Route #18: 4 357 39 337 34 32 43 377 52 385 97 371 375 47 48 19 30 88 87 333
Route #19: 324 323 320 387 386 24 33 66 59 21 388 384 60 363 35 36 346
Cost 134186
Time 772.673
