Route #1: 154 184 178 162 116 182 82 73 211 104 60 93 19 214 61 69 34 84 89
Route #2: 137 70 194 176 206 57 189 152 122 77 179 37 180 66 4 75 208 143 106 197 26 112 62
Route #3: 22 138 120 193 140 39 192 157 110 43 80 119 150 171 196 198 85 134 74 207 14
Route #4: 91 142 86 123 32 159 8 169 58 155 29 28 25 88 172 202 78 174 181 50 27
Route #5: 10 125 71 81 188 139 212 121 126 55 12 170 100 177 200 158 94 146 175
Route #6: 151 40 65 99 64 6 35 161 92 128 145 185 165 96 135
Route #7: 160 24 95 33 72 1 147 109 31 2 167 21
Route #8: 17 63 97 103 102 107 118 131 132 204 190 114 209 133 23 15 105 201 53 59 144
Route #9: 46 141 90 130 11 18 186 163 213 7 13 117 98 199 3 49 124 101 30
Route #10: 191 79 111 45 41 42 16 127 44 164 87 115 203 113 9 38 76 108 54 129 156 136 148
Route #11: 5 56 210 173 166 83 149 36 153 183 48 47 205 67 68 168 52 20 187 195 51
Cost 102986
Time 196.494
