Route #1: 168 112 103 66 108 57 10 225 42 206 196 190 115 144 156
Route #2: 207 52 100 220 210 177 141 106 143 87 178 118 133 139 199 111 211
Route #3: 117 33 41 107 55 17 186 2 14 86 114 84 80 138 102 28 135 38 110 205 149
Route #4: 181 180 228 187 188 147 137 128 75 64 29 101 212 202 91 44 60 77 129 98 48 182 113 192 96 136 120 226 39 32 94 92
Route #5: 131 12 176 189 61 121 72 116 54 158 164 214 53 97 217 79 124 170 193 174 82 89 213 191 194 5 123 70 195 203 85 109 165 172 230 166
Route #6: 155 152 74 157 19 145 31 198 99 7 68 9 40 146 23 51 56 63 104 67 11 184 69 45
Route #7: 46 37 35 105 142 134 65 26 36 1 229 167 222 30 216 150 13 201 119 169 179 209 3
Route #8: 122 126 62 127 161 162 24 20 221 16 175 183 185 125 173 83 219 200 59 50
Route #9: 227 8 21 224 153 132 130 88 49 151 93 81 27 208 197 47 171 73 76
Route #10: 78 90 34 160 140 148
Route #11: 58 215 4 223 15 25 163 159 204 18 71 22 218 43 95 154 6
Cost 136780
Time 127.944
