Route #1: 242 292 209 189 15 10 202 207 9 27 41 253 229 245 270 279 247 246 235 8 214
Route #2: 36 21 13 241 254 322 237 320 236 289 267 281
Route #3: 280 275 219 259 286 148 185 208 174 191 193 223 271 72 106 328 12 198 218 234
Route #4: 316 319 304 188 315 196 239 248 183 26 190 20 291 23 151 176 276 266
Route #5: 65 89 35 40 53 54 59 62 63 61 86 60 56 1 29 142
Route #6: 105 313 88 166 153 150 317 52 70 165 17 116 250 107 240 290 203
Route #7: 213 99 117 329 28 51 14 200 128 251 57 30 32 311 4 206 258 140
Route #8: 273 64 178 216 244 228 114 46 44 201 215 277 184 125 138 50 71
Route #9: 210 296 257 301 48 297 104 295 294 231 288 233 230
Route #10: 222 120 127 91 205 5 221 74 69 255 137 18 164 136 75
Route #11: 94 115 96 204 159 268 272 130 163 158 76 226 135 323 100
Route #12: 225 167 252 172 121 25 109 80 90 87 212 278
Route #13: 110 73 141 146 154 168 147 93 162 144 327 112 306 181 108 186 47 169 282 303 307 308 305
Route #14: 161 113 6 37 192 152 103 38 24 95 11 33 326 293 102 68 287 98 182
Route #15: 81 92 43 34 19 49 58 97 220 2 197 124 173 314 157 156 284 3 299 300 132 170 143
Route #16: 262 243 195 263 238 264 265 126 217 260
Route #17: 227 122 78 129 31 187 175 155 118 283 232 194 310 66 39 133 249 139 42 84
Route #18: 7 171 177 111 211 45 82 274 101 309 321 180 145 22 16 119 55 85 285 324 123 256
Route #19: 261 269 302 179 199 318 160 149 312 325 131 134 298 83 79 77 67 224
Cost 200461
Time 218.031
