Route #1: 139 119 111 43 100 92 72 109 97 120 113 98 143 133 149 147 99 79 90 181
Route #2: 237 238 106 115 127 128 138 84 131 110 184 30 51 46 35 34 234 123 116 189 122
Route #3: 124 117 114 130 10 164 166 66 141 78 76 77 105 91 63 55 69 61 58 47 37
Route #4: 159 182 171 136 135 134 140 82 192 89 101 216 215 104 94 95 168 175 190 220 87 228 88 227
Route #5: 60 162 179 155 151 176 161 165 158 145 146 173 169 172 174 167 170 191 225 210 132 152
Route #6: 150 153 160 212 217 223 202 154 209 156 163 8 5 183 177 178 185 195 194 196 188 180 71 148
Route #7: 11 12 236 187 213 16 205 19 198 26 59 45 42 39 14 230 218 208 211 20 206 204 13 186 231
Route #8: 201 193 214 33 44 41 31 67 17 65 15 86 22 24 102 36 68 54 62 64 203 38
Route #9: 235 219 222 57 200 73 29 6 2 107 137 118 197 199 207 70 49 53 52 50 224 229 221
Route #10: 142 27 112 3 9 4 233 232 7 1 83 144 25 23 28 80 157 32
Route #11: 96 56 40 226 125 18 121 81 103 85 21 126 108 93 75 74 48 129
Cost 113090
Time 312.498
