Route #1: 251 37 60 311 280 233 20 16 215 196 194 203 346 10 24 23
Route #2: 272 246 314 240 238 244 321 315 331 338 318 277 252 226 219 323 322 224 242 256
Route #3: 239 261 259 229 207 160 104 211 202 205 176 232 222 172 204 179 164 221 208 258 158 136 133 273 45
Route #4: 54 70 342 294 181 33 27 129 80 118 56 57 255 297 279 61 343 300 327
Route #5: 295 31 260 254 143 38 139 333 34 92 330 88 44 320 340 137 126 157 253 124 174
Route #6: 287 223 291 125 188 94 166 97 109 177 345 39 217 278 262 324 326 114 293
Route #7: 71 35 83 249 339 283 301 197 120 162 59 296 48 187 299 286
Route #8: 87 146 132 235 107 138 134 15 303 55 153 21 169 74 248 309 292
Route #9: 91 113 77 8 290 81 168 149 148 95 167 180 159 43 64 185 334 305
Route #10: 78 275 274 98 313 216 213 319 142 200 178 76 302 206 198 316 189 285
Route #11: 65 191 6 53 183 170 101 199 245 110 108 105 154 281 190 131 317 332 276 236 312 116 182
Route #12: 41 90 75 5 36 102 106 115 42 257 310 212 243 2 130 250 135 288 210 29 307
Route #13: 82 123 79 14 58 69 62 220 209 67 63 68 18 228 11 241 127 19 46 9
Route #14: 156 201 237 193 218 122 119 111 173 86 100 30 1 328 99 85 73 40 155 17 96 151
Route #15: 284 282 247 227 192 230 128 93 121 3 7 264 267 269
Route #16: 26 112 175 28 145 66 140 47 184 152 171 52 51 147 186 325 103 32 336 306 163
Route #17: 84 50 49 270 266 268 271 25 195 22 214 304 298 308 225 72
Route #18: 344 13 165 161 329 89 141 335 341 337 144 12 289 4 265 150 263 234 117 231
Cost 202896
Time 527.517
