Route #1: 48 59 300 299 297 5 9 290 254 255 241 231 210 203 169 22 51 41 310
Route #2: 116 101 28 52 43 57 34 13 7 68 288 279 61 292 1 285 32 268 19
Route #3: 246 121 152 258 286 103 114 29 197 244 77 309 37 54 85 186 90 82
Route #4: 35 218 202 36 213 71 122 135 150 204 118 140 88 153 295 70 266 211
Route #5: 198 194 168 296 86 12 81 76 162 176 308 4 173 120 92 214 193 84
Route #6: 149 156 160 159 137 143 129 125 273 157 155 151 178 111 154 127 65 267 98 30 66 94 79 274
Route #7: 42 175 136 40 39 64 247 69 148 72 93 181 104 99 95 96 124 105 107 97 109 73 177 182 188 189
Route #8: 259 208 209 219 123 100 112 161 167 174 190 201 20 158 166 132 207 163 171
Route #9: 2 110 74 108 87 106 195 102 180 200 196 187 53 47 49 56 192 179 170 141 146 44 165 287 185
Route #10: 234 253 263 278 115 275 133 293 280 139 142 145 147 130 222 138 144 134 281 126 302 305 119
Route #11: 205 128 191 184 183 117 225 260 264 277 25 26 89 15 75 307 298 248 63 252 227 221
Route #12: 237 24 18 301 269 284 304 10 283 276 27 270 251 21 242 311 11 239 6 229 291 199
Route #13: 113 249 224 226 240 245 272 238 235 289 215 220 257 233 243 230 236 232 212 206 228 216
Route #14: 55 262 58 67 46 8 23 17 16 306 294 3 282 303 271 261 223 265 217 14 45
Route #15: 80 83 78 250 172 62 256 38 91 50 60 33 164 131 31
Cost 140368
Time 711.084
