Route #1: 160 138 140 133 113 106 127 112 109 73 100 101 107 111 128 118 123 158 153 223 98
Route #2: 172 147 141 89 66 85 234 60 186 64 55 99 91 86 130 78 79 61 97 59 62 65 56 72 88 1 76
Route #3: 232 134 45 50 47 44 144 38 148 151 149 170 193 202 194 198 205 105 142 135 102
Route #4: 131 119 120 132 126 117 124 129 168 185 195 143 22 31 39 20 192 189 12 177 174 171
Route #5: 32 104 103 114 110 191 108 208 96 87 84 221 227 5 77 15 70 41
Route #6: 155 146 13 139 145 167 169 200 204 163 178 176 165 166 179 164 212 228 122
Route #7: 162 197 190 180 199 201 187 196 206 213 14 2 188 182 183 175 4 233 154 137 159 161 150
Route #8: 3 181 152 24 54 36 92 94 83 93 80 75 63 209 17 19 230 215 211 210 225 219 222 220 173 184 34 48 43
Route #9: 214 40 52 74 68 25 30 29 28 21 16 229 224
Route #10: 42 82 125 116 115 58 207 226 69 37 10 217 218 46 51 57 231 49 216
Route #11: 33 53 71 95 121 26 67 11 81 136 157 18 27 9 6 90 203 156 35 23 7 8
Cost 114861
Time 345.878
