Route #1: 156 113 170 227 243 219 194 237 148 277 168 433 131 230 59 234 49 23 182 255 382
Route #2: 351 110 139 267 210 253 222 111 308 174 143 162 106 310 141 146 128 268 196
Route #3: 248 155 60 442 199 350 301 149 235 276 272 279 33 40 453 449 85 140 302 360 278 3
Route #4: 107 318 167 165 241 288 122 406 282 295 184 82 80 101 446 137 293 305 135 316 181 188
Route #5: 105 83 74 129 164 158 287 123 70 231 9 28 385 292 15 371 198
Route #6: 53 169 93 290 240 147 266 265 309 307 62 21 1 7 12 18 20 22 19 100 98 73
Route #7: 187 61 150 338 130 233 345 441 134 306 27 263 250 269 68 2
Route #8: 205 24 346 172 314 77 91 75 432 178 448 271 64 72 119 50 342 455
Route #9: 349 421 425 431 456 443 99 104 108 103 428 427 92 97 407 102 45 66 65 397 436 418 409
Route #10: 252 384 76 152 44 414 412 426 439 438 451 420 415 429 411 408 399 376 374 368 364 132
Route #11: 403 402 405 404 394 372 390 398 389 333 331 317 332 327 160 236 383 395 300
Route #12: 35 42 87 36 38 37 84 89 43 96 78 79 81 54 57 58 56 416 366 361 430 358 344 340
Route #13: 335 69 109 127 440 145 136 151 46 183 171 115 112 26 126 417 410 86
Route #14: 303 304 296 297 311 357 323 313 388 320 330 325 370 347 375 401 393 343 377
Route #15: 273 326 419 337 457 8 359 365 30 381 25 133 48 47 392 17 380 369 373 298 378 29 363 352 447 334
Route #16: 315 321 336 367 356 339 341 328 329 454 348 4 362 354 458 459 460 6 422 322 319 353
Route #17: 312 289 256 226 225 259 216 274 270 94 5 114 242 32 90 88
Route #18: 324 16 355 396 244 251 261 264 291 423 445 444 413 424 238 239 220 175 249 191 203 213 223 294 280
Route #19: 286 283 232 228 221 247 157 161 285 163 144 201 185 190 202 212 262 284 254 299 245 275 281 31 208
Route #20: 197 229 391 452 13 41 386 387 124 154 39 159 180 193 117 120 10 379 14 437
Route #21: 206 246 51 67 450 63 118 116 200 204 95 258 214 218 52 177 55 189 195 257 215 211
Route #22: 207 217 260 209 173 179 11 153 125 142 176 192 400 435 434 34 166 138 186 121 224 71
Cost 193031
Time 1176.93
