Route #1: 278 137 190 232 288 203 110 210 186 117 212 67 17 101 127 58 277 79 195 22
Route #2: 56 308 80 130 313 209 263 240 269 185 105 113 65 145 49
Route #3: 102 260 23 55 125 26 42 112 68 196 312 118 168 121 108 227 10 83 223
Route #4: 13 99 15 57 319 128 96 54 259 270 254 60 163 301 245 264 183 85 104 138 63 276
Route #5: 237 62 179 230 69 11 197 220 298 171 247 51 271 267 205 280 133 28 164 234 218 233 92 35
Route #6: 53 294 147 169 231 87 170 249 141 61 293 309 296 52 44
Route #7: 50 166 274 253 41 4 161 27 229 295 5 175 174 139 103 136
Route #8: 47 20 19 18 289 192 32 100 98 159 305 281 31 114 107 106 236 59 116 178 290 150
Route #9: 188 181 78 77 221 157 165 3 25 200 48 273 251 272 292 148 12 228 34 155 64 126
Route #10: 258 84 173 149 214 74 66 316 151 167 14 283 307 115 204 284 199 94 206 70 187 238 176 180 72
Route #11: 156 7 235 45 317 82 143 222 6 304 265 299 97 135 248 193 282 286 279 123 177 1
Route #12: 226 86 144 300 95 29 246 215 38 287 314 261 152 46 262 213 266 217 93 172 43 134
Route #13: 239 162 24 310 241 160 119 216 252 131 30
Route #14: 219 256 303 90 257 88 33 36 8 275 191 207 91 302 129 255
Route #15: 318 189 2 71 21 122 37 285 311 154 124 16 146 153 202 111 243
Route #16: 297 208 142 184 250 81 315 198 132 291 89 201 158
Route #17: 40 182 225 194 268 75 140 73 242 109 39 120 211 224 9 306 76 244
Cost 205715
Time 257.077
