Route #1: 229 249 253 158 65 135 277 64 56 72 329 151 83 441 298 351
Route #2: 4 259 17 407 211 325 258 374
Route #3: 461 469 263 335 147 375 408 398 270 341 426 245 457 104 202 6 101 401 365 381 413
Route #4: 384 155 89 5 477 238 295 306 463 141 389 321 251 213 228 120 424 3 140 291 30 419 236 29 100
Route #5: 332 69 402 206 42 244 254 317 98 324 198 359 108 41 404 362 297 392 299 252 122 76 371 471 343 68
Route #6: 38 354 188 417 114 420 159 311 439 272 479 480 156 451 208 437 387 8 13 442 80 287 9 106 256
Route #7: 305 199 303 170 267 204 475 117 102 24 445 390 10 292 345 77 105 340 167 128 396 66 131
Route #8: 464 339 304 85 111 364 19 226 242 227 269 221 33 346 399 231 82 285
Route #9: 54 422 119 197 97 186 50 290 247 377 21 201 153 262 400 361 240 443
Route #10: 164 168 280 334 448 450 143 23 145 177 137 446 110 125 160 425 71 316
Route #11: 212 391 99 157 146 224 194 309 366 1 195 88 181 180 294 25 81 35
Route #12: 37 179 313 218 410 373 75 423 315 355 94 352 220 225 162 44 323 152 409 385
Route #13: 319 474 470 96 308 196 342 216 118 192 217 138 255 318 449 380 47 73 403
Route #14: 20 379 428 215 348 281 376 473 189 116 468 18 279
Route #15: 58 61 27 92 436 453 60 333 260 178 430 87 337 200 431 286 12 136 185 191 129 121 203 368
Route #16: 261 414 91 36 123 174 130 190 28 40 139 452 456 15 16 148 312 214 22 458 62 79 2 338
Route #17: 344 43 476 241 466 183 406 169 327 63 55 52 388 142 150 113 133 411 276 51 440 278 383 257 454
Route #18: 393 302 11 459 320 124 57 109 265 207 300 412 127 275 149 171 222 219 32 107 154 271 172
Route #19: 447 394 243 455 78 307 70 209 223 465 432 326 358 132 26 382 395 264 233 429 184 347 165 357 415
Route #20: 67 405 472 115 187 84 103 369 322 49 134 45 7 418 349 235 59 74 274 93 288 112
Route #21: 31 95 289 34 237 182 301 210 372 173 433 397 296 246 314 250 478 161 328 53 282 126 350 205
Route #22: 48 248 460 273 330 438 283 268 336 90 266 356 284 230 331 367 234 293 144 435
Route #23: 46 378 163 176 14 467 39 462 434 444 386 353 193 310 86 175 416 427 166 232 239 421 360 363 370
Cost 231558
Time 460.728
