Route #1: 174 247 275 321 300 310 266 249 14 198 272 149 28 237 191 397 340 287 211 120 256 261 248 312 329 333
Route #2: 466 455 459 456 206 251 267 190 295 330 167 298 293 124 1 11 87 18 259 73 74 276 278 285 283 342
Route #3: 471 476 71 76 319 75 95 147 141 110 151 317 139 359 405 379 22 504 395 396 463 423 418 383 432
Route #4: 252 365 133 49 236 420 393 394 363 162 156 155 183 184 205 235 338 378 341 348 273
Route #5: 435 142 121 158 421 424 169 225 216 447 475 477 200 173 489 457 450 388 414 101 407
Route #6: 171 428 438 107 98 91 68 69 72 63 467 465 430 15 16 505 507 410 506 412 419 32 117 195 197 122
Route #7: 381 401 503 17 434 483 479 468 480 448 446 403 442 402 431 437 439 429 187 194
Route #8: 458 493 19 97 498 93 77 114 128 54 134 39 494 487 92 78 33 48 470 38 70 389 108 29
Route #9: 144 2 472 452 254 220 132 119 25 62 125 433 58 384 131 372
Route #10: 411 413 308 364 406 404 460 150 294 35 82 268 209 104 391 260 168 9 23 88 12 20 36 161
Route #11: 175 203 353 90 334 373 130 399 34 213 182 323 118 318 368 322 219 172 113
Route #12: 361 165 313 31 46 86 57 148 50 257 328 375 228 326 10 339 56 27 461 496 204 100 253
Route #13: 500 360 189 440 185 47 43 186 425 201 170 250 126 127 55 115 229 497 212 13 163 223
Route #14: 454 81 274 66 59 153 422 231 263 234 102 218 217 222 136 233 207 199 230 85 232
Route #15: 427 415 474 21 408 138 106 441 135 51 481 176 478 196 370 210 444 488 309 337 284 221 181 154 382 416
Route #16: 347 314 103 178 65 469 443 64 140 473 279 8 270 316 244 37 286 30 374 180 392 380 369
Route #17: 502 484 344 7 297 214 356 111 302 451 303 112 366 499 485 109 371 255 336 331 482 188 215 145 390 495 166
Route #18: 282 387 377 409 398 301 289 84 292 271 226 246 367 376 352 290 288 277 258
Route #19: 40 490 345 53 453 445 486 240 238 264 123 179 464 325 5 349 192 462
Route #20: 417 304 335 83 224 327 491 241 89 346 80 320 79 60 311 354 324 343 307 44 99 4 355 492 52 436 306
Route #21: 350 193 269 159 42 129 426 357 305 157 239 202 449 281 291 146 242 3 262 501
Route #22: 105 164 152 177 143 24 332 362 315 243 358 245 351 26 41 400 299 280 296
Route #23: 67 386 385 45 6 116 265 227 61 96 94 160 208 137
Cost 234063
Time 492.57
