Route #1: 271 214 189 191 175 166 158 159 119 204 216 211 199 178 179 220 132 103 168 170 182 92
Route #2: 83 84 81 111 172 116 131 95 118 313 106 97 85 77 82 86 69 49 160 157 135
Route #3: 209 171 123 120 183 201 48 202 197 181 200 208 177 184 186 109 66 219 303 173 190 176
Route #4: 251 62 51 286 266 146 144 136 125 280 126 284 273 257 121 145 133 195 227 240 221
Route #5: 6 5 13 254 9 309 73 52 292 26 269 43 57 290 289 293 55 42 17 245 312 311 230
Route #6: 225 276 259 258 263 277 297 287 301 302 294 30 268 3 255 260 247 291 226 231 224 215 213
Route #7: 140 229 233 237 243 98 228 264 279 241 249 239 236 232 253 281 285 283 267 238 250 223 161 310 308
Route #8: 288 265 207 307 60 63 108 90 78 71 46 29 24 19 112 18 12 295 244 246 242
Route #9: 272 304 22 31 50 28 8 218 169 256 274 296 80 70 4 261 74 298 212 101 113 299 72
Route #10: 38 23 174 143 156 141 25 282 117 61 1 41 270 139 222 56 205 15 87 150 75 164 100
Route #11: 59 2 96 235 206 40 16 53 27 234 89 248 102 210 180 153 275 11 188 107 165 99 193 7
Route #12: 54 45 163 162 33 79 39 306 88 10 14 34 47 58 36 196 122 115 91 192 64 44 167 185
Route #13: 35 110 68 76 37 203 124 114 105 65 94 21 198 194 142 93 67 278 300
Route #14: 32 151 155 152 148 130 137 154 149 129 127 138 20 134 104 147 305 262 252 128 187 217
Cost 139445
Time 352.976
