Route #1: 219 194 237 382 277 148 59 168 433 131 230 234 49 23 182 255 178 64 72 76 455
Route #2: 248 155 199 60 442 350 134 301 149 235 276 272 279 33 40 453 449 85 140 302 360 3
Route #3: 165 241 288 206 67 450 63 118 116 125 141 153 142 174 162 271 448 143 310 106 146 128 268
Route #4: 196 246 51 11 308 111 164 113 98 158 100 287 231 7 12 18 20 22 19 169 73
Route #5: 61 252 384 167 278 318 107 122 406 282 295 184 82 80 101 446 137 293 305 135 316 181 188
Route #6: 156 170 227 243 83 129 74 53 123 70 1 21 9 28 102 407 97 66 397 436 418 409
Route #7: 84 99 93 290 62 240 147 266 265 309 307 292 385 15 371 198 45
Route #8: 187 300 395 205 152 342 130 338 150 233 345 441 306 27 263 250 269 68 2
Route #9: 24 346 172 314 77 91 75 104 108 103 428 427 92 432 65 119 50 236 383
Route #10: 421 425 431 443 456 439 438 426 451 420 415 429 411 408 399 376 374 368 364 332 132
Route #11: 367 403 402 405 404 394 372 390 398 389 333 331 317 327 160 114 242 32 90 88
Route #12: 286 335 69 127 440 38 37 145 136 151 46 183 89 171 115 112 26 126 417 410 86
Route #13: 42 35 43 36 87 109 96 78 79 81 54 57 58 56 416 430 358 344 340 422
Route #14: 273 419 337 457 8 348 4 30 381 392 133 48 47 412 414 44 17 380 369 373 366 361 447 352 334
Route #15: 315 321 336 356 339 341 349 363 362 359 365 25 298 378 29 354 6 322 330 319 353
Route #16: 5 303 304 296 297 311 323 325 328 388 313 320 357 370 347 375 401 393 343 377
Route #17: 324 16 355 396 244 251 261 264 291 423 445 329 458 459 460 454 444 413 424 238 239 220 280
Route #18: 274 216 259 232 283 284 262 326 163 285 144 201 185 190 202 212 254 294 223 213 175 249 247 191 203 245 208
Route #19: 161 157 228 221 225 226 256 312 289 299 270 275 281 94 31
Route #20: 197 229 105 391 452 13 41 386 387 124 154 39 159 180 193 117 120 10 379 14 437
Route #21: 207 211 217 260 210 209 173 400 435 434 179 253 204 95 258 214 218 52 177 189 195 257 215
Route #22: 351 110 139 267 55 200 222 34 192 176 166 138 186 121 224 71
Cost 192659
Time 387.666
