Route #1: 211 65 133 2 308 246 277 176 57 299 271 281 249 302 284 102 45 110 26 123 90 32 304
Route #2: 104 87 89 107 127 101 159 186 223 30 31 20 240 171 73 203 46 85 202 325 324
Route #3: 297 331 155 259 151 115 55 100 109 113 122 213 209 86 232 112 28 239 219 150 75 77 243
Route #4: 1 245 70 81 260 119 18 196 215 208 212 225 83 148 166 69 74 42
Route #5: 222 224 305 17 43 76 67 68 93 80 60 62 63 41 36 40 346
Route #6: 337 35 44 38 47 56 58 50 94 98 92 82 78 79 95 336 91 8 7 96
Route #7: 128 157 194 231 268 276 252 229 39 250 282 124 19
Route #8: 152 118 64 116 244 134 54 59 132 52 48 66 106 146 108 105 114 51 27
Route #9: 126 169 156 168 141 140 137 221 131 216 218 147 138 181 182 117 135 125 103 97
Route #10: 214 200 199 195 161 153 207 198 187 165 164 185 167 174 184 197 205 142 204 180
Route #11: 144 160 139 178 190 189 120 272 121 130 234 149 177 227 170 188 228 242 254
Route #12: 154 6 16 10 9 3 136 143 88 61 53 327 173 172 23 129 22 5 210
Route #13: 158 309 294 162 71 192 288 191 291 179 163 296 301 193 298 341 263
Route #14: 338 329 175 310 217 226 316 220 261 258 230 206 251 201 241 253 274 303
Route #15: 111 29 314 236 34 25 345 12 145 238 21 267 306 321 323 37 99 256 247 235 183 233 273
Route #16: 292 257 269 266 255 287 293 312 311 313 285 279 72 270 275 265 280 283 262
Route #17: 289 332 318 248 237 326 278 264 335 342 286 290 328 339 343 317 84
Route #18: 295 307 4 15 322 24 344 319 315 340 320 333 11 49 33 13 14 334 330 300
Cost 125474
Time 186.062
