Route #1: 390 221 98 58 200 145 305 87 104 288 210 44 291 169 382 161 3 92
Route #2: 168 140 152 154 156 378 172 164 8 74 303 110 380 124 38 211 187 236 283 268 261 218 241 239 50
Route #3: 30 6 223 203 189 264 312 37 47 127 116 351 220 134 204 36 177 144 356
Route #4: 258 150 142 118 159 270 22 379 120 180 2 146 274 342 155 137 7 224 257 260 280 253
Route #5: 296 333 243 391 254 348 341 307 209 61 276 24 131 269 262 381 249 301
Route #6: 282 20 133 119 263 373 71 53 183 108 114 176 240 29 361 256 275 302
Route #7: 340 355 360 16 185 75 315 277 4 328 9 234 179 298 235 65 117 64 170 246 245 115 327
Route #8: 46 138 35 162 205 160 5 377 126 40 326 39 266 191 292 345
Route #9: 85 201 232 237 217 216 90 82 96 102 103 171 193 192 173 84 93 88 79 62 60
Route #10: 352 228 198 207 196 188 322 385 215 226 69 86 323 109 371 195 358 194
Route #11: 278 338 343 374 339 335 344 350 349 314 337 300 364 319 317 244 265 252 208 230 229 123 136
Route #12: 273 267 242 294 286 247 251 139 238 271 14 313 316 318 330 388 336 56 175 33 324
Route #13: 304 132 31 34 27 372 369 365 354 384 15 320 332 331 347 310 297 295 287 299 321 122 290
Route #14: 363 392 311 105 99 97 100 367 89 77 54 66 51 370 376 17 18 13 10 202 184 76 59 293
Route #15: 387 151 383 78 359 70 80 72 67 57 106 112 45 32 26 19 366
Route #16: 231 389 222 255 308 353 279 281 63 157 149 219 259 147 178 174 309 113 95 212 48
Route #17: 165 225 289 329 91 73 81 285 158 386 49 375 306 11 248 43 206 135 186 148 130 233 250 325 197
Route #18: 41 346 362 227 125 334 143 190 357 368 52 68 121 23 182 128 213 25 141
Route #19: 199 55 166 181 167 129 214 28 42 1 12 83 21 272 163 153 94 284 101 111 107
Cost 202689
Time 242.562
