Route #1: 93 282 198 213 255 111 178 234 100 260 177 130 123 275
Route #2: 276 134 101 79 205 193 186 11 124 62 187 95 245 243 248 75 12
Route #3: 6 228 35 265 89 279 218 209 119 170 231 135 50 149 104 215
Route #4: 38 250 236 31 254 110 42 4 5 211 92 274 109 74 184 210 44 197 15 283
Route #5: 65 23 217 235 222 121 257 116 176 159 45 117 144 182 32 219 103 150 180 49 10 3
Route #6: 160 16 157 261 107 253 41 17 81 195 25 18 52 226 204 262 97 136 126 278 139 216 55
Route #7: 122 167 188 212 27 33 88 21 143 201 64 259 241 8 30 132 196 77 46 85
Route #8: 239 232 153 87 286 140 266 230 146 203 108 207 172 43 174 267 161 240 9 29 20 7
Route #9: 94 57 125 229 113 91 83 152 84 272 258 145 14 51 284 273 151 169 175 53 225
Route #10: 36 76 70 199 281 220 233 86 22 173 96 90 252 154 40 47 247 194 246 58 155 288
Route #11: 264 249 141 192 129 112 280 268 270 60 238 37 200 56 221 185 106 181 59 120 68 202 105
Route #12: 118 66 237 162 277 82 1 102 48 158 127 208 244 13 224 163 98 165 147 73 131 28 142 190 189
Route #13: 285 156 191 256 128 183 115 78 227 171 168 19 137 164 133 67 251 166 26 287 63 269 263
Route #14: 223 179 24 271 206 71 39 2 242 138 99 72 69 80 54 148 61 214 114 34
Cost 177298
Time 136.03
