Route #1: 215 26 179 91 69 87 75 34 220 2 233 40 144 131 68 67 177 181 41 112 213 171 147 49 97 193
Route #2: 27 23 223 217 168 209 13 53 212 129 154 164 94 197 42 224 123 76 83 151 90 133 156 211 80 108
Route #3: 198 184 189 188 196 182 170 167 137 139 116 98 219 192 99 140 206 207 138 118 190 187 203
Route #4: 105 126 44 4 183 178 16 52 166 143 111 107 180 21 28 169 232 11 92 221 186 174 103 231
Route #5: 235 81 130 185 204 175 195 160 148 226 72 109 121 225 176 127 216 122 66 201 24 199 165 36
Route #6: 136 210 124 145 162 161 85 234 146 142 8 84 59 15 141 1 191 205 222 159 115 47
Route #7: 12 17 79 57 70 78 95 117 150 93 158 163 14 172 114 45 208 88 32 37 128 194 56 73
Route #8: 35 125 106 74 214 64 65 54 62 48 89 202 39 120 149 155 153 86 135 43 173
Route #9: 3 102 50 51 25 46 55 82 71 38 60 96 218 61 58 63 77 100 101 230 134
Route #10: 157 22 31 228 229 110 20 30 33 152 9 104 10 200 119 113 132 7 19 5 29 18 6 227
Cost 88024
Time 231.386
