Route #1: 156 382 168 121 264 118 256 305 10 87 211 406 239 165 174 39 92 384 216 241 179 178
Route #2: 44 301 265 217 276 225 150 386 383 291 238 339 90 272 69 1 313 201 56 361 192 338 381
Route #3: 52 105 316 38 18 60 254 266 89 322 260 358 35 131 139 160 191 353 185 138 114 222 329
Route #4: 345 34 5 195 233 393 317 199 332 177 401 240 154 230 103 377 221 143 81 356 309
Route #5: 351 403 71 360 91 63 141 303 395 359 94 283 328 110 142 296 68 269 323 162 73 104
Route #6: 288 367 397 19 61 208 202 354 341 366 232 228 278 282 86 374 280 115 54 123 286 247 315 148 368
Route #7: 13 77 51 50 76 12 75 78 130 223 161 207 59 21 226 405 99 234 224 145 402 14 346
Route #8: 149 340 133 364 111 371 352 6 190 116 257 243 299 357 214 129 300 72 307 186
Route #9: 376 344 65 132 200 284 407 175 380 261 49 20 74 378 302 158 198 255 62 321
Route #10: 93 205 204 197 4 206 246 399 398 144 348 147 152 58 184 400 112 125 127 124
Route #11: 220 169 151 155 101 106 113 102 82 83 67 97 146 135 57 172 163 203 189 210 227 271 306
Route #12: 369 119 27 47 373 375 324 294 252 159 355 70 273 108 41 84 196 388 2 137 109
Route #13: 408 100 64 343 391 297 394 372 385 390 392 23 387 363 370 404 22 43 96 389 342 55 11
Route #14: 107 80 95 182 126 153 171 181 213 136 218 236 53 262 176 253 290 250 251 237 122 244
Route #15: 187 275 310 157 235 248 26 8 298 263 140 3 31 120 24 15 16 98 134 259 209
Route #16: 349 333 231 183 180 326 327 229 320 289 319 318 350 331 335 336 330 312 170 258 334 365 188 215 268
Route #17: 30 293 33 25 396 285 128 270 281 85 17 287 167 7 9 219 347 292
Route #18: 40 194 311 362 304 164 295 242 37 28 45 46 42 193 249 32 245 66
Route #19: 36 117 277 274 212 267 379 173 325 48 166 308 29 88 314 279 79 337
Cost 122286
Time 359.543
