Route #1: 199 230 209 207 21 260 25 167 176
Route #2: 51 86 87 43 77 74 252 78 255 3 213 251 217 49 55 31 246 242
Route #3: 180 164 182 181 197 110 92 59 190 193 76 188
Route #4: 220 243 258 30 26 231 222 108 5 229 73 60 138 56 144 29 117 19 23 18 22 9 13
Route #5: 262 11 12 8 10 257 4 7 234 66 65 58 183 42 88 91 101 125 84
Route #6: 53 148 166 178 248 247 111 235 241 24 233 244 38 254 249 240 236 216 238 173 192 154
Route #7: 163 41 136 116 128 72 96 109 113 157 142 145 184 162 206 223 228 186 215
Route #8: 99 107 160 139 134 132 195 105 175 151 146 131 155 152 85 159 97 126 47 39 177
Route #9: 130 129 63 52 103 205 256 194 140 35 32 122 119 124 120 158 261 170 245
Route #10: 250 46 196 33 50 179 187 40 75 198 143 171 112 114 79 27 94 2 253 168 16 15
Route #11: 68 104 100 156 6 98 83 62 149 115
Route #12: 201 191 14 224 218 172 161 123 127 165 17 106 200 93 67 118 82 57 95
Route #13: 64 150 69 1 121 48 54 61 185 102 71 227 204 203 214 202 232 239
Route #14: 137 226 259 237 90 28 45 44 141 37 34 221 210 208 219 225 169 153 133
Route #15: 189 211 20 36 81 80 135 174 70 89 212 147
Cost 152319
Time 143.656
