Route #1: 174 151 39 171 9 93 197 92 21 17 14 209 173 51 29
Route #2: 25 7 67 205 168 99 78 13 24 73 116 60 88 210 2 127 177 135 180 112 222
Route #3: 16 202 134 70 62 31 120 199 179 20 110 201
Route #4: 132 211 46 77 216 149 1 49 213 52 146 113 40 143
Route #5: 90 182 158 76 58 80 125 162 91 207 82 200 164 130 206 108 48 226
Route #6: 187 5 4 28 15 224 223 41 43
Route #7: 117 22 139 30
Route #8: 203 26 102 109 68 101 33 12 191 55 215 107 178 172 156 214
Route #9: 195 196 6 8 71 186 121 217 138 153 118 137 106 10 155 96 32 18 98 53 142 193 122 170 157
Route #10: 100 45 169 114 65 57 104 219 47 115 69 185 3 144 150 212 95 192
Route #11: 119 145 97 72 131 221 34 94 81 111 184 181 161 27 204 61
Route #12: 220 154 166 194 66 64 86 152 79 147 218 140 74 129 11 42 56 63 59 128
Route #13: 85 123 189 124 159 84 35 36 208 38 160 44 190 23 87 103 75 105
Route #14: 141 198 148 167 136 50 225 165 183 133 163 188 37 126 54 176 83 175 89 19
Cost 178738
Time 47.746
