Route #1: 92 36 198 174 286 208 175 29 19 20 88 263 110 173 83 302 216 64 276 270
Route #2: 303 167 291 149 265 202 190 189 32 247 134 142 73 59 221 150 51
Route #3: 71 298 308 61 165 169 186 306 328 253 273 182 109 229 318 279 294 199 158 155 139 113
Route #4: 152 162 107 272 151 194 81 259 131 220 98
Route #5: 94 89 28 3 283 45 57 108 91 101 128 196 77 320 96 62 289
Route #6: 284 278 236 264 251 78 301 69 124 90 210 227 207 248 157 75 257 285 326 288
Route #7: 192 181 65 99 132 178 40 233 252 145 258 44 293 262 187 300 148 325 12
Route #8: 135 249 130 240 314 153 217 123 126 125 72 8 116 319 241 267 144 147
Route #9: 177 21 160 282 232 67 102 97 211 9 204 34 164 26 218 60 234 238 121
Route #10: 112 127 225 226 275 52 305 56 53 239 269 188 7 5 224 287 143 244 41 310 14 103 179 180 50
Route #11: 100 172 85 25 10 137 48 203 82 22 43 95 33 171 191 119 206 242 111 46 106 1
Route #12: 93 311 118 214 115 58 136 138 140 299 146 274 295 304 54 47 307 141 268 163 316
Route #13: 11 159 321 63 68 170 2 222 37 323 205 327 237
Route #14: 201 324 312 104 105 74 133 296 290 55 176 200 129 254 76 250 209 114 70 49 31
Route #15: 154 79 117 235 313 120 213 243 87 84 184 168 13 309 223 197 215 23 261 6 24 281
Route #16: 271 30 86 42 161 195 122 66 16 219 193 15 166 266 246 322 156 292 228 212 297 315 183 17 231 4 280
Route #17: 185 27 18 317 230 256 277 260 35 245 255 39 38 80
Cost 143765
Time 105.773
