Route #1: 156 71 215 182 247 3 453 310 166 211 333 455 2 111 397 294 380 334 359 66 236
Route #2: 313 384 174 293 61 18 343 301 93 376 138 443 32 392
Route #3: 47 157 296 447 8 450 155 425 412 178 184 442 249 355 420 403 12 254 191 185 273 108 34 196
Route #4: 97 122 315 287 223 449 240 154 123 231 205 192 91 159 242 146 118 1 260 81 11 100 116 204
Route #5: 125 428 266 179 45 115 127 131 6 364 134 220 324 189 4 7 349 289 186 197 13 327 344 213 375 363
Route #6: 387 374 433 311 35 72 393 142 434 200 337 413 408 360 284 88 314 407 251 153 427 160 278 279
Route #7: 357 383 30 245 456 342 378 435 44 253 124 21 5 267 262 64 292 369 181 421 356 417 36 42
Route #8: 330 9 99 49 401 224 441 323 277 218 244 390 22 348 137 69 141 147 268 168
Route #9: 20 225 195 68 151 103 322 283 129 346
Route #10: 183 201 162 219 161 89 126 172 431 235 396 373 389 432 51 452 399 438 448 440 46 58 328
Route #11: 78 329 203 446 152 92 65 398 23 365 135 303 113 367 109 304 388 424 409 241 87 263 229 358 208
Route #12: 70 368 395 317 101 415 227 202 169 105 366 250 222 436
Route #13: 429 233 385 312 149 271 74 237 102 217 38 445 422 238 199 86 410 439 83 404 27 80 338 106 416 77 29
Route #14: 350 95 302 331 256 309 269 406 190 418 318 386 187 457 414 94 98 298 63 308 133 299 221 180 75 173 255 259
Route #15: 362 96 430 426 90 230 144 10 145 419 295 246 143 130 232 50 26 382 57 33 82 132 39 402 454 41 31 379 140
Route #16: 351 114 85 377 258 14 281 280 56 54 248 136 340 73 243 264 332 361 53 286 117 321 226
Route #17: 188 59 176 28 112 165 261 257 372 411 341 335 339 104 216 316 207 228 234 370 405
Route #18: 67 275 325 139 170 175 391 171 300 119 37 272 128 15 16 423 353 354 60
Route #19: 451 319 158 305 84 55 79 274 352 212 52 198 347 381 76 148 297 194 444
Route #20: 19 25 110 282 121 291 394 193 43 48 400 120 210 239 24 17 320 288
Route #21: 371 62 270 336 206 306 345 107 214 150 437 307 265 276 177 164 163 167 326 285 252 209 290 40
Cost 223494
Time 205.098
