Route #1: 184 58 233 164 173 174 20 143 140 133 25 154 110 236 101 84 93 88 160 37 50
Route #2: 127 104 113 77 78 186 208 228 10 234 142 224 87 82 81 61 183 19 68 117 100 105 102
Route #3: 79 185 137 83 74 122 90 13 221 21 22 16 191 24 67 135 189 190 193 177 205 229
Route #4: 176 196 89 70 66 69 85 175 168 134 144 30 136 121 120 94 44 220 96 181 215 166
Route #5: 153 152 129 40 41 195 97 2 180 232 207 55 119 206 212 213 103 106 204 209
Route #6: 182 157 155 145 128 124 125 107 151 63 219 203 216 211 210 217 158 159 149 148 147 225
Route #7: 194 201 91 131 200 199 222 197 188 112 1 18 15 59 31 165 64 218 161 52 187 171 198
Route #8: 170 138 163 162 108 226 116 109 4 60 150 29 5 167 146 178 139 28 126 132 12 8 38 39 118
Route #9: 46 65 172 202 192 230 56 6 26 75 45 57 42 36 223 231 49 214 86 98 227 73
Route #10: 141 238 130 11 95 111 235 114 115 123 156 32 92 43 72 54 35 169 33 3 34 239
Route #11: 7 9 14 51 76 48 47 62 179 71 99 80 53 23 27 17 237
Cost 84200
Time 241.397
