Route #1: 125 43 336 47 240 516 471 173 54 139 8 370 68 174 332 478 320 457 387 285 472
Route #2: 470 135 481 299 113 422 177 495 163 102 364 127 124 523 514 148 126 181
Route #3: 452 444 154 323 14 178 169 409 408 11 59 69 9
Route #4: 399 374 167 91 274 283 237 238 337 328 329 260 6 101 415 397 210 239 70 140 109 518
Route #5: 82 128 434 474 525 494 371 295 289 284 373 358 350 248 244 259 509 482 493 508 315 275 228
Route #6: 466 483 507 510 393 241 291 267 487 485 497 201 313 520 529 469 233 207 455 110
Route #7: 449 376 473 499 383 359 52 365 401 414 402 391 75 25 398 18 378 42 41 345 23 310
Route #8: 77 395 439 437 440 464 377 480 339 475 108
Route #9: 45 58 66 280 34 326 305 294 290 272 531 10 306 342 503 380 384 413 517 453
Route #10: 335 311 277 460 484 133 435 424 37 214 491 208 451 298 270 334 381 379 385
Route #11: 225 532 406 143 196 445 51 528 524 519 222 511 500 477 29 282 504 512 521 296 292 17
Route #12: 202 80 183 322 189 321 129 137 94 104 276 369 73 243 418 420 419 421 262 21 62
Route #13: 307 151 146 226 213 349 111 191 203 99 405 490 461 502 522 190 19 223 39 446 22 363
Route #14: 7 394 211 273 67 324 32 175 147 162 172 61 114 247 403 205 417 388 354 122 136 121
Route #15: 26 253 35 429 197 159 170 142 423 366 107 344 346 168 396 28 448 447 442 144 430 179
Route #16: 84 161 200 20 465 303 156 160 3 255 468 63 71 33 83 407 44 16 157 220
Route #17: 258 53 245 103 131 251 249 1 219 215 269 431 411 30 312 150 265 246 256 257 27 40 309 426 250 235 327
Route #18: 458 443 4 353 425 145 98 120 404 50 76 81 74 338 134 93 513 356 182 87
Route #19: 123 467 297 149 216 206 463 155 352 355 5 382 433 116 367 218 79 515 489 488 287 527 526 317
Route #20: 65 410 24 360 325 319 57 221 198 217 171 330 85 86 64 498 261 184 180 119 138 204
Route #21: 268 92 476 530 236 38 234 212 375 505 492 278 438 117 96 48 343 301 254 12 194 2
Route #22: 496 314 479 199 362 318 78 36 361 55 153 192 72 286 165 176 209 390 300
Route #23: 112 152 279 288 302 266 281 348 347 89 141 187 188 193 333 331 316 506 46 242 304
Route #24: 158 252 357 224 115 130 118 164 230 227 100 400 105 386 450 95 427 428 185
Route #25: 341 340 501 232 60 195 186 372 31 412 389 392 263 271 432 13 90 264 132
Route #26: 293 486 97 106 56 441 166 15 308 416 229 231 368 462 459 88 436 49 351 456 454
Cost 267185
Time 217.327
