Route #1: 94 128 92 314 368 360 395 168 91 269 239 311 276 257 123 488 93 469 456 467 484 408 290 496
Route #2: 482 114 394 414
Route #3: 134 84 103 303 472 199 73 382 53 56 184 80 373 113 411 487 145 74 68 15 125
Route #4: 120 344 173 95 58 13 454 409 177 196 54 87 43 25 226 232 115 437 486 495 499
Route #5: 422 447 267 57 111 14 139 157 272 455 339 424 319 428 442 6
Route #6: 141 71 21 12 332 352 178 405 418 265 227 470 151 384 448 412 406 132
Route #7: 55 219 410 436 337 420 48 423 296 221 398 228 167 260 425 432 31
Route #8: 341 363 369 407 160 483 421 427 218 317 131 142 67 431 383 371 419 117 99 477 485
Route #9: 473 498 401 402 34 88 182 350 435 156 147 385 331 292 278 478 36 237
Route #10: 79 137 308 310 297 263 316 329 274 465 213 466 153 172 2 223 208 202 90 107 106 302 291
Route #11: 37 38 430 255 116 101 230 333 210 254 164 224 217 188 170 59 433 323 60 180
Route #12: 105 300 345 413 187 458 124 122 69 102 440 20 380 351 242 243 211 77 438 7 494 96
Route #13: 214 183 203 110 83 154 189 222 75 152 247 258 212 248 24 235 41 289 281 283 282 136 149 33 143
Route #14: 457 133 130 5 493 490 439 426 78 3 162 63 127 376 452 29 85 471 318 266 176 240 121
Route #15: 193 441 62 10 313 35 245 197 126 22 185 277 181 86 44 18 192 148 215
Route #16: 338 97 244 220 397 378 366 361 169 175 146 161 112 155 309 171 238 294 138 118 315
Route #17: 262 231 304 312 306 158 336 347 150 4 104 191 108 109 119 374 159 65 275
Route #18: 299 288 416 349 364 322 233 386 392 379 389 387 388 326 353 367
Route #19: 204 330 165 30 236 179 362 370 186 390 52 32 140 229 271 298
Route #20: 89 144 190 320 375 206 251 307 444 400 287 135 46 40 27 98 81 453 328 9
Route #21: 273 450 268 11 28 393 225 348 207 194 356 357 174 163 1
Route #22: 261 295 129 66 49 377 246 293 264 16 250 479 166 463 443 492 497 195 491 489 252 216
Route #23: 415 346 417 446 343 459 464 209 462 201 475 474 17 249 280
Route #24: 284 279 301 270 321 355 372 396 354 359 358 19 51 47 50 42 305 8 286 26 327 461 434
Route #25: 429 342 445 256 476 61 64 45 70 82 285 365 391 381 76 403 100 399 451 200
Route #26: 460 480 198 404 234 253 468 449 340 335 334 325 481 324 23 259 39 205 241 72
Cost 263872
Time 468.982
