Route #1: 112 225 230 231 197 185 128 198 223 150 252 277 259 251
Route #2: 237 296 50 40 217 13 215 205 201 52 53 219 15 18 14 250 247
Route #3: 31 26 19 67 65 107 2 189 72 76 188 176 270 160 168 299 165 192 163 39 36 105 91 144
Route #4: 126 148 149 258 101 62 169 164 285 81 124 289 286 154 159 170 290 279
Route #5: 200 224 227 143 133 34 228 45 137 37 66 20 244 5 51 113 162
Route #6: 220 226 68 281 283 280 92 84 78 114 115 209 55 125 111 229 141 132 129 246 70 57 56 242 210
Route #7: 136 110 256 138 10 21 146 104 33 254 255 249 187 184
Route #8: 17 287 6 58 147 213 207 140 24 123 3 121 97 74 60 172 180 181 175 167 145 116 27
Route #9: 94 93 42 87 109 83 86 199 182 61 257 166 153 122 12 22 253 161 32 108 202 156 127 245 69 25
Route #10: 88 203 196 178 204 98 151 71 297 30 11 100 177 284 282 157 117 139 278 295 1
Route #11: 292 171 211 80 73 158 28 29 235 186 206 273 216
Route #12: 265 274 130 142 79 155 152 119 120 16 103 241 240 234 239
Route #13: 96 82 89 291 260 8 9 233 179 262 174 173 248 118 85 193 221 222 275 293 44 195
Route #14: 266 63 23 288 106 77 134 46 47 49 43 75
Route #15: 64 59 7 38 294 208 232 131 238 95 4 183 48 35 41 267
Route #16: 102 90 99 135 212 218 190 191 194 272 271 214 236 243 298 263 276 261 268 264 54 269
Cost 160306
Time 152.006
