Route #1: 60 305 263 272 141 36 160 137 133 166 116 388 87 63 51 182 181 49 179 176 206 249 243 248
Route #2: 65 210 58 227 64 180 84 115 197 117 119 109 238 233 240 46 50 48 232 229 59 61 52 207
Route #3: 242 154 200 256 209 173 134 292 260 219 217 225 387 261 281 280 291 297 288 266 302 286 247 241 234 308
Route #4: 334 382 403 293 396 299 401 3 4 108 335 336 349 309 254 239 121 228 132 220 156 101 400 171 213 253
Route #5: 370 72 360 174 379 381 161 231 279 355 363 343 167 186 187 185 188 332 359 277
Route #6: 224 2 276 255 283 199 235 223 262 295 282 287 294 322 317 347 365 362 399 371 351 340 331 329 344 369
Route #7: 201 111 142 298 300 325 12 314 312 304 306 9 8 319 321 320 18 337 70 318 310 311 7 296
Route #8: 372 315 251 237 38 37 397 6 23 41 368 341 71 26 39 366 367 31 364 96 356 110 105 389 265 278
Route #9: 390 392 29 44 56 100 89 25 21 106 375 138 128 107 43 45 42 30 146 143 144 139 386 361 152 140
Route #10: 271 268 218 324 327 326 348 346 357 342 374 377 384 378 383 80 79 81 358 66 373 345 333 391 20 10
Route #11: 86 57 190 307 13 354 352 338 148 398 316 385 98 27 99 274 285 393 273 1
Route #12: 153 211 129 35 14 15 74 62 82 177 88 269 16 28 19 323 301 168 192 53 55 54 330 76 73
Route #13: 77 204 150 22 290 78 252 303 246 284 85 91 250 102 172 194 169 205 83 17 151 165
Route #14: 376 216 222 191 125 236 95 118 159 40 135 226 230 120 5 11 32 163 259 289
Route #15: 67 244 47 245 131 130 215 93 202 198 193 158 155 178 112 212 114 147 162 170 196
Route #16: 221 90 97 92 104 123 122 145 33 183 75 103 157 195 275 380 149 394 68 126 113 124 136
Route #17: 189 24 267 353 350 184 313 94 214 270 257 258 164 339 69 127 203 402 395 34 328 264 175 208
Cost 176756
Time 334.575
