Route #1: 251 156 378 187 255 226 290 10 43 340 118 153 97 193
Route #2: 271 86 81 357 4 214 1 242 339 204 347 150
Route #3: 272 16 269 335 136 356 336 247 246 56 294 256 215 141 165 192 26
Route #4: 201 267 253 37 211 311 66 76 142 260 323 264 280 213 262 188 167 45 277 379
Route #5: 107 89 361 385 273 325 222 88 367 317 208 216 177 233 238 281 315 328 320 8
Route #6: 370 14 79 368 169 181 312 87 41 143 116 348 371 200 90 366 74 220 17
Route #7: 298 377 160 49 21 137 376 223 102 305 209 38 301 48 296 162 243
Route #8: 234 231 47 302 60 259 182 237 15 120 132 46 121
Route #9: 217 342 225 147 388 166 212 326 52 112 329 186 65 114 82
Route #10: 61 241 190 372 77 129 104 382 22 381 144 113 337 91 159
Route #11: 145 236 125 202 128 95 170 93 2 151 171 27 330 101 389 130 287
Route #12: 345 40 157 64 70 115 254 53 355 297 172 331 353 7
Route #13: 224 274 373 71 375 261 33 308 303 232 68 42 111 59 103 185 300
Route #14: 293 268 50 263 73 32 219 229 351 206 304 109 313 307 324 99 257
Route #15: 139 203 362 258 72 55 380 270 228 78 245 175 126 316 58 36 9 318 197 374
Route #16: 341 310 350 279 334 84 184 146 173 28 265 13 83 44 94 100 158
Route #17: 110 194 191 164 19 218 195 240 210 54 289 108 284 365 34 148 344 309 189 198 3 384 239 75
Route #18: 346 12 140 155 248 321 176 244 227 322 359 230 35 369 295 285 364 252
Route #19: 39 85 67 391 29 6 286 117 250 92 123 152 278 319 387 275 314 122 249 134 343 11 266 30
Route #20: 124 196 5 154 327 354 299 51 63 24 235 131 119 96 20 23 62 178 276 168 207 221 31
Route #21: 358 306 383 69 25 179 333 98 106 138 174 386 183 199 127 288 57 205 349 105 149
Route #22: 18 352 180 283 80 133 161 292 360 135 363 338 282 163 332 390 291
Cost 250720
Time 172.119
