Route #1: 231 75 50 13 144 12 105 141 115 116 72 54 3 1 66 40 140 104 23 24
Route #2: 205 161 132 142 190 157 97 228 19 172 35 174 39 114 4 62 204 143 67 68 2 170 181 177 156 11
Route #3: 73 81 63 86 113 10 31 121 85 108 128 155 149 16 123 82 165 48 151 77 206 224 225
Route #4: 32 191 147 222 125 92 215 137 166 130 28 185 226 25 145 159 175 5 36 167
Route #5: 135 152 183 179 61 88 99 100 51 17 47 43 34 9 223 209 79 78 52 160 118 164 148 163 65
Route #6: 221 46 107 208 211 26 111 133 110 134 44 45 212 150 58 15 8 70 112 109 131 193 171
Route #7: 22 29 20 42 37 38 76 27 136 210 14 176 218 219 227 64 200 53 230 59 129 201 196 197
Route #8: 84 182 198 178 154 89 199 30 93 119 216 213 168 186 229 57 83 21 122 74 120 98 18 49 7 173
Route #9: 202 169 220 106 138 126 127 146 69 117 101 91 80 217 55 87 94 207 214 60
Route #10: 187 180 6 90 124 188 95 158 103 139 96 184 71 195 33 102 56 41 153 189 203 192 194 162
Cost 70318
Time 351.131
