Route #1: 238 38 120 50 92 89 63 59 81 233 66 52 13 37 138 140 46 44 40 30 104
Route #2: 173 28 35 34 158 160 164 157 86 151 90 88 75 94 72 103 65 128 80 83 101 82 62 48
Route #3: 163 202 143 142 168 137 135 105 39 148 149 161 193 2
Route #4: 98 178 179 96 209 212 118 119 114 215 232 228 108 225 110 156 112 117 216 210 169
Route #5: 113 127 132 84 167 177 182 184 180 171 213 234 145 85 129 133 144 147 155
Route #6: 126 174 71 195 205 188 7 21 36 208 186 192 49 196 16 6 200 10 190 1 185 12 221
Route #7: 11 43 47 235 15 95 19 18 102 27 29 68 76 74 230 91 226 79 77 73 189
Route #8: 231 229 222 227 32 61 60 54 26 224 237 53 56 3 201 22 9 236 17
Route #9: 203 42 23 20 150 204 211 218 223 141 8 25 58 99 45 172 197 199 4 220 219
Route #10: 206 51 176 166 198 93 106 121 33 64 139 152 14 239 187 131 165 153 159
Route #11: 170 175 207 55 97 100 181 115 124 146 116 57 41 67 130 5 31 24 154 194 123
Route #12: 125 78 122 217 87 134 214 111 69 70 183 162 107 136 191 109
Cost 123441
Time 190.724
