Route #1: 75 74 33 48 180 146 143 8 161 108 129 154 81 196
Route #2: 120 114 214 171 128 89 177 165 162 79 6 107 71 109 27 69
Route #3: 54 150 30 131 147 83 38 7 179 170 185 23 10 155 42 208 213 144 137
Route #4: 152 153 126 97 169 195 194 125 175 87 20 186 51 133 215 182 3 11 78 32
Route #5: 13 60 9 44 102 189 77 31 101 66 176 113 64 72 95 55 119
Route #6: 139 210 105 94 50 76 40 67 62 135 93 99 91 130 82 122 98 183 43 104 157 41 56
Route #7: 70 181 88 190 127 12 16 92 134 141 151 178 5 47 187 205 73 100 192 18 158
Route #8: 53 164 156 106 58 112 85 17 206 4 39 204 96 199 68 63 86 148 45 211
Route #9: 110 197 145 140 46 14 203 132 160 80 35 37 24 25 29 212 149 172 184 201 202 57 36 117 188
Route #10: 207 168 209 198 61 49 28 166 136 193 21 200 191 173 1 163 103 19 84 2 15
Route #11: 22 138 34 123 65 111 90 59 167 159 115 118 124 174 52 116 121 26 142
Cost 102934
Time 121.528
