Route #1: 321 287 196 23 388 381 409 391 386 270
Route #2: 158 346 136 157 361 417 309 378 408 109 165 435 186 130 89 149 164 76
Route #3: 46 331 366 247 332 119 313 312 364 264 25 198 206 169 57 52 6 24
Route #4: 184 197 211 226 333 325 32 78 338 352 229 77 359 443 438 428 423 354
Route #5: 310 261 291 292 327 278 231 228 253 259 422 66 65 104 262 400 207 132 127 12
Route #6: 126 230 425 447 55 114 290 445 134 449 185 433 396 399 173 194 135 430 319 205 342 151 98
Route #7: 68 330 265 156 195 436 45 48 49 288 283 168 243 246 380 431 223 59 62 33 63 81
Route #8: 67 155 105 79 419 311 152 362 41 44 348 58 34 340 257 266 193 188 118 182 222
Route #9: 304 22 377 88 94 120 26 314 111 1 38 303 320 14 36 4 10 29
Route #10: 227 235 148 92 284 39 336 204 21 138 351 375 139 324 160 175 189 172 117 82
Route #11: 343 326 317 232 220 178 167 162 40 382 307 219 372 370 367 199 345 347
Route #12: 236 414 103 30 407 9 108 437 2 341 225 328 358 298 28 144 203 50 125 373 100
Route #13: 281 363 238 241 322 295 263 37 80 440 420 439 170 237 166 91 216 258 260 301 275 215
Route #14: 5 201 123 141 142 140 277 306 147 402 350 404 200 122 137 154 159 124
Route #15: 208 446 444 308 20 296 177 61 3 249 27 441 143 293 450 234 56 302
Route #16: 150 209 86 365 115 163 146 153 405 250 393 395
Route #17: 394 397 357 353 74 268 245 280 53 286 11 434 240 274 279 267 285 424 376 392
Route #18: 337 269 254 171 212 210 282 299 334 297 410 384 356 387 129 329 239 180 73 60 83 95
Route #19: 221 133 161 87 379 411 360 401 7 43 84 418 415 389 390
Route #20: 112 71 97 251 316 93 335 31 69 252 72 75 113 8 421 176 179 426 183
Route #21: 110 300 101 187 368 35 218 448 355 349 233 145 202 191 374 190 128 102 315
Route #22: 344 369 107 214 17 442 318 47 242 192 217 85 272 244 248 276 406 416 181 131 99
Route #23: 413 385 271 213 70 54 18 51 383 106 116 96 256 90 339 16 305 121
Route #24: 224 255 294 19 174 42 323 15 429 64 432 427 13 403 398 273 289 412 371
Cost 230633
Time 269.164
