Route #1: 3 243 17 271 273 27 35 74 59 79 32 30 272 15 11
Route #2: 277 259 274 258 246 2 4 231 228 8 211 214 226 227 285 268 256
Route #3: 10 29 34 213 26 25 7 212 229 232 241 69 68 62 106 78 217 28 190 179
Route #4: 245 280 284 237 234 236 239 235 238 286 177 152 266 155 255 257 260 263 247 95
Route #5: 270 250 254 176 198 188 191 5 133 121 140 139 115 205 215 218 281 283
Route #6: 108 127 134 195 242 210 202 201 162 132 200 275 135 136 252 249 166 170 204 197 192 189 154
Route #7: 97 109 146 143 116 142 148 178 181 175 165 169 185 199 156 147 122
Route #8: 187 180 174 209 172 168 161 163 164 182 196 186 151 119 103 110 94 105 84 44 49
Route #9: 261 66 276 76 129 131 193 57 149 222 230 233 53 43 40 267 208 216 203 118 83 21
Route #10: 42 47 39 88 86 85 73 65 24 80 37 20 9 63 111 14 107 82
Route #11: 219 1 22 58 55 90 60 167 269 221 89 207 279 173 248 38 46 102 48 67 77 282
Route #12: 93 128 104 96 120 12 13 144 153 157 158 160 71 117 51 72 130 124 50 31 113
Route #13: 87 224 223 251 194 56 114 262 225 171 36 54 220
Route #14: 33 278 265 41 19 64 183 100 6 184 159 18 145 206 264 137 92 253 23 240 123
Route #15: 75 45 112 81 138 126 141 244 150 91 98 99 61 52 101 70 16 125
Cost 105582
Time 137.344
