Route #1: 14 86 82 102 106 202 262 254 182 189 11 59 129 25 104 9 27 69 142 196 158 170
Route #2: 73 186 157 176 201 207 198 13 88 22 133 21 53 126 2 277 211 206 217 231
Route #3: 130 279 110 184 114 284 81 214 191 29 40 83 50 94 85 1 246 213 140 99 35 4
Route #4: 24 195 210 80 72 222 242 243 125 60 275 174 84 95 137 218 197 90 127 229
Route #5: 98 281 49 103 152 183 160 145 150 156 180 134 167 179 199 193 30 116 144 20 141 123 26
Route #6: 143 164 147 111 151 118 146 51 233 139 121 227 230 3 257 209 245 241 232 250
Route #7: 190 57 268 74 112 54 161 62 71 52 65 105 67
Route #8: 96 41 155 200 249 45 37 6 75 101 280 274 273 7 276 283 119 228 285
Route #9: 12 122 138 148 162 204 203 171 19 79 282 194 264 288 289 290 135 163 169 70 128 10
Route #10: 39 55 255 109 237 236 253 91 261 248 64 108 87 173 117 92 159 240
Route #11: 220 251 136 215 239 15 223 43 33 56 89 17 177 78
Route #12: 226 208 256 260 185 16 8 100 225 66
Route #13: 32 124 93 291 287 234 42 44 132 120 115 28 178 31 58 113 107 68 259
Route #14: 224 267 175 205 188 165 166 187 168 97 238 258 34 36 63 61 149 5 76 244
Route #15: 235 272 265 48 38 154 153 181 286 23 247 263 269 266 221 47 172 18 212
Route #16: 77 131 271 278 270 252 46 216 219 192
Cost 168553
Time 204.346
