Route #1: 67 107 271 285 281 480 12 197 58 390 203 62 182 93 104 99 252 26 407 105
Route #2: 117 199 218 86 61 11 54 260 65 70 73 123 120 131 92 100 126 179
Route #3: 426 118 398 442 60 10 8 456 18 185 477 424 430
Route #4: 310 184 270 429 74 473 78 29 41 450 391 462 357 470 25 38 64 428 468 453 239 443
Route #5: 459 365 385 294 306 366 283 348 97 101 278 282 402 242 380 463 431 344 464 6
Route #6: 458 449 143 91 484 44 488 13 309 302 350 467 363 414 286 220 339 256 254
Route #7: 88 153 158 155 163 164 34 432 85 397 138 72 125 144 2 324 434 381
Route #8: 405 224 3 235 71 36 4 196 206 259 20 225 320 305 303 491 300 485 299 475 289 264 247 489 22
Route #9: 84 215 27 208 81 59 318 266 329 273 139 219 200 177 35 446 28 421 180
Route #10: 389 354 359 375 396 413 441 333 265 409 404 400 408 401 483
Route #11: 15 268 261 162 321 246 234 190 174 387 169 417 418 241 410 275 76 79 122 250 248 228 149 384
Route #12: 98 214 166 352 141 48 112 21 186 121 110 57 145 193 209 377 212 263 210 229 115
Route #13: 127 1 361 244 106 128 427 113 280 476 47 168 154 124 452 425 77 176 14 116 39
Route #14: 238 42 301 111 370 150 160 351 312 9 295 287 23 262 253 233 231 213 198 187 360 322 140
Route #15: 330 317 395 437 364 376 7 406 337 367 374 32 52 82 68 457 451 314 403 80 195
Route #16: 89 373 172 394 304 95 108 159 227 223 40 161 311 466 447 216 157 19 31 171 189 33 291
Route #17: 355 307 230 296 362 356 240 274 217 211 173 201 479 481 267 460 290 326 383 465 232 433 378
Route #18: 103 251 461 474 368 369 293 346 349 276 292 334 336 335 313 243 222 255 245 416 129 56 249 130
Route #19: 167 439 388 279 134 55 331 152 94 353 137 207 191 272 135 43 472
Route #20: 478 338 132 165 202 204 411 181 288 399 50 277 323 319 372 343 308 5 382 142 146
Route #21: 340 205 423 444 412 170 419 415 226 236 448 347 87 53
Route #22: 147 436 90 114 237 49 136 102 63 257 469 188 435 422 221
Route #23: 133 438 297 455 258 420 386 269 471 325 440 332 328 371 148 284
Route #24: 151 46 75 45 342 83 316 119 109 175 66 327 358 16 345 37 24 298 379
Route #25: 96 454 315 393 392 194 490 445 30 51 17 69 486 341 482 156 487 192 183 178
Cost 242985
Time 224.715
