Route #1: 21 71 57 148 102 1 94 54 59 60 62 61 64 56 72 93 2 145 87 86 51 173
Route #2: 38 196 117 124 115 206 186 192 13 270 35 185 45 179 197 159 168 169 188 187
Route #3: 195 235 223 221 219 241 242 280 23 27 42 265 269 255 254 83 251 89 165 182 174
Route #4: 189 77 211 205 225 245 244 248 250 229 258 212 214 268 262 110 106 114 125 136 158
Route #5: 271 198 203 218 257 163 289 290 220 9 8 228 217 216 236 237 238 213 226 246 99 210
Route #6: 252 85 227 249 266 66 65 73 31 11 277 283 282 281 233 273 256 55 231 215 200 154 25
Route #7: 95 76 207 202 90 137 204 161 48 53 260 267 52 155 279 276 263 24 264 47 46
Route #8: 278 157 156 151 178 5 34 29 39 79 181 33 107 272 253 146 152 6 37 22 12 275
Route #9: 184 58 50 224 143 164 118 240 10 139 288 180 82 193 230 103 172 101 36 41 74
Route #10: 166 28 123 120 167 147 122 140 170 68 17 80 105 92 247 149 20 129 142 144
Route #11: 132 171 138 284 232 222 162 160 208 153 176 112 209 243 78 91 75 84 97 286 88 285 194 292
Route #12: 15 113 111 104 98 119 126 49 30 191 131 4 130 135 201 199 3 7 26 150 40 32 141
Route #13: 134 261 18 63 133 239 67 175 96 108 291 259 100 128 121 116
Route #14: 190 70 16 19 127 274 234 81 43 287 177 183 109 44 14 69
Cost 143777
Time 200.198
