Route #1: 212 267 295 180 309 179 199 191 16 22 12 188 185 169 157 274 117 156 311 15 35 283 166
Route #2: 254 104 111 86 24 85 176 88 83 47 91 223 53 108 1 6 7 5 193 209
Route #3: 294 2 291 280 136 132 301 149 299 312 20 106 139 127 110 97 304 165 305 308 128 217 286
Route #4: 265 84 150 182 125 208 29 28 261 126 72 90 67 96 134 163 241 113 101
Route #5: 152 79 66 78 120 121 40 195 231 228 234 235 232 227 238 236 233 159 34 122
Route #6: 30 87 198 246 141 93 262 54 43 222 115 300 25 13 171 98 168 8 60 19 99 206 133 142 114 237
Route #7: 147 81 119 3 92 74 31 65 172 68 177 178 131 285 112 100 33 288 287 80 4 32 260 256 259
Route #8: 266 155 268 59 26 95 89 27 224 55 173 41 38 36 275 64 226 109 154 153 82 197 205 118
Route #9: 71 135 242 52 158 140 243 144 145 146 17 21 130 203 76 289 61 225 69
Route #10: 77 70 18 290 124 63 187 200 94 258 276 278 279 282 307 161 269 103 271 183 298 175 57
Route #11: 263 102 62 105 201 48 107 56 49 297 73 44 306 310 281 249 202 58 46 9
Route #12: 51 196 174 247 303 293 277 123 148 37 250 248 240 245 75 170 221 264
Route #13: 14 284 257 129 164 215 167 181 204 220 219 137 160 138 151 162 186 143 116 239 207
Route #14: 251 253 255 218 229 244 230 11 184 216 296
Route #15: 10 252 272 313 23 42 45 50 213 39 214 210 211 302 192 194 189 292 270 273 190
Cost 150965
Time 168.219
