Route #1: 97 147 149 306 54 12 101 203 181 298 127 31 293 179 76 17 180 94 254 284 311
Route #2: 130 187 197 21 77 288 245 23 112 13 253 278 114 177 45 141 56
Route #3: 320 266 10 186 7 119 68 133 90 106 212 144 153 24 61 303 312 322 244 67
Route #4: 205 290 252 11 299 43 60 121 9 98 176 83 222 301 19 88 16 87 275 105 218 276 138
Route #5: 308 305 246 313 42 46 27 72 317 183 118 168 47 185 225 285 52 123 40 178 139 166 174 223
Route #6: 73 279 86 100 294 283 230 78 124 129 189 269 49 191 195 228 38 55 319 243 51 211
Route #7: 217 182 262 53 316 226 85 291 202 221 264 65 318 220 309 233 280 310 92 146 81 140
Route #8: 200 277 162 304 2 163 96 152 158 256 113 154 235 213 300 157
Route #9: 314 39 18 207 286 57 29 239 120 25 255 289 172 62 271 50 75 251
Route #10: 190 33 209 8 148 282 103 193 79 122 71 216 20 167 161 232 173 125 196 194
Route #11: 150 237 143 240 82 5 4 214 272 268 22 296 66 247 281 315 265
Route #12: 34 263 59 14 89 115 171 261 95 259 297 229 111 64 91 74 26 151
Route #13: 48 41 201 287 234 219 273 128 270 258
Route #14: 108 15 238 248 6 250 126 224 116 210 35 192 188 241 135 109 267 70 155
Route #15: 102 208 164 44 199 99 110 36 169 107 142 37 159 117 137 156 131
Route #16: 236 175 84 63 165 69 295 80 257 170 184 249 231 206
Route #17: 302 132 28 136 160 32 292 307 145 242
Route #18: 58 274 204 260 3 321 227 1 198 134 215 30 93 104
Cost 227929
Time 195.843
