Route #1: 237 173 364 209 227 165 134 144 257 51 265 340 111 5 380 2 45 95 254 210 228
Route #2: 281 381 46 294 176 89 6 263 253 318 272 196 195 73 138 169 208 75
Route #3: 50 64 378 250 202 154 107 125 102 159 124 15 16 120 100 98 70 119 8 305 53 349
Route #4: 57 188 81 153 91 132 123 166 157 207 218 44 303 190 199 92 101 74 151 162 222 223 203
Route #5: 193 326 379 55 56 49 155 14 130 112 110 351 390 42 84 86 41 113 128 383 350 319
Route #6: 277 28 3 291 58 389 1 72 83 26 82 118 96 105 143 145 122 147 104 117 116 133
Route #7: 152 68 255 94 266 296 114 311 258 345 344 62 244 80 217 187 179 78 163 79 77 67
Route #8: 40 61 108 115 93 109 99 131 146 148 158 141 170 168 177 186 192 198 197 140 129 71
Route #9: 347 76 106 359 175 304 259 27 121 127 315 332 348 63 361 366 341 339 201 194 360
Route #10: 135 185 183 150 242 178 314 182 23 160 301 310 300 276 238 174 211 181 180 142
Route #11: 234 251 245 256 221 216 260 220 279 269 103 282 54 85 312 317 328 297 215 365 69 65 90
Route #12: 164 139 156 167 205 213 212 219 236 233 239 267 284 298 295 249 252 240 235 161
Route #13: 287 204 225 206 368 126 352 136 137 373 189 330 214 322 278 280 231 268 191 271 226 149 171
Route #14: 307 264 325 247 343 342 232 243 327 241 334 229 230 200 224 338 336 246 362
Route #15: 299 274 273 353 283 358 248 376 262 261 372 288 374 293 331 333 31 346 384
Route #16: 324 323 292 289 290 367 320 356 370 286 335 275 316 329 321 306
Route #17: 33 386 387 309 313 302 308 285 270 10 17 11 184 172 25 18 12 9 30 87 88 19
Route #18: 4 357 39 337 34 32 43 377 52 385 97 371 375 47 48 36 35 363 60 354 7
Route #19: 13 355 369 20 29 382 38 37 22 66 59 21 24 388
Cost 134779
Time 380.352
