Route #1: 213 132 153 169 194 83 203 39 82 196 182 181 5 174 168 65 133 96 98 52
Route #2: 180 47 33 55 100 121 43 84 204 29 177 115 80 127 183 76 126 162 179 134 165
Route #3: 189 188 102 87 81 44 25 22 201 137 28 59 41 206 207 197 110 46 104 208 105 101
Route #4: 99 95 10 11 15 63 79 75 45 94 54 50 49 161 136 175 17 85 6 166 78 56 7 8
Route #5: 68 112 72 131 42 62 18 27 212 51 116 91 114 34 176 171 173 53 74 86 19 209 122 13
Route #6: 90 149 154 157 146 57 140 172 36 135 24 198 77 120 119 139 71 37 38 125 93 202 23 195
Route #7: 210 144 21 164 152 12 31 123 88 205 167 155 138 159 158 145 113 156 190 89 107 70
Route #8: 106 186 109 60 64 73 148 160 32 170 35 16 163 147 178 200 185 191 192 214 26 143 184
Route #9: 30 187 111 20 69 151 150 3 211 129 2 92 117 108 9 193
Route #10: 118 66 14 130 124 103 58 142 40 97 128 141 61 67 48 1 199 4
Cost 67944
Time 207.411
