Route #1: 10 244 233 219 210 227 238 230 263 267 274 283 284 275 38 277 273 246
Route #2: 259 17 5 278 271 26 23 239 217 88 25 27 204 215 214 221 28 20 22 30 146 256
Route #3: 254 197 235 176 252 251 250 257 264 212 207 260 272 232 255 258 276 281
Route #4: 231 198 7 184 186 98 154 253 249 192 178 237 208 205 166 170 168 200 234 225
Route #5: 128 131 135 142 248 136 134 245 106 265 155 12 13 11 14 16 15 9 285
Route #6: 87 150 159 164 148 147 163 149 173 182 188 169 180 172 174 171 120 183 185
Route #7: 167 181 151 141 130 132 203 35 211 102 101 126 158 177 153 143 133 140
Route #8: 40 157 56 53 268 48 222 247 236 46 54 41 61 270 175 206 241 195
Route #9: 79 80 91 94 109 110 113 108 92 100 103 93 95 127 107 119 47 118 125 123 39 89 44
Route #10: 51 65 70 68 115 55 266 124 73 189 179 187 52 213 199 269 114 19 280
Route #11: 194 81 66 18 57 60 36 74 85 84 76 261 42 72 75 78 71 64 69 62 1
Route #12: 216 218 59 43 224 137 3 8 63 161 160 162 138 34 279 228 243 145 4 156 31 191 104 209 99
Route #13: 45 33 50 242 2
Route #14: 105 165 190 220 201 116 117 121 282 29 24 58 112 139 196 240 21 152 77 129
Route #15: 82 83 96 97 86 144 122 111 90 32 67 223 49 229 6 37 193 226 202 262
Cost 106713
Time 277.828
