Route #1: 170 149 165 159 76 102 225 30 51 54 40 1 185 188 153 221 43
Route #2: 5 21 73 9 71 222 2 146 134 23 191 111 208 92 123 184
Route #3: 174 117 224 175 68 204 90 187 81 143 11 100 218 171
Route #4: 64 209 66 229 180 99 194 163 49 29 104 25 72 122 106 31 130 61 131
Route #5: 211 44 147 3 58 38 148 190 17 178 215 112 196 120 202 33 86 95 115 125 150
Route #6: 32 80 47 114 14 74 34 82 77 10 42 41 63 12 103 168 161 157 167
Route #7: 96 35 177 156 22 50 39 217 75 88 198 124 62 97 151 79 162 109 186 6
Route #8: 164 213 83 113 136 98 8 53 145 219 15
Route #9: 201 137 119 214 59 36 227 65 166 45 60 48 155 142 183 69
Route #10: 205 101 141 193 4 199 228 89 181 121 116 172 210 200 154 108
Route #11: 19 127 138 91 110 132 226 118 169
Route #12: 189 56 223 216 16 7 230 20 46 67 57 27 126 197 144 206 182
Route #13: 78 140 26 192 13 135 18 85 179 139 203 105 52 84
Route #14: 24 173 94 93 152 207 160 158 107 28 37 87
Route #15: 176 212 70 195 133 55 128 129 220
Cost 166190
Time 72.091
