Route #1: 109 2 119 221 81 114 94 118 39 226 36 159 173 84 66 194 13 188 208 184 217
Route #2: 28 100 187 218 80 147 74 4 25 75 88
Route #3: 53 161 142 24 23 166 1 68 171 18 183 83 99 17 199 8 3 202 70 167 11
Route #4: 37 153 192 96 44 45 111 206 220 145 201 29 35 108 5 51
Route #5: 190 20 59 207 135 76 197 104 78 60 92 93 42 31 15 102 136 71 116 134 131
Route #6: 127 34 213 172 67 90 120 154 150 38
Route #7: 198 196 164 141 123 122 146 148 180 182 177 149 204 191 168 179 181 128 210 86 101 140 130 132 97
Route #8: 117 216 103 211 91 77 54 43 64 47 9 158 195 174 106
Route #9: 62 58 144 165 110 178 155 98 6 223 193 40 222 27 7 26 48 21 225 10 63 72 73 79 133 137
Route #10: 152 89 12 107 56 129 124 121 209 82 49 162 156 41 61 65 46 105 115 219
Route #11: 87 112 52 212 113 189 32 214 143 55 57 85 125 224
Route #12: 215 163 185 186 157 16 205 30 138 95 203 176 170 126 33 200 175 139 69 169 50 22 19 14 151 160
Cost 87547
Time 68.6616
