Route #1: 203 8 10 16 15 252 249 243 196 194 180 190 191 197 93 188 185 187 172 171 18
Route #2: 193 176 219 201 214 215 210 224 238 242 17 209 9 213 206 19 216 202 208 222 223 186
Route #3: 111 136 128 138 135 46 156 74 76 67 79 29 25 35 78 62 237 27 232 26
Route #4: 71 166 207 228 233 231 230 32 235 31 246 22 240 28 30 44 225 56 199 5 132
Route #5: 174 129 117 69 139 146 124 211 200 45 118 165 33 181 157 179 39 36 236
Route #6: 7 6 59 63 60 119 251 66 50 217 227 229 113 4 13 48 80 116 195 226 38 177
Route #7: 73 152 204 109 173 198 178 133 65 149 150 221 24 159 37 241 125
Route #8: 160 112 88 41 61 99 101 23 147 85 87 164 245 58 55 239 234 248 52 3 250
Route #9: 34 21 12 140 82 108 75 121 105 70 68 134 20 192 142 126 141 90 218
Route #10: 94 14 49 81 98 130 161 106 183 120 104 247 102 110 114 86 89
Route #11: 151 115 244 122 153 144 154 168 205 220 212 100
Route #12: 77 57 53 91 84 92 51 72 1 83 95 64 11 2 47 42 40 54 148
Route #13: 155 162 96 43 123 145 167 163 170 189 182 184 158 143 131 137 169 107 97 103 127 175
Cost 124850
Time 203.737
