Route #1: 7 449 313 80 9 16 117 112 72 110 274 43 42 101 130 182 205 276 305 165 267
Route #2: 346 255 224 198 92 102 141 286 194 417 448 8 13 32 394 398 228 208 277 108 307 244
Route #3: 98 138 273 209 226 53 167 169 270 290 418 168 145 111 294 78 62 269 185 128 436 249
Route #4: 15 59 49 183 210 262 225 219 216 229 34 115 105 202 142 126 129 207 186 214 345 257 77 160 109
Route #5: 351 347 434 240 196 450 454 218 215 88 278 28 137 439
Route #6: 266 263 295 125 190 176 161 146 147 254 131 181 164 175 217 304 232 188 204 184 143 154 155 197 212 268 287 52
Route #7: 1 281 66 211 378 76 75 84 238 93 95 96 3 4 83 156 132 220 230
Route #8: 58 47 177 44 91 223 121 148 149 272 153 166 236 158 150 151 135 133 134 97 189 221 261
Route #9: 260 431 291 452 336 308 275 193 282 285 271 199 206 140 297 283 279 264 116 119 343 170 379 171 174
Route #10: 106 265 157 163 316 357 388 440 179 421 375 213 203 367 406 200 180 162 397 377 122
Route #11: 252 251 258 384 296 423 325 420 342 352 12 11 354 344 451 337 338 324 6 21 303 430 413 253 247 302
Route #12: 195 178 237 234 235 231 288 310 298 306 309 333 323 340 339 358 369 372 348 368 365 318 159
Route #13: 104 124 315 317 349 355 321 403 334 383 385 332 329 330 328 314 312 301 100 311 191 245
Route #14: 443 453 359 136 25 370 26 29 31 392 46 55 408 405 65 419 412 60 64 67 79 425 381 24 18 14
Route #15: 54 390 30 409 45 410 73 103 17 71 416 414 22 422 411 442 415 432 441 382 363 404 407 319 320 371
Route #16: 455 222 341 399 364 361 360 393 391 396 426 429 362 437 353 447 322 327 389 331 350
Route #17: 356 374 400 395 33 424 427 444 19 35 57 40 61 23 48 10 5 20 107 387 335 89 85 74
Route #18: 81 36 38 68 50 243 299 70 300 227 239 280 293 69 246 192 56 173 37 51 63
Route #19: 373 435 445 446 433 82 86 87 90 94 428 376 41 289 2 242 380 386 120 144 114
Route #20: 201 233 123 39 248 241 187 401 402 139 250 99 152 326 172 259 366 438 27 284 292 118 256 127 113
Cost 192581
Time 488.067
