Route #1: 76 189 172 60 62 162 120 51 100 207 261 170 199 291 61 265 48 73 296 171 127 88 160
Route #2: 206 251 37 283 167 26 210 85 108 109 38 67 44 19 105 94 180 163 36
Route #3: 249 90 221 254 101 201 47 176 106 112 138 43 103 247 272 17 114 222 266 12 33 208
Route #4: 83 245 219 23 273 228 77 227 262 197 259 59 181 115 295 6 144 58 122
Route #5: 185 65 159 186 287 68 96 166 243 267 183 293 169 250 257 142 148 45 10 42 21
Route #6: 63 200 174 84 212 69 22 126 72 40 184 211 128 29 28 129 155 107 75 123 190 161
Route #7: 8 87 182 132 15 92 14 177 7 209 2 34 53 136 25 165 86
Route #8: 285 278 214 213 57 71 74 234 41 203 288 46 4 3 111 30 284 93
Route #9: 117 66 55 158 20 152 231 281 188 9 81 141 218 195 140 230 280 80 39 239 156 252
Route #10: 119 271 246 11 131 220 16 193 202 168 270 24 268 286 274 240 225 32 139 146 191
Route #11: 135 253 217 198 143 91 255 178 258 133 236 118 248 50 204 18 194 279 104
Route #12: 98 121 187 226 56 116 97 175 242 205 229 277 256 130 232 179 164 223 237 238
Route #13: 150 260 173 244 110 282 233 79 35 5 147 151 145 241 275 294 276 216 1 102 263
Route #14: 124 292 54 99 224 154 70 13 192 31 49 82 290
Route #15: 215 89 64 196 289 113 52 149 125 134 235 95 157 78 27 137 153 269 264
Cost 187493
Time 78.3516
