Route #1: 284 283 9 88 61 6 11 263 33 269 254 281 2 250 153 322 245 274 275 188 127 113 130 141 202
Route #2: 224 234 247 260 57 139 325 27 262 241 231 326 266 302 252 259 285 105 3
Route #3: 152 42 95 89 305 35 90 14 132 26 208 162 267 256 161 253 212 175 158 123 109 183 159 225
Route #4: 165 163 296 246 114 157 85 86 164 299 213 316 97 67 5 69 81 87 294 169 323 315 200 297 156
Route #5: 16 239 56 106 160 292 293 238 189 51 199 171 233 180 184 257 46 32 17 174 229
Route #6: 271 295 273 272 278 251 248 242 209 166 173 287 270 255 136 107 261 268 249 244 215 243 186 172 207 210 280
Route #7: 321 276 227 193 134 84 37 226 235 192 146 133 128 83 185 116 228 291 135 282 144 177
Route #8: 93 308 64 181 223 240 258 10 59 101 129 15 8 140 34 201 82 22 117 94 31
Route #9: 131 92 118 23 45 62 19 20 303 217 310 195 68 279 300 121 203 205 216 327
Route #10: 198 176 149 148 150 155 58 52 12 313 320 306 13 43 53 72 301 124 138 120 119
Route #11: 220 194 196 307 312 70 298 100 103 304 28 318 324 66 319 74 329 29 24
Route #12: 102 104 98 71 54 73 317 77 96 99 112 110 115 137 147 142 311 1 76 122 221 222 219
Route #13: 290 187 191 190 168 179 197 206 218 264 236 289 314 211 36 21 288 154 182 309
Route #14: 48 47 44 40 78 39 38 151 50 49 79 80 108 91 30 265 63 60 75 126 143
Route #15: 237 204 18 25 167 178 170 230 41 55 125 111 214 232 277 145 286 7 328 4 65
Cost 111529
Time 435.734
