Route #1: 184 229 178 190 52 28 18 154 207 215
Route #2: 250 73 79 54 151 2 138 67 225 111 139 90 77 253 243 193
Route #3: 134 185 75 232 212 4 104 114 143 22 150 147 136 29 6 87 74 102 189
Route #4: 169 167 159 244 53 50 261 70 158 246 125 86 128 39 12 48 127 164 191 188 126 176
Route #5: 156 118 95 63 66 186 204 30 83 172 173 140 115 100 60 16 129 38 106 105 81 247
Route #6: 120 214 124 61 195 64 78 97 218 96 119 55 94 179 180 181 13 58 194 192 200 183
Route #7: 171 37 1 10 3 14 88 93 213 107 208 211 187 62 170 177 153 121 206 166 91 15 209 49
Route #8: 45 42 258 254 260 146 233 152 43 76 98 27 228 160 255 112 251 56 198 72
Route #9: 197 203 144 145 26 21 236 135 205 99 130 199 201 157 256 7
Route #10: 234 202 165 196 161 182 20 57 226 35 248 239 242 235 59 241 245 122 109 222
Route #11: 69 80 131 123 33 113 44 46 163 65 51 230 257 41 148 34 220 219 5 23 217
Route #12: 19 110 238 210 36 89 92 149 141 142 133 40 116 47 68 71 137 101
Route #13: 227 168 252 31 174 11 9 8 155 85 82
Route #14: 216 249 224 84 240 32 24 259 175 17 25 223 231 221 162 103 108 237 117 132
Cost 145608
Time 148.603
