Route #1: 205 186 215 33 146 201 195 62 34 37 54 98 171 64 76 25 115 14 9 209
Route #2: 52 165 176 198 13 20 213 200 164 158 150 125 128 66
Route #3: 38 119 126 120 60 168 211 18 114 108 145 130
Route #4: 53 79 93 152 121 97 105 203 7 65 57 67 43 95 45 172 58 131 83 194 123 135
Route #5: 5 151 149 193 208 8 96 12 90 196 192 180 23 40 59 138 161 177
Route #6: 147 82 46 50 74 88 153 137 142 118 101 63 47 41 32 36 15 162 103 140
Route #7: 173 3 85 204 110 132 99 113 87 80 129 144 124 112 94 102 56
Route #8: 207 106 210 109 185 61 86 134 163 183 136 202 197 155 6 184 214 143
Route #9: 187 199 21 42 51 111 72 27 91 16 4 170 48 148 154 141 68
Route #10: 1 29 190 78 30 31 189 159 122 81 44 26 156 70 71
Route #11: 55 92 19 2 212 127 157 35 188 11 24 84 39 178 100 133
Route #12: 69 191 117 107 73 77 75 28 22 116 179 49 17 10
Route #13: 89 139 104 175 174 169 160 181 206 166 167 182
Cost 134508
Time 153.641
