Route #1: 160 429 81 176 322 205 488 290 7 162 330 237 19 239 194 265 3 221 253 291
Route #2: 5 273 337 9 105 74 439 423 95 222 357 238 317 462 87 292 263 327 212 190 328
Route #3: 100 91 133 233 225 114 234 293 326 370 77 191 308 244 259 189 60 117 143 161 323 201 4 277 333 78
Route #4: 73 351 188 412 243 249 168 196 208 356 339 297 281 252 247 255 257 349 242 325 192 216 217
Route #5: 93 305 99 134 8 120 409 485 131 174 146 152 230 213 215 136 246 67 416 224 251 206 186
Route #6: 340 341 280 284 195 200 309 35 204 414 418 433 441 392 218 415 449 473 480 179
Route #7: 54 83 128 97 103 96 405 384 366 331 296 313 311 279 159 123 122 121 145 286 169 304 301 375
Route #8: 419 413 436 393 373 368 377 500 380 367 324 501 496 268 276 471 275 264 283 299 298 306 310 320
Route #9: 185 430 198 427 443 207 472 478 182 180 181 41 37 157 17 16 461
Route #10: 344 335 364 319 338 468 460 354 353 385 403 376 365 383 379 399 446 352 372 382 381 396 397 499 12
Route #11: 18 387 394 28 410 426 33 51 453 455 456 452 40 55 85 459 50 451 52 49 447 86 102 442
Route #12: 479 29 457 11 450 444 492 476 388 389 498 15 390 27 44 464 454 448 465 424 420 425 374
Route #13: 318 312 332 355 359 363 361 422 431 435 432 470 486 484 493 68 130 404 407 148 282 43 32 278
Route #14: 428 411 56 65 295 438 469 474 475 108 115 118 63 92 94 69 66 132 104 64 494 202 321
Route #15: 487 156 135 84 107 400 266 402 199 254 348 245 395 458 466 1 20 300 48 53 167 76
Route #16: 71 45 106 14 250 271 57 445 467 72 172 149 329 125 109 110 483 477 23 25 36
Route #17: 350 369 491 2 119 408 171 371 269 360 378 294 336 267 165 288 210
Route #18: 398 34 116 223 240 256 10 13 22 21 42 334 302 137 142 126 80 260 111 154 495 345
Route #19: 261 61 347 417 463 362 482 124 30 203 193 316 315 112 59 38 24 490 437 184
Route #20: 314 31 406 258 386 434 346 307 70 343 262 440 144 46 127 75 141 303 497 90 39 26
Route #21: 274 232 226 236 285 88 173 219 47 197 211 153 139 158 183 82 187 489 129 358
Route #22: 101 270 289 481 228 62 248 79 272 175 164 113 178 138 241 229 209 214 220 235 227
Route #23: 147 231 58 170 177 163 150 155 287 6 98 391 166 151 89 401 342 421 140
Cost 227400
Time 391.427
