Route #1: 58 171 223 15 25 163 159 71 22 95 43 218 73 76
Route #2: 168 112 103 66 108 57 10 225 42 196 206 156 144 115 190 6 154
Route #3: 207 52 100 220 210 177 141 106 143 87 178 118 133 139 199 111 211
Route #4: 131 12 176 61 121 72 116 54 64 29 101 212 202 189 91 44 60 77 48 129 98 92 182 113 94 192 32 120 136 226 39 184
Route #5: 117 33 41 107 14 26 36 229 1 67 104 63 56 89 213 191 194 5 123 70 195 79 230 172 166 165 109 85 203 11
Route #6: 142 46 37 35 105 134 175 2 186 17 55 86 65 80 138 84 102 114 28 135 38 110 205 149
Route #7: 181 180 228 187 188 147 137 128 75 214 164 158 96 53 97 217 193 170 124 174 82 51 23 146 40 9 69 45 74
Route #8: 155 152 157 19 145 68 198 99 31 7 167 222 30 216 150 13 201 119 169
Route #9: 62 127 161 162 24 20 221 16 179 209 183 185 125 3 173 90
Route #10: 78 122 126 8 227 224 153 132 130 88 49 81 27 208 47 197 34 160 140 148
Route #11: 215 4 18 204 21 151 93 83 219 200 59 50
Cost 136492
Time 223.616
