Route #1: 96 125 89 91 76 171 26 135 179 119 137 234 157 207 214 209 231 276
Route #2: 54 249 167 115 144 145 393 1 219 247 257 248 59 245 67 66 78 99 101 64 193 224 212
Route #3: 238 180 158 136 170 192 240 268 294 256 218 205 204 216 275 250 215 366 229 236 230 226 223 325 266 265
Route #4: 114 126 188 288 310 121 148 172 173 177 252 225 217 113 139 133 221 241 92 264
Route #5: 305 301 370 159 169 386 175 176 345 347 182 190 189 186 336 161 152 330 142 334 72 61 73 93 304 77
Route #6: 260 69 62 104 120 116 124 155 32 138 14 380 371 166 338 235 251 262 242
Route #7: 232 349 278 313 316 17 327 10 141 27 53 23 311 15 391 8 11 12 320 328 70 318 307 392 390 254
Route #8: 308 291 289 285 292 295 296 314 384 326 36 37 42 352 350 354 359 362 351 44 357 52
Route #9: 156 208 128 122 280 146 299 300 309 342 340 337 339 317 332 303 298 293 281 286
Route #10: 302 87 269 34 355 358 360 364 377 51 383 86 88 97 85 5 346 83 368 385 376 381 348 283 323 315 306 21
Route #11: 13 45 341 270 261 111 211 129 375 379 47 108 55 80 20 102 79 363
Route #12: 373 367 168 227 185 107 147 154 28 255 244 282
Route #13: 160 63 38 131 132 130 58 274 258 206 287 344 329 95 361 98 90 82 343 369 74 48
Route #14: 220 331 321 202 284 335 127 374 178 263 7 267 191 196 65 118 6 246 40 112 239 372 387 200 259
Route #15: 94 277 81 43 3 4 389 31 150 50 100 71 140 195 194 198 273 378 271
Route #16: 60 210 253 68 201 84 149 33 18 181 134 22 243 49 39 56 35 75 123 2 16 41
Route #17: 228 356 110 106 162 103 164 153 109 57 24 353 222 324 203 319 312 290 365 19 382
Route #18: 279 272 333 388 237 199 197 174 183 117 46 143 184 165 163 30 233 29 187 151 213 105 9 25 297 322
Cost 174949
Time 321.782
