Route #1: 267 249 225 14 172 6 270 130 161 143 178 180 227 238 193 190 259
Route #2: 200 209 213 242 255 182 87 86 112 114 164 208
Route #3: 201 72 105 52 60 15 122 260 257 23 256 27 48 253 274 167 158 9 132 96 8 121
Route #4: 254 268 160 116 258 38 168 109 133 99 237 219 90 110 207 113 189 202 218 228 226 118
Route #5: 33 75 243 22 1 42 41 68 135 4 174 88 187 95 262 98 84 239 65
Route #6: 170 59 58 111 149 162 146 235 233 93 63 40 61 2 185 157 176 108 245 188
Route #7: 44 186 175 81 150 74 66 199 134 83 181 206 7 151 37 144 43 147 142 120 80 85
Route #8: 10 20 71 194 17 18 102 67 129 145 89 234 236 230 229 231 232 5
Route #9: 77 50 12 55 100 125 197 21 169 107 252 215 97 247 210 101 39 123 119 192 159 163
Route #10: 137 64 217 250 47 36 248 196 223 244 76 179 204 70 25 13 34 148 131 240 263 26
Route #11: 115 73 152 205 216 104 166 69 126 211 261 92 117 156 91 57 82 45 51 53 224
Route #12: 11 79 106 195 62 78 221 212 24 266 251 222 3
Route #13: 183 35 32 28 16 128 49 127 46 29 31 94 136 30
Route #14: 273 272 153 191 139 171 198 19 265 271 269 214 103 54 141 138 246
Route #15: 241 140 155 203 165 184 154 177 220 124 56 264 173
Cost 148015
Time 112.298
