Route #1: 296 131 524 118 509 20 504 257 537 254 69 149 448 261 479 457 303 422 84 94 25 402 59
Route #2: 182 168 433 125 8 399 107 102 28 527 452 268 36 104 141 426 50 555 62 468 497 493
Route #3: 14 167 97 96 379 29 464 389 533 529 444 396 412 438 250 33 80 370 290
Route #4: 351 441 218 371 195 128 510 281 153 523 295 282 508 454 165 388 325 391 10 480 484 17 248 477 458 327
Route #5: 552 461 116 241 189 306 209 341 549 476 472 32 35 482 186 56 293 52 190 242 126 72 21
Route #6: 532 142 301 264 202 184 174 66 421 224 134 470 272 223
Route #7: 365 22 352 488 375 376 393 445 203 507 11 430 466 500 339 410 308 206 471
Route #8: 364 91 157 7 446 57 1 374 431 287 74 30 276 172 192 244 67 178 147 526 353 156 387 539
Route #9: 93 377 459 395 176 216 217 117 53 260 221 16 356 181 284 442 188 419 95 415 265 401 407 372 145
Route #10: 175 152 210 49 73 199 311 3 408 267 71 557 100 302 177 187 200 179 323 18
Route #11: 246 385 108 68 79 63 109 321 337 309
Route #12: 511 406 89 256 495 520 317 514 41 40 47 193 78 258 550 545 305 328 146 320 449 392 394
Route #13: 148 120 275 515 143 111 23 541 538 61 269 197 363 505 37 469
Route #14: 424 522 384 547 556 434 115 130 501 212 397 456 358 551 283 366 300 180 45
Route #15: 222 138 512 386 381 291 162 160 124 518 15 113 349 234 329 316 24 380 543 340 198 121 439
Route #16: 183 13 137 558 548 101 169 503 417 369 274 154 159 348 132 492 360 27 288 465 428 463 194 227 252 346
Route #17: 279 347 483 81 60 330 205 334 263 429 554 336 297 26 378 400 140 122 251
Route #18: 171 155 98 416 453 373 519 544 64 294 166 450 467 76 245 478 232 19 207 77 345 313 164 235
Route #19: 432 486 229 163 338 435 253 191 151 5 314 517 240 307 106 112 90 404 535 87 99
Route #20: 530 255 225 129 326 44 455 231 85 173 2 170 357 344 322 304 65 361 237 335
Route #21: 51 502 185 119 236 460 540 150 82 319 86 443 133 55 219 233 215 420 521 367 485
Route #22: 247 398 491 531 273 414 103 383 213 277 58 546 331 513 498 368 204 427 214 536 238 271
Route #23: 299 239 38 278 382 262 487 474 136 208 405 139 144 48 201 481 525 411 499 211 135 494 54
Route #24: 75 333 31 354 92 496 127 9 490 355 226 332 362 489 447 266 158 289
Route #25: 403 343 270 259 553 292 42 542 312 350 324 228 418 440 310 34 4 437 105 423 298 280 475
Route #26: 390 528 342 161 473 114 88 285 220 110 12 425 315
Route #27: 286 46 451 6 462 243 43 83 436 534 318 249 413 39 196 230 409 123 516 359 506 70
Cost 292940
Time 332.179
