Route #1: 85 167 168 194 162 224 130 206 217 255 83 190 253 28 84 243 250 7 66 111 56 88 86 41
Route #2: 54 106 144 203 235 207 191 186 25 223 62 174 153 240 46 114 254 249 13 6 57 192 105 123
Route #3: 67 211 158 79 76 136 77 78 189 179 132 185 34 48 47 197 107 157 188 156 237 145 151 222 225
Route #4: 64 242 173 115 226 233 252 208 248 122 110 137 96 70 95 184 241 228 230 221 198 220
Route #5: 234 229 218 219 199 165 166 160 141 139 152 127 116 134 148 169 175 170 171 161 227
Route #6: 247 216 155 120 232 205 214 29 36 143 201 125 117 131 129 212 164 51 181 26 103 124 100 52 93 104
Route #7: 42 154 176 172 31 258 49 1 213 18 178 35 238 109 118 159 133 9 24 50 33 209 239
Route #8: 43 17 204 19 150 138 210 98 99 44 91 101 163 147 30 177 15 12 11 71 195
Route #9: 244 183 202 149 72 245 89 53 60 55 81 126
Route #10: 92 90 82 73 75 74 63 80 32 59 61 58 45 231 256 40 3 2 21 38 180 236
Route #11: 257 39 22 23 142 20 5 4 182 128 246 259 196 200 69 94 102 27 113 112 14 87
Route #12: 97 108 65 68 37 10 187 215 251 8 16 135 146 121 119 140 193
Cost 88266
Time 263.512
