Route #1: 330 325 316 309 297 295 301 275 313 13 327 335 5 261
Route #2: 254 308 277 334 296 326 319 304 31 332 324 312 307 14 29 278 286 72 314
Route #3: 268 250 249 300 328 255 235 242 253 248 274 17 240 24 259 32 246 33 323
Route #4: 336 20 28 25 287 264 3 213 15 9 193 317 303 163 188 201 219 310 232
Route #5: 337 204 157 322 294 98 302 311 135 331 6 19 21 10 200 181 229 216 12 209
Route #6: 257 260 280 186 281 284 71 271 189 276 176 174 175 279 215 220 233
Route #7: 64 137 166 191 210 165 225 227 187 221 228 256 288 306 247 262 265
Route #8: 158 55 67 267 252 239 251 117 138 266 315 171 214 217 224 177 241 226 238
Route #9: 120 147 143 113 148 161 119 168 169 182 164 195 194 185 136 153 190 198 192 162 205
Route #10: 282 237 236 144 202 146 196 154 104 108 101 70 79 83 81 58 91 78
Route #11: 97 105 107 106 114 134 132 160 207 179 131 170 173 109 184 167 48 273 22 50 38 39
Route #12: 291 290 59 100 103 11 93 18 92 94 74 69 68 23 53 320 51 338
Route #13: 152 35 321 60 61 66 80 285 111 130 159 180 76 223 231 43 44 54 258 142 203 139 65 102 82
Route #14: 77 270 155 234 230 112 141 206 199 156 245 128 86 126 218 243 269 84 145 318 2 27
Route #15: 299 46 298 263 16 118 90 73 272 4 52 40 57 41 42 211 140 49 149 172
Route #16: 96 151 62 8 305 222 333 178 197 293 292 124 212 30 45 208 283 26 289 123 1 7 329
Route #17: 63 89 56 37 129 116 95 47 88 75 115 110 125 85 133 244 183
Route #18: 127 36 150 34 87 121 122 99
Cost 147877
Time 292.651
