Route #1: 304 412 37 131 391 169 203 210 138 244 280 161 289 13 230 139 6 31 180 240
Route #2: 79 128 206 405 97 23 4 322 26 1 273 360 303
Route #3: 38 263 186 301 176 332 143 288 268 5 3 265 307 113 361 367 383 94 269 364
Route #4: 408 313 382 177 236 404 40 392 211 370 192 414 369 77 152 290 264 132 54 355
Route #5: 205 170 137 134 32 222 378 231 246 167 70 270 328 256 348 261 320 116 33 30
Route #6: 146 108 135 48 208 234 60 212 223 349 250 53 105 8 221 341 252 67 52 342 106 133
Route #7: 266 35 402 314 267 44 83 395 7 396 418 142 21 247 49 218 323 165 55 19 171 204
Route #8: 160 228 123 258 112 168 151 149 104 101 400 103 129 172 130 147 121 114 200 198 110 100 89 401 159
Route #9: 73 12 279 274 233 225 197 154 125 72 215 277 238 257 163 15 254 287 293 216 281 248 259
Route #10: 283 286 294 393 308 316 406 413 17 417 411 384 351 276 275 380 379 224 217 340
Route #11: 14 27 87 84 59 162 62 43 25 119 362 82 68 66 193 76 196 85 93 359 375 41 374 385 42 81
Route #12: 330 324 352 363 365 358 331 329 335 28 350 368 343 338 336 337 327 9 345 334 387 319
Route #13: 373 386 388 381 377 39 353 80 71 394 399 389 376 372 371 99 366 344 309 297
Route #14: 298 272 189 179 191 296 312 326 357 333 311 310 306 325 140 318 315 346 285 284
Route #15: 178 115 124 398 65 18 409 50 188 47 10 141 88 347 109 295 242 292 305 354 339 2
Route #16: 56 253 22 416 235 45 51 227 317 145 58 16 20 136 96 184 36 407 29 403 390
Route #17: 207 74 195 220 199 226 157 260 321 282 271 183 153 241 243 397 95 209 232 249
Route #18: 75 150 185 302 245 415 173 156 166 187 181 57 175 174 190 122 120 102 300 262 213
Route #19: 219 118 24 202 201 92 164 111 64 239 78 61 90 46 63 158 144 91 237 229 255 278 86 107 214
Route #20: 148 127 155 117 299 251 410 356 98 11 182 194 126 69 34 291
Cost 215232
Time 226.683
