Route #1: 163 197 222 299 342 123 25 35 400 187 300 308 313 361 199 378 396 282 232 178 213 102 101 315
Route #2: 420 287 121 46 17 240 205 80 201 33 350 109 191 144 124 186 224 225 206 273 389 193
Route #3: 202 204 294 411 160 43 184 185 148 134 90 111 76 413 412 371 414 156 230 5 9 107
Route #4: 257 238 141 19 92 88 189 42 352 345 159 270 86 79 276 133 112 12 63 164 317
Route #5: 73 103 154 314 338 417 22 40 354 214 140 198 292 340 341 305 94 278 312 194 174 31 10
Route #6: 296 309 303 295 421 27 53 1 195 252 283 335 373 2 401 209 263
Route #7: 122 265 349 415 172 45 41 279 77 388 83 89 95 138 64 165 47 149 190 177 69 60
Route #8: 236 127 220 16 310 118 320 318 119 211 75 284 131 297 337 49 392 368 120 271 58 407 385 74
Route #9: 301 319 348 386 346 291 357 246 408 406 395 405 384 376 339 327 353 360 365 358 343 84 235
Route #10: 180 268 218 215 221 226 402 15 26 372 21 34 397 44 419 24 87 85 399 54 409 333
Route #11: 66 23 145 143 136 50 146 147 56 57 416 14 329 78 65 269 55 13 331 32 18 11 351 391 398
Route #12: 364 175 381 171 266 239 234 233 132 293 359 326 113 336 374 250 142 153 275 248 324 176 379 363 344
Route #13: 91 81 96 108 130 264 71 70 68 181 289 298 286 203 274 249 251 277 316 6 182 216 212 242 241 258
Route #14: 380 370 29 256 139 168 3 169 247 152 244 137 72 369 304 110 82 135 97 114 52 155 183
Route #15: 173 37 322 253 228 217 179 157 321 323 117 243 362 150 99 38 267 288 231 290
Route #16: 355 200 210 418 237 28 161 307 347 62 48 4 281 8 61 158 410 126 98 390 223 367 332 129
Route #17: 30 272 377 115 387 280 325 261 260 245 125 162 382 356 167 7 170 166 100
Route #18: 403 311 59 192 394 328 375 67 207 306 393 39 383 196 254 330 227
Route #19: 105 262 106 93 404 188 219 20 36 51 208 104 285 302 255 259 334 229 366 116 128 151
Cost 203478
Time 421.891
