Route #1: 158 154 28 50 186 87 169 130 46 157 74 5 111 195 163 198 146 44 7 15
Route #2: 56 70 66 129 120 152 90 99 139 91 121 219 217 177 63 59
Route #3: 188 122 95 134 89 181 126 112 191 153 79 43 201 207 165 115 68 71 128 10 106 76
Route #4: 209 199 83 109 22 189 9 145 82 179 36 183 193 136 187 113 150 216 61 1
Route #5: 13 37 184 104 73 2 160 196 35 24 96 77 72 220 107 185 174 97
Route #6: 142 80 3 33 20 123 78 151 215 26 167 164 69 162 147 11
Route #7: 92 170 180 27 148 131 88 211 47 67 23 8 30 124 98 84 205
Route #8: 208 81 64 197 176 143 86 39 62 210 155 57 144 105
Route #9: 29 132 53 14 206 116 54 175 31 32 218 103 75 58
Route #10: 212 140 25 85 51 213 6 38 117 17 171 137 42 173
Route #11: 119 52 102 204 45 149 161 4 125 182 190 133 203 18 19 202 40 138 12 114 108 16
Route #12: 65 178 60 200 49 135 93 168 156 159 110 34 48 55 141 172 192 166 101 194 100 127 214 94 118 41 21
Cost 170032
Time 61.1111
