Route #1: 116 101 28 52 43 290 254 255 241 231 210 203 169 22 51 41 25 126 302 305
Route #2: 48 59 297 299 300 292 61 279 288 68 5 9 7 13 34 57 88 153 66
Route #3: 35 218 256 38 91 50 60 33 244 77 202 36 266 309 37 54 85 186 90 82 31
Route #4: 246 121 152 213 286 258 103 114 29 197 71 295 70 211
Route #5: 137 159 156 178 160 111 154 127 65 267 98 135 150 204 118 140 122 30 143 151 155 273 274
Route #6: 296 198 194 157 149 129 125 81 12 94 86 79 76 176 308 173 4 162 168 120 92 214 193 84
Route #7: 106 2 110 74 108 87 148 146 136 40 39 64 247 69 96 124 72 95 99 93 181 221 248 63 252
Route #8: 259 219 209 208 166 123 100 112 161 167 174 158 190 201 20
Route #9: 42 175 180 200 102 195 205 191 184 183 128 130 145 147 139 138 142 144 134 280 281 222
Route #10: 234 253 263 115 293 133 275 278 119 117 225 260 264 277 189 188 182 104 177 73 109 105 97 107
Route #11: 67 262 58 55 227 49 56 47 196 187 53 192 179 170 44 141 165 287 132 207 163 171
Route #12: 113 249 226 245 272 301 269 284 238 235 289 10 304 11 239 242 311 229 291 185 199
Route #13: 237 18 24 270 276 27 46 298 307 89 26 15 75 310 1 285 32 283 268 251 21 19 6
Route #14: 80 78 250 172 62 228 224 230 220 257 215 233 243 232 212 45 164 131
Route #15: 83 8 23 17 16 306 294 3 282 303 271 261 265 217 14 223 240 236 206 216
Cost 140792
Time 225.235
