Route #1: 126 21 50 156 133 237 114 166 44 197 179 198 135 146 67 32
Route #2: 101 102 16 84 210 150 220 139 203 222 181 136 261 260 256
Route #3: 229 69 30 182 244 211 215 234
Route #4: 86 91 60 14 98 15 43 81 207 172 87 129 35 195 265 52
Route #5: 223 262 208 250 218 206 255 231 26 253 180 155 225 176 259 83 38 19 73 163 168 258 247
Route #6: 111 137 238 212 224 161 202 99 134 31
Route #7: 216 5 257 49 39 185 123 93 157 1 109 47 141 61
Route #8: 209 196 214 118 148 68 71 115 10 97 96 204 78 122 125 191 190 187 153
Route #9: 17 160 164 132 40 239 113 112 145 74 128 25
Route #10: 6 34 241 23 143 246 41 227 249 80 121 193 213 104 264 90 20 13 217 159
Route #11: 173 92 120 2 165 82 29 103 12 251 188 228 178 130 221 170 201 22 56 63 70
Route #12: 53 33 58 54 142 110 64 105 177 183 175 194 230 226 7 240
Route #13: 266 245 76 124 199 131 162 254 79 89 3 48 27 18 88 192
Route #14: 169 8 72 149 94 263 107 158 117 106 127 151 37 4 171 138 75 186 59 184
Route #15: 36 167 174 45 46 116 232 51 100 154 219 62 248 144 205 119 189 252 65 11 242 236 233
Route #16: 95 147 152 235 85 57 66 77 108 200 24 9 28 267 55 42 243 140
Cost 189093
Time 124.849
