Route #1: 68 171 90 167 204 148 157 203 142 122 144 9 2 170
Route #2: 151 186 194 211 202 206 187 121 210 209 99 147 34 15 208 198 182
Route #3: 11 104 23 24 41 105 35 33 179 27 70 7 154 155 8 127 189 1 145 183 169
Route #4: 55 161 195 13 59 106 40 123 164 49 57 78 91 96
Route #5: 114 116 120 119 124 143 137 133 135 126 156 153 149 150 141 131 139 102 46 32 63 56 52 48 37
Route #6: 190 200 128 197 160 45 44 115 67 54 36 10 14 87 29 39 50 176 18 192
Route #7: 25 43 73 110 4 140 117 82 74 21 184 173 201 207 177 175 146 108 118 125 129 107
Route #8: 212 109 152 205 98 53 62 132 92 101 19 17 162 172 16 47 51 22
Route #9: 83 111 69 30 180 178 166 159 199 6 80 72 86 76 77 88 89 58 64 65 3 79
Route #10: 5 100 85 193 136 42 31 188 191 93 130 134 196 113 112 138
Route #11: 28 71 26 38 12 174 165 103 20 181
Route #12: 97 94 66 60 185 158 84 81 168 163 75 61 95
Cost 122878
Time 174.798
