Route #1: 132 90 88 87 6 37 27 74 93 209 134 94 201 76 29 89 83 197 198 5 193 176 170
Route #2: 110 42 14 19 30 141 44 55 187 1 62 184 136 73 120 23 21 75 115 66 85 119 148
Route #3: 52 194 169 196 145 82 32 4 208 9 34 143 204 49 40 111 65 200 25 35 36 16
Route #4: 137 188 131 190 189 146 79 191 149 11 125 179 156 31 8 192 185 46 39 48 168 54 12 24 80
Route #5: 124 123 95 112 159 177 153 162 163 17 51 43 175 183 207 174 130 78 77 114 135 173 113 98 108 128 92 140
Route #6: 164 133 182 122 45 116 47 118 86 202 205 212 214 15 53 70 64 101 72 50 213 63 100 60 186
Route #7: 171 104 69 57 56 129 155 59 58 20 172 13 33 68 99 26 165 138 181 210 28
Route #8: 106 180 152 102 121 161 154 158 127 97 126 167 166 107 199 103 81 22
Route #9: 91 178 38 41 18 151 160 105 7 96 211 67 195
Route #10: 84 147 71 203 157 10 3 150 142 139 206 2 61 117 144 109
Cost 67857
Time 104.788
