Route #1: 225 74 75 18 246 237 129 89 90 20 238 209 130 11 146 111 94 193 2 42
Route #2: 61 148 136 155 17 21 31 46 133 137 179 91 27 28 120 157 229 243 86
Route #3: 122 73 138 19 5 10 119 36 56 230 53 201 41 49 51 25 239 3 245 173
Route #4: 50 214 1 43 234 95 97 23 26 30 106 62 64 15 8 76 9 66 154
Route #5: 199 180 186 185 188 190 208 202 205 206 207 223 200 24 22 47 58 57 211 35 33 37 175 170
Route #6: 235 184 244 176 242 4 187 152 192 14 219 210 218 228 227 226 12 221 183 169 167 215 217
Route #7: 164 172 196 195 166 162 163 247 248 181 174 236 203 204 233 177 191 159
Route #8: 165 145 143 121 123 124 232 240 220 231 222 150 151 153 160 68 161 198 189 72
Route #9: 13 32 6 63 105 224 216 93 194 84 197 168 158 127 126 82 78 81 140 144 147 131
Route #10: 103 29 44 45 171 142 139 132 87 88 118 135 101 212 213 113 108 109 110 112 102 156
Route #11: 39 249 80 60 59 7 117 34 40 182 55 54 65 70 99 69 79 114 67 48 38 52 241 178
Route #12: 92 85 77 71 83 107 96 115 16 98 134 149 125 128 116 100 104 141
Cost 120481
Time 219.342
