Route #1: 91 70 191 245 198 111 190 263 299 226 252 248
Route #2: 54 283 18 266 23 251 131 14 223 68 10 216 240
Route #3: 108 217 232 110 96 2 213 71 188 205 178 171 277 265 182
Route #4: 64 159 58 146 228 17 25 103 81 129
Route #5: 193 98 241 221 207 206 262 177 124 298 151 6 102 287 36 106 269 29 200 135 82 264
Route #6: 268 19 116 78 288 253 4 235 219 133 86 274 130 204 203 224 28 257 104 30
Route #7: 275 230 209 267 90 1 145 211 115 77 76 272 153 249 101 89 239 247 119 189 192 126 9 33 123
Route #8: 220 167 142 258 147 136 214 152 39 97 15 57 42 35 32 144 84 31 285 238 154
Route #9: 255 66 62 120 157 45 278 139 92 161 148 297 293 79 8 199 49 254 294 256
Route #10: 279 60 95 164 127 280 41 80 83 282 281 117 46 44 38 290 197 59 225 105 138 273
Route #11: 85 56 26 27 7 50 291 51 173 292 196 271 296 137 166 195 61 194 24 72 295
Route #12: 63 276 47 20 53 65 94 270 87 73 67 75 12 118 140 160 52 162 128 40 74 93 113 168
Route #13: 201 231 170 149 132 37 99 3 22 187 114 107 43 34 11 284 21 48 141
Route #14: 156 289 260 143 242 246 259 250 236 109 5 169 13 186 202 229 150 234 55 100 286 155 16
Route #15: 163 227 179 180 183 261 174 172 158 134 233 222 165 175 176 212 243 215 185 184 181 237
Route #16: 112 121 210 244 88 122 69 218 125 208
Cost 113741
Time 102.753
