Route #1: 87 158 165 34 94 132 204 142 49 162 40
Route #2: 67 150 191 180 25 77 178 184 153 206
Route #3: 36 39 72 75 169 1 114 24 160 104 134 149 17 148 144 58 124 37 12
Route #4: 35 188 61 111 221 159 220 51 176 210 155 182 128 211 3
Route #5: 65 47 133 194 50 15 113 56 125 140 119 80 4 91 192 103 224 168 55 207 198 19 21
Route #6: 120 83 18 166 10 48 105 20 8 147 45 136 179 172 74 171 116 145 6 7 208
Route #7: 93 127 57 96 62 170 126 167 46 85 43 16 187 59 30 202 205 117 76
Route #8: 152 177 78 29 183 156 5 164 213 154 69 2 84 137 181 102 60 97 68 79 139 193
Route #9: 222 129 9 217 42 189 115 89 32 86 31 174 99 219 108 28 151 112
Route #10: 185 218 92 53 196 161 163 214 52 100 186 141 216 107 122 223 197 106 101 146 14 90 135 13
Route #11: 64 212 81 201 209 130 173 118 73 95 157 225 27 71 88 82 33 200 11 44 23 109 110 41
Route #12: 123 190 121 195 143 175 215 54 63 203 199 70 98 26 38 66 138 131 22
Cost 146867
Time 143.384
