Route #1: 120 41 105 78 191 86 99 170 163 160 153 20 119 118 121 126 138 205 171 175 197 186 194 96 67 35
Route #2: 146 145 150 178 172 210 207 151 177 180 179 65 49 43 137 66 74 87 88 165 154 142 62 42
Route #3: 189 164 161 112 79 127 139 91 84 204 93 94 193 200 199 107 181 101 166 131 103 185 184 52
Route #4: 40 34 192 29 26 60 45 44 27 16 73 225 216 215 90 221 224 89 17 64 61 11 33
Route #5: 188 19 190 212 202 208 223 15 59 56 58 201 214 3 213 5 206 57 183 157 77 48
Route #6: 136 187 54 167 158 13 140 133 76 220 115 25 168 70 80 95 222 162 155 104 124 209
Route #7: 130 217 196 122 8 21 24 143 36 50 55 37 23 9 125 7 195 4 10 81 174 53 46 100 176
Route #8: 12 1 18 38 156 144 39 106 219 218 63 169 31 32 148 149 128
Route #9: 141 51 92 117 72 135 69 85 82 182 147 110 132 75 6 173 102 22 111 47 116 203
Route #10: 14 71 211 108 152 113 114 129 97 28 109 98 83 68 30 123 159 2 198 134
Cost 112241
Time 108.023
