Route #1: 62 72 43 118 19 305 344 2 135 208 205 219 326 290
Route #2: 147 397 96 371 425 226 225 204 404 161 105 188 449 10 429 424 352 295
Route #3: 416 125 195 266 271 440 395 138 79 153 413 365 296 300 428
Route #4: 417 430 245 283 137 401 9 444 313 60 342 467 327 218 101 68 40 442 141 411
Route #5: 334 316 131 42 39 360 85 318 213 122 396 169 335 310 435 44 178
Route #6: 93 115 448 470 196 12 462 210 149 102 112 70 455 469 464 194 175 306
Route #7: 221 254 454 18 231 160 5 298 253 264 278 272 142 250 246 120 376 267
Route #8: 97 100 422 431 466 190 89 114 17 34 324 232 90 168 52 7 11 443 181 180 107 103
Route #9: 426 355 350 383 32 58 280 279 412 409 98 59 56 177 110 111 84
Route #10: 106 109 187 87 173 129 75 260 99 150 82 25 338 229 48 261 445 452 398
Route #11: 465 294 281 282 297 152 164 341 189 340 92 95 438 227 374 381 308 312 320 202 358
Route #12: 406 241 463 333 403 83 67 302 293 289 35 380 343 453 447 434
Route #13: 24 314 446 303 328 154 6 437 64 457 408 399 133 414 373 458 183 121
Route #14: 124 439 357 336 362 86 140 15 309 461 41 159 55 20 223 420 285 165 215 415
Route #15: 375 270 346 80 377 130 192 255 240 128 132 119 170 387 386 259 456 468 315 301 432 211
Route #16: 410 367 379 148 31 419 145 146 123 134 427 276 385 242 237 372 66 331 423
Route #17: 71 222 433 321 418 384 69 21 185 22 421 348 127 197 29 28 220 228 287 214 325
Route #18: 291 74 171 76 339 345 157 292 166 356 392 38 13 307 230 151 3 155 37 319 136 78
Route #19: 47 273 163 251 248 249 256 394 257 252 236 244 46 65 88 191 172 174 235 144 186 182 176
Route #20: 351 332 54 209 238 94 16 262 45 460 269 274 4 14 23 450 451 198 193 179 207 49 50
Route #21: 53 389 203 156 288 233 57 33 359 27 368 459 61 402 323 284 217 363 441
Route #22: 369 349 263 265 51 400 304 258 330 234 390 391 337 26 353 370 388
Route #23: 116 224 311 216 1 393 117 436 73 36 247 184 200 167 158 199 201 354 286 243
Route #24: 277 322 275 81 77 30 239 382 63 268 364 212 405 366 91
Route #25: 143 317 378 108 126 299 361 347 329 113 139 206 407 8 162 104
Cost 249714
Time 203.571
