Route #1: 252 167 95 255 245 9 250 249 281 198 61 184 192 185 181 118 129 163 149 276 277
Route #2: 106 132 226 224 213 194 49 44 35 48 55 259 53 150 98 286 65 14 251 267 122 100
Route #3: 22 79 69 125 114 85 66 263 170 105 58 275 59 89 42 220 38 191 196 195 160 15 86
Route #4: 227 221 171 223 152 130 43 40 165 8 31 236 235 231 229 238 237 70 111 112
Route #5: 262 3 232 285 26 115 101 25 117 175 169 107 138 137 123 18 136 135 139 133 93 80 64 108
Route #6: 84 76 126 265 119 32 168 155 154 81 182 77 1 74 30 50 47 68 60 103 78 57 54
Route #7: 21 222 4 240 63 45 23 24 102 197 180 134 127 215 116 90 207 36 153 67 178
Route #8: 190 225 271 39 217 92 218 219 52 87 141 230 6 246 41 5 88 16 157 257 128 260
Route #9: 166 292 94 156 148 140 283 142 72 269 264 143 273 242 96 73 99 10 173 270 104 56 91 29
Route #10: 147 71 131 234 228 151 28 2 258 75 243 109 121 280 145 278 162
Route #11: 248 200 186 254 266 268 282 83 291 199 37 205 201 206 19 34 17 177 272
Route #12: 159 158 13 33 27 208 211 51 209 210 20 12 290 183 193 202 216 241 212 233
Route #13: 284 293 11 288 274 256 253 203 204 113 244 110 124 146 164 179 239 289 97
Route #14: 279 261 172 120 187 144 188 82 62 176 247 161 174 189 214 287 7 46
Cost 152978
Time 149.2
