Route #1: 137 140 110 98 122 141 60 4 24 112 111 130 249 17 15 80 52 95
Route #2: 164 134 211 223 149 133 152 165 85 44 91 138 84 117 94 71 66 48 51 45
Route #3: 97 79 205 70 254 127 136 61 128 118 166 160 161 30 147 206 58 26 244 228
Route #4: 201 126 224 62 50 23 72 121 54 69 78 6 159 32 219 5 1 2 34 21 150 76
Route #5: 68 229 99 49 239 153 42 158 35 56 168 235 103 41 253 86 43
Route #6: 185 7 238 57 20 55 47 46 25 252 250 240 16 29 37 263 259 247 8 255 241 236 231 245 214 199 202
Route #7: 3 114 81 59 113 191 179 182 186 180 123 31 92 181 177 197 212 200 12 209 188 184
Route #8: 38 139 257 33 40 173 108 261 246 258 207 193 196 260 195 194 131 132 67 135 154 64 172 187
Route #9: 167 226 243 225 178 189 218 213 251 234 233 242 11 19 27 22 53 256 39 232
Route #10: 176 198 208 190 203 248 237 18 10 13 204 9 169 262 145 124 215 129 144 28 216 125
Route #11: 192 146 88 142 174 87 230 104 106 100 96 73 74 75 217 89 163 171 93 221 227 102 222 90 210 220
Route #12: 155 36 175 116 120 162 183 148 151 105 107 143 14 170 109 83 101 115 82 63 65 77 119 157 156
Cost 131958
Time 187.045
