Route #1: 9 95 110 118 131 29 137 39 114 121 120 89 142 135 132 119 102 122 139 143 134 146 80 67
Route #2: 84 187 3 149 35 34 130 140 129 249 1 252 116 204 56 165 222 161 160 98 150 73 32
Route #3: 205 162 5 93 87 213 208 97 77 48 103 170 83 63 72 94 104 85 74 55 228
Route #4: 17 54 76 81 238 179 200 214 65 42 69 46 22 209 240 124 18 52 7 36
Route #5: 203 90 154 136 188 25 145 239 218 192 148 138 15 194 176 57
Route #6: 177 181 99 108 44 113 79 75 51 30 60 219 70 251 62 236 11 220 244 235 227
Route #7: 230 2 201 27 13 210 211 59 10 206 38 86 49 31 159 155 43 156 180
Route #8: 190 198 91 237 243 71 66 64 58 28 231 47 224 33 223 229 225 226 37 232 221 21 197 8 254 248
Route #9: 216 233 16 246 20 111 26 23 107 45 123 127 126 40 41 24 61 14 247 234 53 78 82
Route #10: 173 245 250 196 199 68 12 6 253 195 193 184 189 191 186 202 217 215 207 241 182
Route #11: 158 19 169 168 172 171 166 167 112 164 174 163 157 115 101 106 128 185
Route #12: 151 152 212 153 117 88 105 141 92 96 100 109 125 133 144 147 50 242 4 175 183 178
Cost 118561
Time 139.713
