Route #1: 186 100 95 10 155 20 107 2 5 81
Route #2: 200 1 92 80 86 183 120 42 15 170 119 76 203 187 181 18 63 151
Route #3: 167 24 61 101 31 168 74 148 149 147 59
Route #4: 128 178 28 158 191 46 201 41 38 179 162 43 117 206 96 35 52 102 111 98 23 139
Route #5: 17 205 195 77 91 34 126 194 165 22 197 113 143 11 108 123 202 133
Route #6: 192 67 47 198 152 79 29 131 27 54 114 88 146 49 188 166 164 130 142 73 69 89
Route #7: 30 204 196 44 129 83 39 124 175 26 156 93 82
Route #8: 208 37 56 32 106 66 132 4 16 177 105 68
Route #9: 103 180 85 25 60 72 157 50 109 21 184 45 33
Route #10: 171 97 62 116 173 190 70 140 144 161
Route #11: 75 127 84 135 136
Route #12: 172 14 8 110 159 185 137 145 19 163 125 99
Route #13: 78 104 48 36 65 7 199 55 12 58 176 169 121 112 53 160 150 57 154 94
Route #14: 138 122 9 118 3 189 134 193 141 40 115 207 87 90 13 51 71 6 182 153 64 174
Cost 170806
Time 42.8695
