Route #1: 251 20 33 36 22 24 52 9 34 25 229 230 237 10 16 7 29
Route #2: 228 14 249 255 250 247 221 220 209 206 199 205 19 204 4 5 253
Route #3: 240 241 201 197 196 238 227 225 178 185 210 212 215 213 153 222 158 156 188
Route #4: 160 154 159 161 146 141 214 166 224 174 175 173 3 177 6 8 208 190 254
Route #5: 92 234 186 121 117 128 242 252 110 23 189 191 202 187 32 193 194 80 149 26 115 11 90
Route #6: 95 113 79 120 106 111 165 150 145 181 155 167 169 164 172 198 72
Route #7: 133 127 147 144 132 126 112 107 135 89 81 82 93 97 86 108 114 140 139 91 85 76
Route #8: 233 116 124 152 119 236 203 207 40 226 74 235 211 179 131 151 122 163 136 125 88 68
Route #9: 45 51 87 98 57 56 176 219 70 195 200 168 134 96 148 138 94 1 137
Route #10: 183 246 217 2 18 30 41 61 239 162 39 47 49 102 43 53 77 48 27
Route #11: 38 28 63 64 35 31 17 109
Route #12: 248 180 65 118 101 123 216 44 37 73 157 231 244 129 130 12 46 243 55 42 232 218
Route #13: 223 69 66 67 184 21 54 100 103 192 170 171 182 143 105 60 99 84
Route #14: 71 62 75 59 58 50 83 78 13 104 15 142 245
Cost 101673
Time 305.117
