Route #1: 133 197 2 171 156 70 258 124 260 31 77 186 126 165 233 194 234 244 9
Route #2: 246 125 207 224 231 137 15 232 33 85 132 189 145 130 10 36 243
Route #3: 79 221 23 182 178 180 94 73 72 191 196 150 28 257 131 199 88 154 176 97 5 29 14 174
Route #4: 117 67 187 45 93 91 109 69 54 242 200 175 49 68 183 55 219 210 206 201 164 193 155 204 108 263
Route #5: 238 74 12 169 236 98 30 6 22 50 48 41 82 34 71 57 105 245 127 205 1
Route #6: 53 269 184 254 136 119 255 116 120 24 118 35 89 188 21 32 134 140 268 185 162 46 38
Route #7: 43 218 78 129 84 11 138 110 103 157 240 158 230 7 61 247 248 58 144 37 17 235 167 100 13
Route #8: 75 222 265 267 266 20 19 18 90 101 112 121 252 148 128 102 80 76 65 63 40 44 39
Route #9: 173 149 142 181 170 59 195 179 192 237 152 190 270 62 64 27 52 239 135 96 253 16 211
Route #10: 47 202 259 4 203 208 51 86 42 241 220 261 141 95 251 106 8 25 83 151 159 177
Route #11: 250 81 87 114 122 60 113 256 115 147 153 168 26 229 226 212 223 172 161 107 214 99 123
Route #12: 262 56 217 104 139 215 225 66 216 198 227 213 209 111 143 160 166 228 163 146 92 264 3 249
Cost 93054
Time 187.069
