Route #1: 4 78 9 17 34 36 305 302 7 6 292 288
Route #2: 311 289 297 21 35 25 310 13 15 24 269 251 264 285 283 276
Route #3: 215 203 206 204 214 235 252 260 265 256 195 199 154 209 223 197 50
Route #4: 291 161 18 212 37 248 23 12 5 11 8 10 268 303 306 236 226 227 243 312
Route #5: 309 238 233 242 237 281 232 213 218 167 175 16 97 183 19 244 234 14
Route #6: 282 304 296 278 240 228 177 274 187 150 225 170 171 176 184 220 205 253
Route #7: 157 169 194 172 263 221 180 144 222 136 207 140 156 168 159 127 147
Route #8: 174 178 249 259 266 116 120 121 110 275 279 298 59 290 90 98 126 313 165 217
Route #9: 71 186 69 245 293 270 91 239 258 267 128 101 139 152 188 189 192 198 185
Route #10: 32 51 68 62 93 151 96 100 193 210 224 229 179 182 191 133 141 129 108 92
Route #11: 106 84 131 155 166 160 130 145 118 148 115 94 117 95 61 67 75 56 53 83 73
Route #12: 40 72 146 294 254 211 103 149 202 301 277 262 230 196 200 30
Route #13: 287 89 273 88 26 22 81 86 76 39 308 163 190 173
Route #14: 1 52 307 64 66 250 181 55 122 42 45 58 113 111 43 299 219 284 41 27 246
Route #15: 153 208 300 63 105 99 247 31 28 44 119 54 143 57 125 49 280 255 112 123
Route #16: 231 134 135 295 60 80 109 142 272 104 124 33 38 2 3 201 74 70
Route #17: 79 261 138 137 162 29 241 271 47 102 257 216 164 158 48 85 82 77 46
Route #18: 107 114 20 132 65 87 286
Cost 140444
Time 329.113
