Route #1: 183 213 218 204 1 162 279 94 118
Route #2: 53 35 5 129 87 309 102 30 78 136 255 219 36 45
Route #3: 38 231 163 175 234 235 150 176 56 202 268 124 149 206 184 138 74 144 71 233
Route #4: 81 177 307 139 134 195 290 69 227 83 161 22 80 104 10 158 245
Route #5: 73 12 199 16 70 209 256 127 173 210 62 207 164 13 115 284 266 240 17 24 282 117 142
Route #6: 238 54 185 296 119 137 191 254 121 77 226 107 216 246 222 122 6 217
Route #7: 250 51 287 65 97 182 39 63 273 244 261 189 251 247
Route #8: 135 130 156 41 263 18 31 15 155 113 89 300 187 160
Route #9: 109 2 19 228 125 9 174 110 283 236 44 257 223 105 143 60 304 194 26 25
Route #10: 271 28 172 221 34 91 79 305 293 301 23 280 269 48 64 229 196 276 66
Route #11: 112 32 281 272 242 33 100 92 99 37 29 220 145 116
Route #12: 264 181 170 4 3 294 215 133 265 225 203 50 49 230 188 237 306 84 43 278 96 241 275
Route #13: 179 192 274 171 267 270 52 197 169 152 180 288 239 165 58 132 108 232 297 88 205 186 40 85 86
Route #14: 98 212 211 157 67 258 224 167 178 8 95 146 249 285 7 93 159
Route #15: 190 308 154 75 291 72 106 277 46 252 57 114 90 123 103 101 82 286 131 141 295
Route #16: 166 76 193 302 140 289 11 55 292 120 259 59 20 151 200 168 299 208 248 153 111
Route #17: 14 27 128 198 61 201 21 148 298 147 303 262 47 260 68 214 243 253 126 42
Cost 178510
Time 73.4427
