Route #1: 492 81 45 373 90 632 550 97 491 77 251 380 53 149 344 559 307 471 543 375 288 407 184 305
Route #2: 448 281 437 132 141 228 178 1 677 296 112 113 394 493 70 301 119 477 581 263 329 170
Route #3: 511 332 282 304 651 37 31 661 623 3 320 253 353 57 603 358 509 128 620 52 114
Route #4: 62 268 191 252 65 604 116 458 190 379 218 98 468 164 612
Route #5: 608 384 593 600 605 571 678 642 676 579 176 521 510 460 480 321 548 155 361 157 655
Route #6: 130 35 58 594 504 561 498 580 565 683 150 34 367 402 636 534 392 335 242 396 179 526 551 633
Route #7: 466 686 652 160 536 630 641 447 577 2 60 78 315 144 71 681 405 410 99
Route #8: 606 432 124 645 8 55 286 582 356 241 599 260 464 357 233 624 383 247 348 411 212 525 331 481
Route #9: 254 120 278 27 574 172 187 14 67 372 538 584 426 216 415 673 207 294 374 147 322 227 210 544
Route #10: 104 554 462 340 685 563 465 232 15 235 64 473 76 94 469 631 614 163 362 435 341 42 287
Route #11: 245 484 158 508 516 129 334 188 284 530 418 318 48 490 177 654 169 668 590 640 80 79 182 585
Route #12: 86 628 289 537 298 236 660 323 333 16 486 664 336 352 61 313 68 378 527 377 38 674
Route #13: 414 39 162 434 622 325 89 497 397 266 483 515 12 46 572 419 576 485 264 250 137
Route #14: 193 59 404 295 330 436 135 368 131 359 74 528 328 256 569 221 300 401 202 87 597 122
Route #15: 545 439 463 560 391 299 270 573 238 167 311 303 312 390 524 13 4 208 257 482 110 186 421 203
Route #16: 626 430 173 326 40 255 75 206 209 643 161 578 343 398 529 682 220 308 350 152
Route #17: 376 667 611 438 474 393 248 363 562 417 274 627 259 503 314 445 36 293 154 489 371 214 127
Route #18: 66 134 680 339 506 639 25 635 346 399 570 51 658 619 229 204 360 47 416 406
Route #19: 6 442 472 459 153 230 412 9 54 501 143 151 607 107 455
Route #20: 403 33 63 659 342 453 586 92 496 687 502 30 444 44 413 100 225 217 649
Route #21: 82 388 196 246 663 596 533 364 589 532 420 234 338 662 219 517 518 688 10
Route #22: 297 240 351 20 625 95 354 309 389 446 7 269 21 93 239 72 11 365 200
Route #23: 650 408 467 337 647 349 183 513 452 277 621 609 156 475 223 449 140 566 549 487 591 424 507
Route #24: 181 192 237 675 22 201 271 17 121 118 564 146 470 671 499 457 123 429 108 567 425 171 553 535
Route #25: 159 194 306 5 276 666 638 165 345 310 382 520 505 49 189 258 656 290 138 546
Route #26: 174 443 126 587 653 369 168 440 547 568 616 423 280 523 224 145 552 684 69 431 111 602 370 185 28 50 657 324 387
Route #27: 243 669 133 317 541 665 265 588 23 575 180 291 327 272 634 617 43 558 542 400 226 539 451
Route #28: 41 24 409 427 441 648 215 428 454 347 96 142 285 205 456 231 670
Route #29: 73 56 197 494 319 275 26 610 316 101 83 672 198 136 166 618 386 91
Route #30: 283 302 540 32 592 488 395 450 106 19 262 105 88 629 195 115 213 679 355 148
Route #31: 531 279 261 139 273 601 557 103 102 366 613 199 222 29 615 85 84 244 433 125 479 644 637
Route #32: 385 646 175 117 381 461 519 495 514 476 522 583 292 478 555 109 267 500 512 556 18 422 598 211 249 595
Cost 345887
Time 462.181
