Route #1: 19 283 14 110 31 166 246 244 188 22 180 181 83 172 151 189 270 259 18 227 202
Route #2: 162 26 123 126 187 98 219 4 77 87 75 1 155 48 201
Route #3: 23 222 258 64 11 132 27 3 240 241 286 161 205 137 206 197 153 144 216 224 62
Route #4: 211 210 282 82 233 232 230 228 235 236 229 148
Route #5: 218 79 150 130 136 152 60 120 78 65 223 271 92 97 15 95 47 59 5 91 106 49 20
Route #6: 113 184 191 225 81 105 128 142 160 185 194 195 196 265 260 41 17 226 89
Route #7: 40 94 54 121 156 146 168 154 207 157 86 182 80 192 32 21
Route #8: 124 38 279 9 251 37 290 159 102 250 147 139 198 170 33 178 173 138 107 68 93 71 285
Route #9: 266 234 237 6 61 39 50 66 280 203 44 249 252 103 135 268 28 247 264
Route #10: 69 183 284 56 243 108 52 199 245 248 158 10 287 96 167 8 288 281 190 119 163 164
Route #11: 129 84 76 45 186 145 111 112 133 231 209 212 221 239
Route #12: 116 263 13 29 90 99 261 2 74 289 104 267 122
Route #13: 272 115 100 242 127 12 70 55 43 254 179 200 255 169 175 208 114 51 88
Route #14: 257 58 57 36 35 34 141 140 85 171 269 7 134 25 262 125 42 72 63
Route #15: 214 256 109 101 16 165 193 174 176 177 204 213 117 131 143 220 149 275 217 278 24
Route #16: 53 238 73 30 277 273 46 215 118 67 276 274 253
Cost 160595
Time 111.191
