Route #1: 7 244 243 12 251 253 222 225 193 189 183 167 177 190 163 162 176 197 214 218 220 200
Route #2: 232 236 8 259 11 256 20 10 19 267 203 207 100 245 60 202 195 15 92 99 223 180
Route #3: 252 233 213 209 199 216 219 230 257 205 269 5 174 171 172 9 16 234 3 22 21 6 270 242
Route #4: 58 63 24 148 194 191 56 38 51 70 68 83 67 102 117 178 201 248
Route #5: 181 149 192 87 28 57 126 86 268 265 17 263 217 139 122 81 261 2
Route #6: 246 42 43 258 48 101 54 208 154 151 264 104 103 29 4 262 198 50 23 53 231
Route #7: 33 35 1 44 247 224 14 26 55 66 79 229 135 115 94 88 73 75 40 30 36 34
Route #8: 52 47 39 113 37 237 31 221 210 164 196 166 186 64 227 228 41 46 27 127 125
Route #9: 72 76 120 116 124 107 80 90 96 91 74 78 62 61 13 32 45 170 65 266 25
Route #10: 98 111 110 69 156 145 105 175 204 95 93 18 206 84 97 173 146 141 140 77 114 123
Route #11: 158 59 150 169 161 152 168 159 112 106 109 143 129 128 131 165 136 71
Route #12: 118 133 142 108 130 144 132 235 226 160 187 188 182 137 184 121 179 155 134 138 82 85 49
Route #13: 241 212 147 157 238 89 249 255 254 250 119 153 239 185 211 215 260 240
Cost 98599
Time 153.851
