Route #1: 151 138 122 96 93 77 62 102 125 110 123 142 170 124 154 45
Route #2: 94 90 254 242 184 88 147 163 219 209 227 95 222 221 113 115 116 231 238 99 104 189
Route #3: 243 145 155 136 265 6 235 192 187 204 178 179 188 217 161 183 182 164
Route #4: 172 200 260 47 205 199 198 244 202 215 43 216 208 206 14 10 4 264 168 144 232 134 132
Route #5: 229 60 66 18 85 21 20 27 23 82 70 223 195 196 49 38 37 210 212 266
Route #6: 7 236 228 230 207 252 250 255 256 259 257 5 2 33 246 240 249 218 220 214 211 197 181 177
Route #7: 174 253 25 258 261 36 67 12 16 44 22 56 247 245 40 117 213 224 166 15
Route #8: 251 52 54 46 35 32 100 157 61 28 3 11 139 78 191 31 79 225 234 39 9
Route #9: 143 159 167 107 127 152 131 128 135 173 103 26 41 58 111 101 148 86 153 1
Route #10: 140 29 171 194 237 186 34 74 68 83 129 42 114 80 137 108 169 239 71 48 13
Route #11: 19 150 185 87 76 24 160 120 149 17 141 162 190 55 109
Route #12: 203 226 262 59 248 241 118 106 175 8 91 97 98 105 75 84 146 51 112 72 30 92 81 156 176
Route #13: 263 65 89 133 50 180 126 130 119 121 158 57 53 69 63 64 233 73 201 165 193
Cost 127613
Time 223.193
