Route #1: 229 249 253 158 65 135 277 64 56 72 329 151 83 441 298 351
Route #2: 4 259 17 407 211 325 258 374 413
Route #3: 461 469 263 335 147 375 408 398 270 341 426 245 457 104 202 6 101 236 401 381 365 66 131
Route #4: 384 155 89 5 477 238 295 306 463 141 389 321 251 213 228 120 424 3 140 291 30 419 29 100
Route #5: 332 69 402 206 42 244 254 317 98 324 198 359 108 41 404 362 297 392 299 252 122 76 371 471 343 68
Route #6: 38 354 188 417 114 420 159 311 439 272 479 480 156 451 208 437 387 8 13 442 80 287 9 106 256
Route #7: 305 199 303 170 267 204 475 117 102 24 445 390 10 292 345 77 105 340 167 128 396 82 285
Route #8: 464 339 304 85 111 364 19 226 242 316 227 269 33 221 346 231 399
Route #9: 54 422 119 197 97 186 50 290 247 377 21 201 153 262 400 361 240 443
Route #10: 164 168 280 334 448 450 143 110 23 1 195 88 181 180 294 25 81 35
Route #11: 37 179 313 145 410 218 75 423 315 355 94 373 125 160 425 71
Route #12: 212 391 99 157 146 224 194 309 366 137 446 177 403 352 220 225 162 44 323 73 152 385
Route #13: 319 474 470 96 308 196 409 255 138 217 192 118 216 342 47 380 449 318 12 136 191 185 203 458 368 338
Route #14: 20 379 428 215 348 281 376 473 189 116 468 18 279
Route #15: 344 43 476 241 466 183 406 190 28 40 456 16 15 148 312 214 22 121 62 79 2
Route #16: 58 61 27 92 333 60 436 431 453 200 337 260 430 32 87 107 154 286 129
Route #17: 261 414 91 36 123 174 130 169 327 63 55 52 271 388 142 178 127 171 149 219 222 411 454
Route #18: 393 302 11 459 320 124 57 109 275 265 412 207 300 133 113 276 51 150 440 278 172 139 452 383 257
Route #19: 48 447 322 394 243 455 328 70 209 223 465 432 326 358 132 26 382 395 264 233 429 184 347 165 357
Route #20: 163 31 438 289 34 237 182 314 296 397 246 250 78 307 161 478 418 349 235 59 74 274 93 288 112
Route #21: 67 405 472 115 248 187 103 84 330 144 283 284 230 331 367 293 45 7 415 435
Route #22: 46 460 273 234 95 210 301 266 433 173 372 356 90 336 268 49 134 369 53 126 350 205
Route #23: 378 176 14 467 39 462 434 444 386 353 193 310 86 175 416 427 166 232 239 421 360 282 363 370
Cost 232167
Time 159.359
