Route #1: 35 68 322 308 325 162 251 269 153 128 201 91 339 270 142 59 106 300 73 245
Route #2: 172 183 212 163 218 42 63 232 177 11 124 230 257 347 233 266
Route #3: 195 199 57 215 214 340 80 346 25 113 293 140 295 171 13 50 53 210 344 179
Route #4: 216 213 34 127 38 326 108 223 229 194 320 198 281 181 167 115 130 122 359 209
Route #5: 105 343 170 114 41 324 290 254 285 280 336 328 351 256 217 313 272 44 262 69 144 276
Route #6: 301 129 165 93 271 354 321 267 303 137 94 240 147 120 72 116 248 102 143
Route #7: 126 56 279 263 156 51 309 83 28 155 98 123 334 133 49 164 222 159
Route #8: 246 250 224 297 268 85 299 323 184 109 355 100
Route #9: 12 86 135 241 274 294 132 119 247 117 363 26 75
Route #10: 239 265 84 104 192 8 27 186 353 4 96 31 64 111 16 258 221
Route #11: 9 112 14 30 231 330 54 148 273 174 182 255 361 169 337 286
Route #12: 356 20 37 82 39 168 358 191 204 131 277 208 349 89 22 207 138
Route #13: 249 333 345 319 220 329 76 203 160 200 206 205 3 298 331 157 118 46 173 151 180
Route #14: 6 95 58 242 236 32 107 71 87 154 150 228 287 261 311 219 134 196 304 43 193 178
Route #15: 78 90 253 234 362 275 77 296 202 243 306 79 110 70 145 348 310 237 252 341 244
Route #16: 158 60 97 45 121 55 149 10 88 52 36 29 62 67 40 2 357 350 327 316 317 101
Route #17: 187 166 81 15 291 292 342 188 338 312 92 190 264 103 7 61 227 189 125 21 65 335 352 302 288 48
Route #18: 24 235 260 74 332 152 360 284 185 238 139 278 175 305 99 136 225 315 283 17 226
Route #19: 307 197 19 5 141 146 47 282 66 259 289 1 161 314 18 23 33 211 318 176
Cost 154442
Time 402.463
