Route #1: 323 307 312 310 309 368 168 101 71
Route #2: 98 178 185 68 51 376 374 60 78 324 82 386
Route #3: 341 29 313 241 311 289 136 318 244 242 219 287 302 224 294 345 142 334 264 110 31
Route #4: 257 260 252 234 263 240 315 393 249 41 268 243 183 174 47 209 256 45 273 346 169 57 337
Route #5: 355 148 10 16 160 225 380 221 79 80 77 88 87 72 164 143 370
Route #6: 176 267 144 112 269 38 95 61 158 159 389 149 103 125 70 65 33
Route #7: 348 179 147 94 365 238 66 170 217 76 245 12 398 322 9 52 166 327 328
Route #8: 173 187 231 367 139 254 296 352 53 395 270 34 122 113 299 81
Route #9: 150 366 347 42 86 361 332 349 124 364 350 180 360 54
Route #10: 333 75 335 90 140 203 317 259 255 55 99 127 92 23 215 154 89 353 342 390
Route #11: 283 336 344 111 18 161 177 56 384 123 394 126 46 4 104 64 28
Route #12: 362 114 167 276 338 340 383 227 379 399 286 109 375 378 377 354 250 277 314
Route #13: 246 107 84 297 11 204 285 131 97 281 50 49 247
Route #14: 153 194 193 195 83 93 141 284 156 191 152 351 162 363 151 373 184 145 220 387 320 206 282 102
Route #15: 272 232 303 223 1 382 226 197 7 248 58 222 116 308 280 27 26 181 146 37 15 295
Route #16: 163 235 290 301 385 326 121 69 119 17 133 172 14 63 21 199 186 291 278 369 43
Route #17: 118 343 210 358 304 22 216 306 288 200 115 274 171 253 228 182 202 201 211 128 67
Route #18: 91 3 85 135 36 155 321 96 233 108 105 372 371 74 213 331 106
Route #19: 275 208 157 218 188 40 279 117 48 32 356 73 6 300 198 305 120 196 13 25
Route #20: 392 20 262 400 396 397 391 237 258 251 293 189 190 192 316 229 236 212 130 325 261 292
Route #21: 39 44 329 330 24 137 5 319 339 165 271 19 359 100 298 59 129 357
Route #22: 132 214 230 388 8 205 62 265 266 207 138 134 175 381 239 30 2 35
Cost 221663
Time 203.712
