Route #1: 123 176 169 168 104 138 241 64 140 44 109 195 268 107 97 62 82 108 186
Route #2: 305 270 208 98 22 99 288 58 162 207 253 250 48 53 57 132 25 276 91 293
Route #3: 216 17 302 16 115 171 59 137 129 111 93 77 61 92 292 35 269 52
Route #4: 100 74 95 60 133 131 8 10 101 87 28 39 299 55 56 246 51 318
Route #5: 36 225 40 50 27 65 84 66 76 73 70 63 71 113 68 117 145 46 146 72 75 304 81 159
Route #6: 243 85 172 165 198 197 248 29 181 255 266 291 69 265 49 263 228 209 202 41 259 130
Route #7: 247 47 88 124 167 67 94 118 127 126 119 160 175 163 166 153 178 155 151 112 120 116 90 89 314 83
Route #8: 170 150 149 179 142 114 174 254 258 128 221 125 134 220 219 157 144 191 139 147 185
Route #9: 173 189 274 275 190 177 222 217 80 79 223 196 203 200 161 154 110 102
Route #10: 262 251 158 242 204 212 206 193 192 183 182 184 194 187 211 215 214 233 199 230 205 237 244 286
Route #11: 312 310 9 135 156 143 136 96 148 164 287 122 121 78 283 284 289 279 180 152 141
Route #12: 273 271 282 260 277 280 218 295 229 285 224 213 235 267
Route #13: 281 257 226 238 240 300 252 306 309 236 227 210 201 303 315 4 239
Route #14: 261 234 21 245 38 37 106 105 15 34 188 18 19 24 231 232 264 23 249 256 307 32 86
Route #15: 2 14 313 316 5 20 13 54 290 272 278 1 3 11 308 296 297
Route #16: 42 31 298 103 43 33 7 26 12 30 45 311 317 301 6 294
Cost 113612
Time 113.466
