Route #1: 257 255 240 242 237 234 179 221 243 245 200 249 260 288 266 214 154 120 189 24 209 215 236 210 217 227
Route #2: 383 80 141 136 108 191 169 122 90 233 254 47 54 62 48 49 57 70 211 130 182 226 247 273
Route #3: 188 81 187 220 261 115 138 232 153 341 159 168 164 165 248 251 107 92 123 135 133 143 88 267
Route #4: 396 298 180 193 194 349 360 359 174 152 149 347 357 337 172 170 192 348 167 29 350 340 148 280
Route #5: 271 300 291 292 307 397 387 311 320 321 319 315 313 19 13 63 58 327 68 308 110 306
Route #6: 277 151 395 147 121 30 42 95 94 26 20 11 98 25 17 113 118 351 276 241 250 262 246
Route #7: 158 157 229 281 286 285 297 326 323 303 287 284 274 126 244 296 317 316 294 293 127 1
Route #8: 310 18 252 378 374 372 366 375 365 27 69 73 368 61 55 361 364 394 312 309 393 392 373
Route #9: 358 299 305 369 314 335 342 343 324 388 352 381 384 362 363 379 336 356 339 345 328 325 295 318
Route #10: 67 75 344 60 38 86 346 380 390 45 46 66 41 111 33 21 40 389 10 74 82 79 156 377
Route #11: 83 177 39 322 228 265 183 385 2 44 131 382 216 22 137 370 101
Route #12: 28 31 85 116 36 7 256 34 155 173 353 59 139 224 50 301 23 282 270 205 391
Route #13: 15 289 338 239 32 354 93 268 263 275 283 259 132 279 76 56 218 290
Route #14: 302 105 103 64 253 8 3 6 9 51 278 65 52 166 178 106 37 35 114
Route #15: 207 176 304 4 112 160 219 367 84 99 269 96 186 14 162 109 161 329 190 89 175 334 104
Route #16: 272 78 77 87 195 185 125 119 53 198 333 134 117 91 100 355 231 238 230 331 225 264 102 12 171
Route #17: 258 330 142 144 235 97 145 206 129 213 150 5 223 71 128 163 212 181
Route #18: 332 222 386 184 201 208 203 199 376 43 371 16 146 124 196 197 140 72 204 202
Cost 182274
Time 303.891
