Route #1: 204 211 140 246 152 139 59 253 149 67 215 29 32 127 282
Route #2: 131 10 270 304 66 88 134 274 84 283 251 309 40 73 209 163
Route #3: 28 260
Route #4: 294 223 217 237 202 176 190 241 185 3 95 174 166 229 44
Route #5: 104 9 286 35 167 105 130 277 112 75 37 108 199 200 164
Route #6: 97 299 74 292 31 80 188 298 307 265 153 5 171 38 305 303
Route #7: 52 289 208 101 85 60 72 119 133 13 49 103 156 205 26 71
Route #8: 56 136 252 141 184 2 178 267 281 57 297 301 250 78 264 121
Route #9: 120 186 198 70 242 94 197 98 77 169 276 48 62 154 161
Route #10: 109 278 93 113 306 64 46 247 256 58 8 187 155 20 79 115 232 214 262
Route #11: 47 132 179 168 230 128 36 268 226 228 114 86 34 142 25 137 182 227 290 145 244
Route #12: 173 17 269 210 245 18 239 24 193 27 99 106 41 159 65 261 147 183 308 220 43
Route #13: 218 69 263 254 207 124 118 291 81 234 23 296 240 189 206
Route #14: 12 1 39 11 258 255 310 257 236 272 117 45 100 275 216 21 219 122 195 284 76 259
Route #15: 19 170 192 90 144 279 157 15 87 175 146
Route #16: 222 295 30 288 181 203 273 55 249 266 180 225 201 91 135 96 42 213 302 172 61 16 22
Route #17: 191 89 102 148 151 33 271 63 54 83 110 123 221 287
Route #18: 92 243 293 126 68 129 233 82 138 285 280 4 111 196 194 238 53 50
Route #19: 177 143 107 231 14 51 150 248 160 235 212 224 125 7 165 162 6 116 158 300
Cost 234623
Time 93.1212
