Route #1: 258 111 147 362 224 336 264 221 284 10 21 33 262 83 208 62 207 116 67 249 339 316 35
Route #2: 242 165 95 248 191 130 296 291 206 115 216 179 243 173 150 20 114 288 3 236 45 174 330 107
Route #3: 361 7 364 155 52 171 120 63 272 196 346 170 329 324 149 278 187 88 257
Route #4: 61 309 38 43 353 230 44 186 363 203 129 267 369 344 2 250 225 218 143 172 286 181
Route #5: 42 94 185 92 46 195 13 217 255 72
Route #6: 326 16 292 118 117 140 32 144 5 327 306 297 209 183 108 41 40 60 343 245 359 321
Route #7: 274 259 251 136 73 223 234 238 112 90 89 81 80 123 105 113 96 84 78
Route #8: 235 240 261 266 125 109 204 237 141 227 239 253 265 252 190 126 153 212 197 303
Route #9: 102 260 333 319 271 11 301 300 348 66 59 334 68 75 77 79 74 64 22 14 299 351 350 335
Route #10: 281 29 71 47 31 27 12 103 317 313 25 247 298 308 307 293 371 372 360 342 263 332 273 280 23 86 241
Route #11: 279 275 294 304 287 314 341 338 337 358 352 367 48 98 69 57 54 139 357 349 305
Route #12: 169 100 205 244 180 106 285 200 36 53 368 356 315 211 295 24 325 323 302 270 289 312 318 283
Route #13: 370 19 18 51 233 199 310 198 232 56 82 28 166 119 347 340 85 345 15
Route #14: 9 226 290 50 55 366 320 182 214 161 162 331 146 365 4 256 192 254 268 322 159 134 6
Route #15: 220 177 176 49 246 97 219 229 189 276 152 104 201 39 148 158 87 154 188 156
Route #16: 311 194 202 37 8 131 127 213 124 277 228 128 1 17 34 76
Route #17: 133 58 157 99 122 163 142 160 137 184 175 178 167 151 138 132 168 91 121 222
Route #18: 354 215 145 135 328 70 26 231 282 164 93 193 210 65 101 30 110 355 269
Cost 191834
Time 187.094
