Route #1: 214 150 225 156 85 103 198 149 34 45 159 43 69 56 168 117 104 134 204 4
Route #2: 74 203 177 166 172 113 257 11 68 81 22 182 108 200 52 70 79 98 185 91 100 173 120 38
Route #3: 190 75 179 80 137 83 133 82 102 19 30 124 23 143 118 199 145 140 123 10 47 260 239 161
Route #4: 154 95 119 89 67 87 62 66 178 78 170 169 152 86 146 49 132 44 144
Route #5: 50 2 197 184 181 20 1 122 115 148 147 174 176 164 151 186 213 163
Route #6: 201 208 216 6 8 24 243 240 107 105 219 193 92 183 93 99 175 157 88 96 94 57
Route #7: 101 209 130 228 135 136 138 129 128 171 165 127 125 121 114 244 116 109 28 51 46 7
Route #8: 9 3 245 227 220 232 77 26 25 27 106 71 72 63 13 65 64 21 236 235 31 252 48 55 53 262 187
Route #9: 210 221 218 238 234 241 250 248 259 254 237 226 224 233 231 207 205 211 188
Route #10: 32 35 206 141 258 41 59 54 39 14 12 246 242 111 223 16 15 33 73 160 5
Route #11: 131 139 142 60 42 76 29 155 153 215 230 58 261 40 256 247 251 112 253 217 229 212 249
Route #12: 110 84 158 255 37 180 222 167 90 97 192 191 17 196 36 18 194 162 202 189 195 126 61
Cost 122978
Time 88.9016
