Route #1: 66 136 40 149 11 190 210 211 243 185 165 159 298 297 107 83 127 302 150
Route #2: 117 216 114 262 46 29 26 269 4 206 304 212 30 49 76 97 34 74 2
Route #3: 134 261 52 64 32 278 254 260 281 35 20 321 316 80 16 115
Route #4: 42 108 77 24 94 253 218 101 102 143 207 124 82 161 205 237 47 301 25 28 105 67 43
Route #5: 111 264 153 156 146 160 44 277 268 259 195 283 174 37 38 123 39 122 53 56 57 73 85
Route #6: 51 50 55 54 62 72 71 78 87 100 167 130 140 129 138 128 112 93 86 103 113 81 75
Route #7: 232 176 1 282 147 307 309 65 292 294 308 286 276 45 217 329 27 48
Route #8: 126 106 197 223 139 90 257 266 258 89 229 104 180 182 169 168 88 95 79 70 68
Route #9: 92 152 137 170 171 91 99 226 244 236 144 241 181 242 178 219 199 191 192
Route #10: 203 157 164 158 166 175 177 194 220 183 179 186 228 224 162 163 131 132 155 135 133 142 141 145
Route #11: 151 148 202 110 118 119 58 116 287 285 109 279 121 284 189 293
Route #12: 230 252 173 209 196 184 198 221 201 188 200 222 265 248 288 233 239
Route #13: 213 193 172 154 120 17 98 96 125 332 331 8 13 208 215 214 227 326 319 263 280
Route #14: 274 330 3 12 225 5 7 14 6 9 245 18 240 325 61 60 63 59 255 256
Route #15: 289 323 320 314 310 303 290 273 328 250 246 235 231 234 249 311 306 270
Route #16: 10 267 322 247 312 238 204 291 296 271 327 318 36 251 317 305 324
Route #17: 21 22 187 84 272 275 23 19 15 33 31 69 41 295 315 313 299 300
Cost 122812
Time 463.143
