Route #1: 55 111 251 52 25 235 272 104 113 259 241 227 103 133 90 29 40 126 124 255
Route #2: 221 50 88 83 78 74 214 160 147 2 191 144 101 225 244 93 96 250 70 27
Route #3: 219 117 249 215 258 128 243 216 203 116 72 205 60 238 265 1 85 186 76
Route #4: 63 10 62 15 254 143 137 201 178 148 270 12 102 54 154 248
Route #5: 260 91 58 7 97 207 28 20 19 47 44 280 239 269 77
Route #6: 172 209 246 73 39 208 151 234 263 48 276 199
Route #7: 224 176 129 184 5 210 35 173 65 17 206
Route #8: 153 168 121 162 164 145 56 68 37 228 273 75 279 268 149 4 33 120 135
Route #9: 253 282 53 71 41 257 157 171 46 213 159 161 94 51 261 49 6 155 275
Route #10: 8 267 3 175 252 112 110 69 245 38 30
Route #11: 22 198 211 284 36 264 223 278 9 21 146 262 86 92 106 226 187 84 125
Route #12: 109 156 218 115 61 231 220 87 99 274 190 82 277 134 59 23 183 204 130 131 266 107
Route #13: 89 79 169 163 202 114 16 32 283 196 197 237 122 140 188 271 193 80
Route #14: 229 42 119 152 182 233 232 167 185 181 192 200 98 189 81 14 139 195 24 217 141 170 236 230 45
Route #15: 95 34 142 174 100 43 132 64 26 57 138 247 18 66 256 242 136 127 177 13 281 166
Route #16: 105 194 240 108 158 118 165 11 179 31 67 180 150 212 222 123
Cost 223672
Time 153.51
