Route #1: 319 350 22 346 26 76 10 348 29 359 28 34 344 329 325 272
Route #2: 333 355 352 342 331 330 358 338 9 13 16 19 24 280 261 61 88 306 7 106 18 4
Route #3: 353 312 343 341 320 252 266 294 295 288 276 271 286 243 218 225
Route #4: 291 277 17 11 153 102 101 8 98 176 12 236 347 263 270 15 290 316 318
Route #5: 214 213 192 212 310 215 304 324 249 248 265 268 267 264 258 246 336 317 311 308 334
Route #6: 360 357 2 354 234 221 197 345 189 3 190 269 242 235 107 5 278 297
Route #7: 285 247 273 226 230 232 260 216 202 203 229 209 208 205 245 185 181 173 191 174 172 164
Route #8: 127 186 182 167 224 152 239 281 282 293 126 299 283 256 255 211 154 142 105 144 340
Route #9: 254 240 223 274 193 227 166 228 178 206 195 194 183 157 147 163 161 199 53
Route #10: 62 119 122 116 115 100 111 188 200 103 104 145 201 148 150 141 130 125 79
Route #11: 158 155 244 132 305 314 138 136 339 322 323 60 43 45 287 42 49 35 36
Route #12: 301 313 69 95 118 97 96 146 159 165 149 139 259 250 143 207 198 110 160 94 113 20 72
Route #13: 349 48 140 175 332 262 219 52 58 177 37 38 321 315 237 356 204 30 238 180 253 90 309
Route #14: 257 279 187 32 54 40 65 82 57 51 67 33 47 89 59 123 63 68 70 91 92 120 129
Route #15: 275 222 241 298 289 302 292 1 108 109 337 168 25 21 41 84 56 14 75 133
Route #16: 78 335 124 114 162 55 50 46 121 112 83 99 117 71 73 210 251 284 351
Route #17: 85 86 80 131 135 31 27 128 171 233 303 39 134 179 220 307 296 327 328
Route #18: 77 169 6 196 217 231 326 44 23 184 156 66 93 87 151 81 74 64 137 170 300
Cost 128408
Time 191.69
