Route #1: 63 8 55 111 34 17 74 52 194 187 202 243 135 260 77 125 164
Route #2: 13 276 30 110 126 266 158 211 106 152 154 70 65 50
Route #3: 19 73 223 207 254 147 193 131 262 282 6 136 212 4 59 85 120 115 102 239
Route #4: 57 124 61 228 183 45 246 256 171 86 189 11 46 143 205 38
Route #5: 121 90 5 112 75 128 208 268 103 229 105 249 92 1 263 109 191 53 259 222
Route #6: 3 47 178 161 94 66 118 174 58 186 196 188 247 9 146 97 153 68 114 170
Route #7: 51 37 210 149 2 288 167 227 231 284 139 23 176 16 281 71 242 54 237 123
Route #8: 252 10 83 87 261 98 7 216 184 88 113 133 274 141 20 245 127 241 40 144
Route #9: 217 31 48 134 224 156 26 270 107 82 264 244 233 218 62 285 278 29 199 221 64 116
Route #10: 235 234 44 215 226 24 250 253 214 104 190 138 280 122 27 175 36 197 248 192
Route #11: 108 43 41 151 72 18 142 119 150 145 169 100 101 273 140 179 42
Route #12: 79 265 172 201 39 159 251 238 91 15 155 177 181 275 25 157 67 160 33 166 283
Route #13: 225 209 22 117 287 12 232 80 258 129 14 182 130 89 81 200 220 96 269 132 230 137 286 95 32
Route #14: 93 56 78 213 148 21 206 180 255 219 240 84 185 271 35 198 267
Route #15: 272 203 99 165 279 168 49 76 60 173 195 236 257 69 163 277 162 204 28
Cost 208546
Time 288.714
