Route #1: 216 333 118 93 42 45 51 39 30 25 22 78 73 40 31 44 318 47 280 267 329
Route #2: 269 5 11 14 287 115 27 24 23 309 297 295 296 277 264 262 306 243 235 233 231
Route #3: 249 291 126 308 307 286 289 220 174 215 192 301 119 123 135 134 146 288 304 323 332
Route #4: 54 74 97 62 110 113 156 108 218 70 55 213 217 283 290 271 279 240 214 88 84 150 68 53
Route #5: 185 158 225 227 224 246 15 101 120 167 221 177 239 212 255 195 184 328 183 319 114 170 182 229 274
Route #6: 50 69 67 75 181 176 64 326 1 168 157 131 121 80 66 32 116 305 298 178 278 96
Route #7: 117 142 141 140 18 209 222 179 204 327 169 186 187 310 171 163 149 160 241
Route #8: 71 92 82 275 12 128 252 303 154 211 165 300 164 205 242 248 260 198 199 193
Route #9: 136 234 281 230 257 253 226 201 245 261 127 124 175 244 189 180 270 166 138 148
Route #10: 2 85 282 294 330 91 210 9 43 87 94 102 130 299 200 202 173 292 223
Route #11: 17 103 322 143 145 161 197 129 125 139 153 232 95 144 81 21 100 259 258 335 194 188 237
Route #12: 251 60 107 191 190 111 76 112 10 132 38 162 159 207 155 152 172 86 19 33 137
Route #13: 151 26 79 236 106 59 98 41 83 49 52 247 105 206 48 219 7 58 254 228 122
Route #14: 56 302 315 313 325 324 314 208 196 4 90 37 35 63 265 57 147 34 104 61
Route #15: 65 20 109 28 250 8 317 6 320 13 46 321 316 312 311 99 285 331 334
Route #16: 238 256 272 263 77 203 29 72 284 16 36 133 293 276 273 266 268 89 3
Cost 169558
Time 165.735
