Route #1: 71 191 141 168 118 193 68 203 16 172 106 18 119 175
Route #2: 83 134 170 123 46 6 58 179 78 96 127 65 99 109 131 128 15 7 139 36 196 122 33 157
Route #3: 73 53 135 72 137 140 184 107 91 87 178 12 20 145 194 97 4 85 61 35 66 94
Route #4: 151 10 13 19 49 37 24 197 1 41 155 199 95 80 202 148 3
Route #5: 130 187 45 167 50 153 152 21 40 56 44 22 192 163 169 165 32 38
Route #6: 166 27 86 81 164 156 39 43 103 84 108 48 158 176 104 9
Route #7: 52 150 63 159 161 64 143 101 11 146 125 185 121 75 76 74 190 59 2 98 5 89 111 112 201
Route #8: 14 144 79 154 180 90 181 188 51 149 55 124 174 138 102 186 92 82 69 105 195 115
Route #9: 126 147 133 34 198 25 132 93 54 200 30 117 160 42 62 60 8 47 120 31 26 28 142 183 116 182
Route #10: 173 17 113 57 29 114 77 189 162 136 100 70 88 204 171 23 110 177 129 67
Cost 142997
Time 47.2594
