Route #1: 182 128 326 132 149 109 363 48 311 156 224 430 387 365 89 371 405 299 368
Route #2: 253 421 453 444 452 38 325 122 8 300 454 202 278 35 448 240 43 286 446 424 27 239 229
Route #3: 408 190 192 213 16 39 238 143 439 419 417 196 221 225 231 418 200 232 414 293
Route #4: 344 349 370 411 392 101 63
Route #5: 320 393 305 298 264 276 10 314 33 36 331 339 336 354 351 5 11 307 343 341 427 313
Route #6: 401 310 25 332 346 348 347 433 376 386 422 450 207 86 409 413 440 412 218 147
Route #7: 235 116 398 394 262 283 263 180 83 144 330 357 375 340 274 389 356 241 230 441 59
Route #8: 416 437 74 46 247 244 291 436 285 402 280 388 442 3 12 142 438 380 426
Route #9: 125 124 14 105 96 90 174 112 406 15 282 361 435 153 92 403
Route #10: 113 245 50 45 429 135 266 243 220 205 102 54 242 296 211 80
Route #11: 187 177 324 131 176 415 99 64 95 121 58 167 162 130 185 184 115 114 367 378
Route #12: 384 327 334 306 407 88 338 295 53 428 420 28 277 400
Route #13: 69 256 301 70 158 396 335 410 78 138 186 123 248 251 390
Route #14: 55 26 57 366 139 155 111 168 178 223 100 81 179
Route #15: 195 270 164 61 31 82 265 73 181 163 445 275 91 104 110 165 379 193 399 98 355
Route #16: 257 13 309 62 87 423 271 42 22 382 126 219 353 32 236 237 67 328 40 119
Route #17: 383 385 206 303 6 294 308 65 118 97 146 173 77 246 425 117 443 272 431 304 451 148 199
Route #18: 319 345 432 212 140 222 214 217 215 260 362 51 397 108 172 391 183 449 170 321
Route #19: 281 322 317 268 302 269 157 94 72 404 342 9 323 290 279 85 84 79 333 188 166
Route #20: 261 44 145 154 226 151 194 171 252 364 227 191 228 234 233 24 21 292 288 41 129 136 159 4
Route #21: 273 37 315 47 60 250 203 369 373 372 267 297 52 7 29
Route #22: 337 318 210 133 381 137 152 352 316 103 201 204 107 34 312 258 259 18 289 249 75
Route #23: 209 93 208 160 141 284 76 23 56 2 49 71 68 19 20 1 287 198 17 169 255 175 150
Route #24: 127 66 134 254 377 30 197 216 106 359 447 161 360 374 350 189 329 358 434 120 395
Cost 263056
Time 667.711
