Route #1: 105 12 128 328 266 166 271 333 129 239 90 274 116 276 182 70 15 84 207
Route #2: 56 299 240 158 27 263 323 149 174 67 187 201 236 170 205 238 47 269
Route #3: 119 261 126 107 268 147 244 50 159 305 57 233 83 264 76 16 112 127 309
Route #4: 103 153 324 171 267 178 109 234 292
Route #5: 20 273 232 130 225 168 79 75 341 215 142 80 283 338 154 199 123 118 194 53 230 160
Route #6: 45 330 151 340 135 248 54 122 108 318 226 77 257 139 37 195 251 87 30 307 228 311
Route #7: 308 302 110 22 167 198 69 336 193 72 221 58 208 95 124 51 100 11 287 241 275 291 222 216 321
Route #8: 74 19 303 315 73 38 179 145 2 319 18 52 278 290 55 296 218 71 5 66
Route #9: 17 277 141 327 247 322 138 190 202 131 115 317 60 31 213 39 98 289 28
Route #10: 306 78 49 280 334 281 81 188 144 284 48 196 200 337 211 9 186 88 61 157 301 26 260 92
Route #11: 185 180 132 285 43 148 172 162 242 235 270 32 254 342 24 40 99 140 106 279 152 85
Route #12: 312 91 335 288 34 164 62 229 245 253 214 165 133 125 237 3 265 249 177 42 212 310 33
Route #13: 150 206 176 243 35 184 286 304 191 6 8 136 203 282 29 295 94 102 89 189 163
Route #14: 326 293 256 137 36 65 97 155 325 298 21 111 197 209
Route #15: 143 146 320 82 14 25 250 121 134 86 300 223 314
Route #16: 175 10 63 331 64 44 332 217 258 272 7 96 246 262 219 181 255 120
Route #17: 113 101 252 224 114 4 41 231 13 59 169 210 220 204 183
Route #18: 297 93 259 227 23 173 104 192 68 1 294 329 46 156 316 117 339 161 313
Cost 202199
Time 334.983
