Route #1: 74 270 272 304 278 257 262 12 18 24 273 29 38 33 34 288 271 14
Route #2: 239 238 84 254 283 279 286 17 43 32 59 39 35 36 97 67 44 213 13 11 199 200
Route #3: 290 305 293 287 242 31 26 183 20 15 220 232 245 243 299 224 302 212 291 203 211 228
Route #4: 63 189 191 190 187 195 153 196 204 231 234 269 258 285 284 303 294 7 297
Route #5: 188 161 267 268 266 148 132 123 129 9 306 219 23 241 133 230 229 37 221 218 171 109 128 19
Route #6: 198 185 184 216 289 295 248 249 251 250 253 252 307 160 274 181 105 174 214 208 210 169 186 173 165
Route #7: 209 172 259 240 260 46 264 263 60 88 126 255 137 136 125 124 292 207 206 175 164 152
Route #8: 167 176 151 142 102 146 157 170 166 143 130 115 83 103 117
Route #9: 100 8 55 99 111 177 197 202 144 145 154 192 168 155 156 201 127 163 182 236 235 222 159 158 131 104
Route #10: 95 42 108 87 101 80 76 91 77 64 62 120 61 65 140 139 280 265 86 66 51
Route #11: 85 223 107 301 178 3 135 134 179 162 217 246 180 49 226 227 244 247 114 112 68 106
Route #12: 47 261 276 275 89 93 92 73 41 58 79 69 52 1 300 45 25 225
Route #13: 5 57 141 96 30 70 6 98 113 54 72 122 10 50 147 28 233 116 237
Route #14: 78 110 16 27 281 256 81 21 4 298 296 205 194 56 71 2
Route #15: 118 150 282 277 40 75 94 82 53 149 215 193 138 121 119 22 90 48
Cost 110045
Time 583.899
