Route #1: 29 194 209 212 201 204 214 207 226 126 148 149 159 206 211 157 160 20 98 45 218
Route #2: 9 235 227 238 197 103 108 99 177 11 220 175 134 164 152 120 228 191
Route #3: 161 163 165 69 58 145 113 90 219 125 224 133 137 237 13 14 3 86 65 49 52 136 75
Route #4: 141 196 176 83 48 236 82 62 64 63 66 57 44 35 38 46 89 140 115 109 33 34 51 26
Route #5: 234 87 150 41 166 4 95 54 50 80 42 233 60 23 170 162 79 74 119 199
Route #6: 32 155 221 229 129 116 203 27 67 117 55 73 72 213 139 59 56 53 232 223 231 78
Route #7: 91 88 70 31 40 36 25 104 77 16 144 43 19 12 222 97 106 37 172 24 202 156 107 101
Route #8: 105 122 39 21 76 112 142 154 100 127 17 178 151 124 153 184 132 189 188 200 85 71 138 179 174 181 180 240
Route #9: 18 185 114 205 190 225 192 131 128 169 173 130 8 195 30 22 118 210 96 93 92 84 217
Route #10: 61 186 110 171 6 10 216 94 183 208 239 143 147 123 146 15 193 111 182 81 2
Route #11: 28 1 47 158 168 198 135 7 187 5 121 230 68 167 215 102
Cost 85928
Time 359.486
