Route #1: 29 93 122 305 156 151 152 131 23 215 155 62 126 32 153 154 150 58 17 311
Route #2: 95 98 125 137 141 142 135 51 124 161 76 132 39 66 91 24 26 217 278
Route #3: 121 201 84 260 312 248 59 174 315 159 226 4 77 268 136 86
Route #4: 87 123 149 310 116 191 114 214 70 79 216 53 190 187 38 35 10 30 27 101 80 31
Route #5: 221 118 83 193 139 94 109 46 56 61 318 85 138 264 229 69 72 41 18 16
Route #6: 269 11 107 148 44 271 313 92 90 3 244 224 28 20 182 173 170 199 306 195 178
Route #7: 42 57 177 36 218 100 99 47 40 19 88 13 82 287 262 120 240 189 108 176 319
Route #8: 239 228 266 258 113 225 220 236 241 233 227 208 34 143 320 211 257
Route #9: 202 172 203 299 291 21 22 5 304 300 276 273 275 277 279 249 280 234 231 223 213
Route #10: 242 12 33 293 294 303 54 6 45 43 246 307 296 281 285 301 267 243 292
Route #11: 247 253 9 270 14 255 256 254 250 48 251 272 290 52 49 50 289 183 25 263 259 7 317
Route #12: 210 237 204 205 209 238 235 232 288 302 297 295 309 314 206 181 316 222
Route #13: 245 117 128 283 274 134 129 145 146 133 286 284 298 282 119 261 140 147 144 130 196 219 212
Route #14: 60 63 308 75 111 89 97 96 169 105 188 194 192 81 197 230 265 110 175 165 127 67 106 2 1
Route #15: 157 186 198 207 164 167 166 160 162 115 103 104 252 200 168
Route #16: 112 179 180 163 102 15 37 64 65 74 8 73 71 68 78 158 171 184 55 185
Cost 154191
Time 483.217
