Route #1: 178 84 144 153 179 216 36 5 42 71 73 237 250 248 100 92 55 52 131 136 75 200 101 62
Route #2: 204 104 120 155 19 11 96 13 105 82 122 130 189 139 54 127 107 112 102 77 66 236 199
Route #3: 192 182 108 181 116 12 91 47 56 121 171 167 215 61 186 191 46 29 33 114 24 118 123
Route #4: 129 74 133 58 53 152 218 43 90 231 243 15 249 224 221 143 172 67 69 57 26 148 214 30 28 83
Route #5: 138 76 207 229 119 187 94 87 126 198 37 184 23 89 166 149 157 137 177 154 64 188 220
Route #6: 253 35 63 59 60 6 25 39 16 8 241 232 219 211 79 14 238 78 3 242
Route #7: 222 175 183 209 217 234 235 233 203 208 197 205 195 193 196 7 257 194 254
Route #8: 202 201 165 159 246 252 251 18 81 103 106 113 226 223 228 99 227 244 245 22 32 31 38 48
Route #9: 239 240 256 9 50 212 213 210 45 20 51 125 4 70 68 72 27 115 124 247 230 17 10 255 180
Route #10: 65 34 206 164 170 190 174 225 150 140 141 97 95 117 128 176 163 21 162 173 134 110 135 168 169
Route #11: 2 98 111 109 142 160 156 147 145 151 146 85 93 86 1 80 132 88 158 49 40 161 44 41 185
Cost 119669
Time 532.469
