Route #1: 2 141 149 203 184 151 126 57 216 59 123 122 128 243 3 91 77 231 88 168 142
Route #2: 146 130 124 121 14 139 85 87 92 120 265 86 241 196 177 62 150 176 33
Route #3: 188 161 84 207 226 25 167 192 134 83 70 32 174 50 281 26 230 21 103 27 114 80 89
Route #4: 99 136 158 157 61 42 110 131 198 173 187 209 202 39 180 244 193 199 31 16 175 183 262
Route #5: 253 28 19 10 15 30 225 251 240 259 258 5 72 279 68 60 12 9 269 264 255 222 221
Route #6: 206 266 271 38 66 76 63 277 282 273 4 238 254 248 246 227 212 106 95 44
Route #7: 82 17 41 51 53 47 236 232 257 45 37 6 34 118 97 22 115 20 107 275 113 205
Route #8: 186 190 217 280 283 218 8 13 11 228 18 23 96 98 242 58 219 7 213 247 201 256 260 191
Route #9: 195 43 223 211 268 274 117 267 276 272 261 229 214 224 234 67 210 215 220 65
Route #10: 233 239 249 250 129 135 140 143 237 245 235 133 127 204 132 179 181 79 73 102 64 116 154
Route #11: 94 1 108 101 160 109 148 93 90 81 111 56 164 100 162 178 49 35 36 169 46 159 54 152 138 147
Route #12: 182 40 166 48 55 144 156 71 112 78 125 74 75 69 52 29 137 155 270 263 252 171 172 189
Route #13: 165 194 153 105 119 24 197 200 208 170 145 185 104 278 163
Cost 130052
Time 268.637
