Route #1: 139 119 111 43 100 92 72 109 97 120 113 98 143 133 149 147 99 79 90 181
Route #2: 237 238 106 115 127 128 138 84 131 110 184 30 51 46 35 34 234 123 116 189 122
Route #3: 124 117 114 130 10 164 166 66 141 78 76 77 105 91 63 55 69 61 58 47 37
Route #4: 201 159 171 136 134 135 140 82 192 89 101 216 215 104 94 95 168 175 190 220 87 228 88 227
Route #5: 60 162 179 155 151 176 161 165 158 145 146 173 169 172 174 167 170 191 225 210 132 152
Route #6: 150 153 160 212 217 223 202 154 209 156 163 8 5 183 177 178 185 195 194 196 188 180 71 148
Route #7: 182 11 12 236 187 213 16 205 19 198 26 203 59 45 42 39 38 204 20 211 206 13 186 231
Route #8: 64 65 17 31 41 44 102 24 22 86 15 62 14 230 218 208 229 221 224 36 68 67 54
Route #9: 142 200 73 29 6 2 107 137 118 197 199 207 70 49 157 53 52 50 32
Route #10: 193 214 219 222 33 235 57 112 3 9 4 232 233 7 1 83 27 25 23 28 80 144
Route #11: 96 56 40 226 125 18 121 81 103 85 21 126 108 93 75 74 48 129
Cost 113109
Time 175.528
