Route #1: 299 264 260 208 78 74 357 86 152 189 100 364 229 377 17 116 143 399
Route #2: 149 359 324 411 287 151 48 218 84 140 38 253 282 409 397 403 400 401 396 418 419 262 259
Route #3: 244 103 94 280 408 336 337 104 374 155 197 368 243 33 315 387 383 405 112 416 270 73
Route #4: 417 201 423 42 46 213 114 134 297 21 11 65 95 376 70 256 323 60 105 66 303
Route #5: 68 56 102 169 200 240 233 27 154 199 246 126 34 236 266 195 234 215 345 16 156 53 2 191
Route #6: 325 358 3 217 386 25 109 15 67 184 241 133 23 204 203 332 316 295 302 182 185 194 252 269
Route #7: 147 166 216 293 257 288 300 101 99 273 226 129 320 139 79 122 385 330 333 329
Route #8: 26 178 202 137 135 132 131 192 319 170 55 410 19 237 13 29 145 18 338 308 5 148 136 54 275
Route #9: 40 181 171 111 407 271 267 285 378 64 63 20 406 113 196 292 313 28 142 306
Route #10: 281 245 44 8 123 121 379 381 31 163 128 177 351 350 349 312 346 347 348 342 343 37 265
Route #11: 371 12 207 223 402 392 398 24 225 289 179 321 206 305 75 130 353 277 235 227
Route #12: 224 425 339 39 263 187 250 168 1 220 173 211 183 7 153 389 175 159 420 209 242 362
Route #13: 119 107 198 77 190 310 106 41 247 421 395 62 424 369
Route #14: 88 334 10 268 228 160 222 231 210 85 296 304 248 307 284 340 335 188 298 327 251 279 367
Route #15: 125 92 30 89 404 165 261 230 91 96 83 239 57 286 328 352 363 283 35 393
Route #16: 167 71 50 59 32 361 311 322 331 176 141 49 87 98 61 58 186 81 82 158 76 354 290 120
Route #17: 375 36 360 301 80 219 45 146 118 412 380 164 221 274 254 249 388 150 93 144 232
Route #18: 314 294 318 138 69 174 309 214 51 413 4 415 341 14 110 162 161 291 422 43 344
Route #19: 205 276 72 115 47 384 238 391 394 157 414 372 6 317 255 90 117 124 22 193
Route #20: 390 258 180 52 212 356 172 382 278 272 127 365 370 355 9 366 373 326 97 108
Cost 235582
Time 443.305
