Route #1: 367 184 174 9 73 206 56 37 130 11 231 119 220 369
Route #2: 128 27 107 304 219 406 275 314 323 224 375 226 123 368 309 164 214 256 203 236 3 328
Route #3: 195 378 243 384 137 61 162 395 397 272 383 124 282 115 320 399 358 354 94 321 339 262 315 274
Route #4: 105 204 17 176 179 292 127 312
Route #5: 343 302 353 169 333 85 38 317 289 121 370 268 181 344 277 16 111 59 223 131 72
Route #6: 156 114 1 135 393 24 22 65 303 33 120 78 198 334 51 132 322 42 288 92 402 227 90
Route #7: 166 100 112 25 382 147 87 2 267 93 129 270
Route #8: 318 44 338 60 260 106 330 389 342 326 245 391 14 35 340 205 145 297 298 133 200 84 167 283 148 285
Route #9: 400 103 202 41 265 246 55 247 257 263 364 23 171 18 381 213 325 144
Route #10: 159 109 4 212 403 337 10 13 91 192 281 300 193 249 351 69 46 239 335
Route #11: 396 329 244 208 269 173 316 39 89 67 365 290 360 293 234 75 187 182 301 32
Route #12: 49 141 295 34 31 45 253 405 126 216 30 313 228 80 217 151 57 63 134 158 310 363 68 225 175 172
Route #13: 385 366 142 118 113 336 191 241 161 149 79 15 170 287 250 104 160 136 332 398 50 189 294
Route #14: 177 372 70 240 361 186 163 379 183 284 48 62 401 76 259 347 5 168
Route #15: 86 108 311 299 207 155 252 40 6 52 96 154 404 138 255 152 215 88 196 143
Route #16: 276 376 110 21 178 47 238 201 286 380 377 12 197 218 153 355 83 392 139 116 54 199
Route #17: 97 185 43 264 19 279 388 29 99 280 117 8 98 102 306 64 194 254 229 101 394 362 222
Route #18: 307 271 95 209 150 273 77 221 387 278 82 237 28 348 324 26 352 211 210 122 230 291 386 258 53
Route #19: 345 296 261 188 58 331 180 233 349 190 371 341 373 308 357 157 125 7 71 20 359 242 356 319
Route #20: 305 390 81 251 346 36 165 374 66 248 327 140 74 266 146 232 235 350
Cost 230120
Time 836.765
