Route #1: 120 11 25 26 5 260 237 73 14 209 104 153 51 131 145 8 54 65 91 247 108 123 67
Route #2: 107 93 96 52 50 60 150 84 102 56 72 66 71 70 257 227 265 267 266 119 161 231
Route #3: 21 4 46 41 43 256 87 129 246 252 34 264 199 198 223 76 182 111 126 181 53
Route #4: 97 200 106 89 88 165 86 164 160 149 125 159 16 115 112 261 18 40 192 81 132
Route #5: 236 184 185 90 3 210 214 78 188 152 207 138 47 22 118 49 35 259 258 255 62
Route #6: 15 24 105 124 176 1 157 133 155 216 20 248 187 213 234 217 221 228 196 204 134
Route #7: 109 68 238 38 37 39 208 83 63 75 117 254 197 29 13 136 130 156 177 205 61
Route #8: 99 103 110 19 12 250 116 127 98 69 183 191 173 206 23 220 222 2 48 263 251 113 28
Route #9: 57 186 211 219 95 175 240 225 169 168 166 215 212 226 229 143 128 146 190 224 189 170 148
Route #10: 80 7 32 147 193 202 230 17 194 172 241 162 268 201 195 10 253 101 178 85 31 139 137 141 64
Route #11: 59 180 140 151 154 36 245 33 218 233 158 163 235 27 82 44 135 262 100 122 239 79 243
Route #12: 171 142 114 6 45 9 167 179 58 203 232 55 121 30 94 242 92 244 144 174 42 249 74 77
Cost 105740
Time 572.247
