Route #1: 52 216 256 179 47 35 34 277 212 75 16 289 297 83 211 267 317 218
Route #2: 25 11 32 115 268 38 259 281 21 129 154 191 241 142 69 225 246 296 238 62
Route #3: 95 17 181 22 187 283 71 127 66 230 292 261 111 244 103 249 45 178 136 7 276 301 4 57 60
Route #4: 89 55 295 298 92 78 113 204 36 186 118 190 237 153
Route #5: 199 145 51 316 114 128 284 257
Route #6: 224 133 126 31 53 119 72 221 109 54 81 272 23 65 271 167 235 234
Route #7: 63 203 61 239 240 143 48 56 210 49 270 217 41 155 200
Route #8: 99 85 303 302 266 264 205 158 219 86 307 314 131 168 88 286 192 29 144 195 101 140 74 222 185 252 42 159 184
Route #9: 229 24 193 50 67 105 183 13 59 274 255 245 14 173 214 300 313 87 177 3
Route #10: 64 160 171 90 198 44 5 208 228 20 263 247
Route #11: 125 28 201 112 10 232 290 139 152 79 150 76 197 93 304 278 164
Route #12: 196 73 102 134 37 209 2 6 275 189 306 162 26 227 70 233 1 163 141 293 253 138
Route #13: 107 58 110 166 15 43 8 294 236 170 161 202 156 248 291 175 18
Route #14: 77 285 310 12 206 130 265 180 282 254 117
Route #15: 280 68 299 80 19 147 269 194 243 46 258
Route #16: 251 182 176 273 108 174 318 98 262 30 146 188 33 40 104 311 220 132 82
Route #17: 260 223 116 27 165 305 308 97 96 207 226 9 287 213 169 148 315 215 135 100
Route #18: 149 309 231 279 312 250 120 172 137 84 91 106 39 122 123 124 288 157 242 151 94 121
Cost 235227
Time 224.894
