Route #1: 160 138 140 145 113 106 112 109 73 100 101 107 111 128 118 123 158 153 223 98
Route #2: 131 119 120 132 124 126 134 45 97 61 79 78 44 144 38 47 50 59 62 56 76 1
Route #3: 172 147 141 89 91 66 85 234 60 64 186 65 55 72 88 99 86 130 148 151 149 193 170 48 34
Route #4: 32 104 103 114 110 191 108 208 96 229 224 87 205 194 198 202 105 142 135 102 43
Route #5: 155 146 139 127 133 13 154 167 169 187 200 204 163 178 176 165 166 179 164 212 228 122 117
Route #6: 232 3 184 181 152 24 214 40 52 75 63 209 22 143 20 195 31 39 192 189 12 177 174 171
Route #7: 162 197 190 180 201 199 206 196 213 14 2 188 182 185 175 168 4 233 129 137 159 161 150
Route #8: 83 74 15 68 36 92 94 30 93 16 21 28 29 70 77 5 227 80 221 84
Route #9: 54 41 25 17 19 230 215 211 210 225 219 222 220 173 183
Route #10: 42 82 125 116 115 58 207 226 69 37 10 217 46 218 51 57 231 49 216
Route #11: 33 53 71 95 121 26 11 67 81 136 157 18 9 27 6 90 203 156 35 23 7 8
Cost 114472
Time 300.661
