Route #1: 227 10 53 150 57 72 246 20 238 185 240 67 172 161 277 174 146 33 154 149
Route #2: 12 187 260 114 265 276 176 175 80 188 9 224 28 239 191 49 230 116 25 153
Route #3: 166 158 71 189 51 136 147 42 267 257 11 229 184 145 130 143 19 121 131 77 4 221 39 263
Route #4: 63 222 111 163 76 242 251 23 228 215 113 199 165 41 74 102 106 2 180 97 127 60 274 211
Route #5: 261 241 6 36 35 69 14 118 244 190 107 135 15 90 196 81 117 52 3 156
Route #6: 182 26 88 109 47 93 140 30 108 27 259 122 62 24 68 141 64 89 95 212 206 7 204
Route #7: 210 170 104 94 56 252 50 125 34 29 183 22 155 61 219 181 99 101 59
Route #8: 195 138 159 123 110 18 164 254 177 235 250 207 200 247 112 203 103 269 133
Route #9: 275 152 70 179 119 78 132 268 55 198 91 162 43
Route #10: 205 83 32 220 96 264 139 258 225 44 17 148 5
Route #11: 217 270 115 167 192 208 271 168 144 87 248 21 142 178
Route #12: 73 171 45 214 129 213 273 126 197 237 66 92 231 160 256 84 31 40 134
Route #13: 86 137 124 173 266 151 16 65 249 223 157 236 234 186 193 48
Route #14: 58 85 13 194 216 8 262 38 82 201 37 226 105 272 98 79 233 245 243 218 75 128
Route #15: 209 202 46 232 54 169 253 1 255 120 100
Cost 169765
Time 150.453
