Route #1: 266 76 168 217 138 123 162 84 163
Route #2: 190 95 227 277 3 124 113 301 18 251 141 111
Route #3: 23 263 173 51 116 117 205 245 191 66 1 93 214 242 128 100 254 196 237
Route #4: 221 253 16 211 281 208 53 267 268 282 40 41 285 131 213 156 48 132 109 8 204 235 203 293
Route #5: 75 223 9 296 201 96 298 146 26 184 233 55 144 145 69 177 249 21 24 80 130
Route #6: 97 28 176 161 135 195 78 98 38 94 154 212 286 86 87 256 61 260 264 29 255 126 47 46 71 151
Route #7: 248 50 65 13 188 57 125 284 99 252 90 4 158 35 199 148 36 68 224 107 147 289 42 105
Route #8: 14 210 32 287 239 64 91 295 174 187 294 198 229 261 153 185 265 133 170 228
Route #9: 280 271 279 250 262 101 137 216 247 297 149 12 15 169 34 45 31 58
Route #10: 299 120 5 241 189 37 197 246 243 160 44 39 230 33 232 257
Route #11: 186 10 43 30 127 27 159 6 288 276 56 17 20 218
Route #12: 300 215 54 72 106 192 179 63 290 92 259 103 102 115 178 74 200 67
Route #13: 49 136 270 236 79 73 274 231 85 202 206 59 11 88 172 292
Route #14: 193 129 278 122 225 104 181 283 164 114 240 152 22 110 207 2
Route #15: 143 219 167 220 244 166 165 194 139 155 209 142 269 150 275 175 226 182 171 81 19 180
Route #16: 62 119 157 70 134 7 108 83 52 60 140 121 82
Route #17: 222 272 238 273 118 183 258 302 291 77 25 89 112 234
Cost 132449
Time 155.098
