Route #1: 305 320 318 57 272 64 281 101 279 242 211 84 100 414 103 147 163 114 117 185 128 187 161 106 86 66 246 420
Route #2: 75 79 96 415 91 162 1 165 126 127 212 129 154 153 152 148 151 260 171 158 155 149 287 97 76
Route #3: 266 227 207 267 181 200 228 240 405 251 259 319 314 289 295 217 304 12 290 83 82 74 3 312 21
Route #4: 306 277 11 198 192 202 379 383 210 206 367 204 203 215 355 270 293 178 160 362 363 382 122
Route #5: 201 209 218 145 159 176 191 221 234 238 180 230 241 410 402 329 348 409 406 403 370 373 344 366 337 360
Route #6: 302 331 299 321 322 310 325 338 354 357 352 316 301 137 324 315 328 311 327 300 271 239 247 275 292
Route #7: 365 2 426 343 347 353 349 19 283 42 43 67 78 62 61 65 23 345 14 429 341 342 427
Route #8: 346 368 361 113 15 125 397 374 183 377 424 175 174 34 118 17 70
Route #9: 296 323 350 380 398 389 33 399 395 387 401 404 8 13 26 45 400 393 388 385 47 71 88 375 334
Route #10: 340 6 16 60 59 69 391 85 396 49 55 87 411 408 93 376 308 37 44 254 40 428
Route #11: 417 381 282 99 108 430 7 94 63 422 52 56 418 407 412 421 222 261 243 232 229 107 141 252
Route #12: 135 28 332 112 5 276 269 25 248 425 29 41 231 257 313 371 197 190 166
Route #13: 188 255 288 182 245 58 46 72 80 416 333 150 225 369 256 30 223 224 336 119
Route #14: 54 390 50 9 235 35 138 143 280 233 284 196 184 173 330 10 24 53 38 298 268 273
Route #15: 394 22 286 109 134 274 168 115 172 278 121 89 81 130 378 105 104 392 51 20 386
Route #16: 297 77 48 31 423 140 285 116 146 237 186 213 68 208 95 214 219 193 170 111 98 132
Route #17: 102 335 236 205 90 4 32 169 249 179 265 216 92 253 264 144 142 177 36 326 133
Route #18: 73 164 189 317 262 263 136 250 303 157 226 131 39 220 194 195 351 167 120 356 124 139 413
Route #19: 364 384 294 359 244 27 358 372 123 110 156 291 309 18 339 419 199 258 307
Cost 186802
Time 609.632
