Route #1: 359 355 345 257 113 301 264 213 77 374 23 366 154 217 350 121 174
Route #2: 39 61 4 103 238 339 38 302 265 368 361 33 231 218 71 269 273 270 337
Route #3: 172 157 319 245 20 142 110 276 211 336 72 65 124 208 31 334 223 44 186 234 195
Route #4: 209 73 281 118 28 30 202 107 279 75 303 373 139 17 248 188 185 192
Route #5: 167 67 205 351 29 175 266 197 140 220 14 144 283 258 316 284 318 135
Route #6: 184 159 308 123 274 16 111 24 112 329 193 7 21 299 267 221 292 56 96 152 91 348 85
Route #7: 94 349 25 222 105 346 8 63 347 372 344 1 9 325 76 95 147 369 97
Route #8: 363 156 210 324 237 35 312 127 255 364 379 277 342 181 155 187 49 333 43 86 27 338 190 183
Route #9: 310 54 5 313 19 173 322 81 340 161 133 371 214 53 250 235 358 300 242 260 328 224
Route #10: 69 90 46 126 343 365 317 122 362 150 332 62 278 42 256 60 201 282 229 309 370 275
Route #11: 88 179 200 244 381 253 241 252 212 305 294 230 380 375 102 11 83 236
Route #12: 377 356 37 13 12 239 153 15 307 141 189 352 87 169
Route #13: 145 331 196 6 58 315 251 132 215 160 326 47 40 57 137 109 261 263 341 272 84
Route #14: 146 164 311 271 268 246 22 293 295 297 191 134 106 288 171 286 323 162 321 327 232 32 18 233 206 298 79
Route #15: 177 117 166 45 199 93 378 314 51 74 280 101 125 194 243 92 247 330 285 176 3 353
Route #16: 168 138 136 68 170 130 228 82 114 240
Route #17: 52 10 226 306 262 108 89 158 26 163 219 165 50 55 335 287 225 99 119 116 128 2 182 129
Route #18: 104 70 296 207 149 143 41 204 78 131 360 120 98 198 115 66 100 376 259 203 227
Route #19: 354 254 291 48 357 289 36 34 304 151 178 80 367 320 148 249 59 290 216 180 64
Cost 216318
Time 386.43
