Route #1: 9 17 54 95 110 118 131 29 137 39 114 121 120 89 142 135 132 119 102 104 85 74 55 228
Route #2: 84 187 3 149 35 34 130 140 138 1 252 116 129 48 77 222 161 160 204 56 165 249
Route #3: 205 162 155 159 5 239 192 208 97 103 170 83 63 72 94 122 139 143 134 146 80 67 93
Route #4: 87 213 76 81 238 179 214 200 65 42 69 46 22 209 240 124 18 52 7 36
Route #5: 203 90 188 25 27 13 210 211 206 38 59 10 86 218 31 145 49 150 148 98 73 32
Route #6: 177 181 99 108 44 113 79 75 51 30 60 219 70 251 62 236 220 244 235 227 241
Route #7: 19 169 158 112 166 167 164 201 2 168 175 183 178 57 176 156 43 15 194 180 154 136 230
Route #8: 190 198 91 237 11 71 66 64 58 28 243 229 225 226 223 224 47 232 221 33 37 21 197 8 254 248
Route #9: 216 231 233 16 61 111 26 23 246 20 107 45 123 127 126 41 40 24 14 247 234 53 78 82
Route #10: 250 196 199 68 12 6 253 195 193 184 189 182 217 215 207 202 186 191 174 157 163 185
Route #11: 173 245 151 152 212 153 117 88 105 141 92 96 109 125 133 128 115 101 100 106 144 147 50 242 4 172 171
Cost 117409
Time 423.278
