Route #1: 110 71 243 10 114 201 287 82 185 267 29 183 146 62 36 126 225
Route #2: 26 60 270 139 150 213 205 273 226 216 66 171 210 42 3 222
Route #3: 155 283 227 15 280 261 219 51 296 295 117 9 113 167 131 40 236 182 196 259
Route #4: 6 72 97 281 112 180 260 264 128 166 275 16 38 144 197 248 203 258 186 140 268 69
Route #5: 99 278 240 2 141 156 57 4 241 159 63 14 81 217 136 208 70 92 64 200 39
Route #6: 209 96 75 265 153 257 87 55 256 282 262 118 50 181 165 133 238 7 135 175 138 286 242
Route #7: 184 292 251 23 108 58 89 151 83 179 239 250 85 249 246 11 77 124
Route #8: 145 169 8 235 106 59 49 158 12 188 202 189 231 78 152 88 161 120 95 271 272 198
Route #9: 288 65 25 134 48 212 1 190 94 255 274 19 244 285 293 24 56 214 43
Route #10: 168 115 178 20 123 154 176 192 187 90 206 130 21
Route #11: 157 269 233 195 211 234 45 18 218 129 137 230 102 34 160 245 28 54 125 289 252 204
Route #12: 237 84 73 121 119 67 223 30 132 104 142 199 291 147 103 277 266 143 46 91 35 193 37
Route #13: 232 105 107 80 53 279 79 207 149 194 163 172 101 44 109 27 284 127 177 228
Route #14: 31 74 164 224 263 290 162 47 173 68 220 52 174 215 247 33 98 76 148 93 116
Route #15: 61 17 229 111 22 170 254 5 122 32 294 191 100 86 13 221 253 276 41
Cost 163628
Time 184.59
