Route #1: 272 268 287 285 274 19 18 8 1 283 44 30 200 198 205 5 7 6 219 239
Route #2: 130 262 242 151 172 258 260 210 254 108 243 275 277 12 289 288 270 267
Route #3: 227 180 20 28 150 96 60 232 226 17 225 224 223 16 9 257 3 261 266
Route #4: 281 282 271 276 184 286 253 249 250 248 252 251 290 171 139 144 134 148 11 67 40 61 24
Route #5: 131 155 163 157 166 181 191 202 240 190 195 185 168 160 215 217 256 246 175 206 273 229
Route #6: 238 207 182 213 167 214 204 220 244 119 228 118 209 136 141 165 120 114 115 111
Route #7: 22 41 48 77 107 103 105 104 102 112 121 162 161 164 183 187 143 152 158 154 116 178
Route #8: 78 194 145 177 201 149 140 193 179 176 170 169 147 138 110 106 94 95 66 53 63 55 65 73
Route #9: 89 124 39 84 189 211 222 221 235 264 245 230 33 186 196 192 75 247 43 54 269 59 36 42
Route #10: 27 50 255 259 35 79 52 62 76 81 82 34 93 4 26 37 133
Route #11: 31 23 14 64 57 278 234 159 123
Route #12: 199 265 15 90 83 47 25 99 128 117 68 218 125 69 233 45 58 280 284 237 241 236
Route #13: 279 212 91 92 146 173 203 231 216 197 13 174 21 208 49 29 137
Route #14: 32 80 100 86 51 72 56 38 71 98 101 97 46 2 10 188 127
Route #15: 132 74 88 156 109 87 126 122 135
Route #16: 70 85 113 263 153 142 129
Cost 152204
Time 465.238
