Route #1: 47 114 86 101 160 20 81 163 112 117 116 98 37
Route #2: 57 69 106 93 167 91 320 103 209 230 85 232 208 131 151
Route #3: 271 31 45 6 83 110 39 40 268 263 318 290 321 107 193 241
Route #4: 74 171 218 135 61 145 274 132 260 104 87 42 65 126 88 258 148 50 99 276 142
Route #5: 53 63 68 23 72 21 16 77 95 34 15 92 38 46 54 70 78 90 237
Route #6: 66 2 113 60 71 73 56 233 300 278 273 255 1 231 35 97 159 33 315 317 94
Route #7: 84 3 138 180 287 154 157 270 269 4 198 100 204 217 259 55 248 48 305 67 118 52
Route #8: 111 80 96 75 128 139 133 164 121 144 120 76 64 59 89 62 58 184 280 264
Route #9: 109 26 108 125 149 49 143 162 147 146 150 141 136 158 124 127 137 115 79 44
Route #10: 102 220 168 186 207 161 240 249 256 239 199 197 156 181 194 188 185 189
Route #11: 192 165 169 242 267 183 200 289 272 203 195 234 212 213 205 221 229 216 173 174 175 123 122 170
Route #12: 182 190 176 179 178 225 266 238 245 224 223 222 227 228 210 246 202 214 236 196 187 140
Route #13: 10 8 155 172 325 322 153 304 293 191 177 166 152 119 105 19 134 17 211 43 257 32 29
Route #14: 316 262 309 244 206 297 298 299 219 296 129 288 215 226 235 251 283 277 285 284
Route #15: 250 247 252 314 243 324 253 9 5 11 201 282 310 265 294 291
Route #16: 303 22 36 261 24 275 28 281 27 7 30 41 25 323 18 51 279 254
Route #17: 301 12 13 313 311 82 295 319 307 292 306 130 302 308 312 14 286
Cost 116519
Time 608.425
