Route #1: 95 69 225 8 108 13 234 23 22 14 91 26 133 140 159 88 230 190 195 220 162 18
Route #2: 177 15 97 191 74 6 224 182 107 147 183 11 4 169 32 102 130 113 62 21 37 46 54 181 56
Route #3: 156 237 122 39 149 119 146 200 173 2 96 170 135 185 67 166 82 145 60 187
Route #4: 180 117 112 116 164 144 10 75 204 7 76 34 203 120
Route #5: 215 57 30 36 214 231 216 202 64 209 29 47 118 134 138 137 87 196 228 188 152 206 72
Route #6: 106 93 223 68 70 71 48 222 178 17 142 35 73 28 213 211 199 80 61 132 50 131 233
Route #7: 221 125 43 55 103 139 52 31 12 155 154 66 232 40 41 20 123 129 150
Route #8: 110 217 198 51 25 1 44 165 208 175 168 9 193 84 148 59 65 218 100 205 33
Route #9: 49 53 3 158 98 85 136 90 5 16 176 201 197 226 86 127 157 109
Route #10: 94 174 114 81 236 121 105 143 171 24 229 92 186 210 194 83 172 167 192 212 128 141 189 235
Route #11: 161 207 153 45 77 124 227 89 219 115 151 126 78
Route #12: 101 19 58 63 179 104 27 38 79 160 111 99 163 184 42
Cost 70302
Time 273.016
