Route #1: 314 324 86 186 166 171 163 140 74 154 149 89 156 160 159 167 312 108 13 289 199
Route #2: 207 218 188 240 66 215 107 175 124 134 157 162 219 174 164 150 144 170 115 122 128 117 80 98
Route #3: 196 230 286 268 31 158 296 325 138 200 24 44 246 19 146 96 75 97 37 285 165 191 228 34
Route #4: 223 36 109 192 168 28 82 91 141 213 59 4 79 71 69 292 39 311 281 48 29 176
Route #5: 313 33 42 290 50 47 51 270 22 185 242 120 87 5 1 12 43 225 73 129 70 310 233 210
Route #6: 234 254 252 291 271 272 276 262 263 267 283 284 259 202 301 269 20 57 14 330 226 212 113 195
Route #7: 16 318 321 316 65 77 72 67 68 61 328 41 7 297 279 303 317 260 250 253 261 245
Route #8: 274 8 110 26 126 30 27 95 94 21 18 23 53 15 9 327 323 309 302 258 60 6 237
Route #9: 266 331 46 180 118 235 239 265 238 244 243 329 249 2 10 25 38 307 304 295 305 32 17 251
Route #10: 282 287 155 273 278 288 298 306 142 139 326 127 133 293 131 130 294 99 255 232 257 256 81 248 247
Route #11: 264 332 241 198 203 214 85 35 204 148 236 147 143 145 151 153 152 277 275 315 11 320 123 300 114 125 227
Route #12: 182 322 189 220 169 119 106 116 105 173 177 172 319 229 222 221 208 209 194 217 216 224 280
Route #13: 136 132 135 93 88 137 184 112 100 161 84 76 56 55 49 178 179 181 308 299 231
Route #14: 45 205 201 54 197 193 190 40 64 3 63 121 92 111 103 104 101 83 78 102 183 187 211 206 52 58 62 90
Cost 145218
Time 383.742
