Route #1: 19 65 80 460 214 472 477 245 288 382 471 405 37 423 278 5 449 177 448 221 107 136 50
Route #2: 116 163 211 248 178 198 217 162 128 170 242 233 46 251 250 259 315 310 193 188 145 154
Route #3: 121 82 256 57 102 34 291 238 22 27 91 131 101 69 111 257 389 258 191 323 168 390
Route #4: 7 247 218 280 348 374 62 117 152 166 210 158 207 223 209 206 204 190 194 249 175 132
Route #5: 466 442 475 14 21 155 143 56 243 200 192 305 304 120 157 129 156 328 270 331 42
Route #6: 30 359 130 340 373 306 297 332 345 393 292 197 215 230 95 246 271 138 8
Route #7: 227 299 269 54 77 119 11 12 23 135 73 74 47 15 4 3 268 450 430
Route #8: 263 414 106 252 237 88 322 282 219 127 51 239 164 302 254 420 262 26 179 161 64 343 341 134
Route #9: 72 76 83 137 13 148 79 59 90 61 98 437 467 93 96 97 99 105 453 213 60 122 53
Route #10: 347 349 357 378 377 361 383 406 364 366 418 424 411 395 402 350 110 43 462 415 261 295 201
Route #11: 1 311 313 318 468 363 342 344 354 351 416 396 391 385 397 400 399 413 425 421 426 381 176
Route #12: 476 10 17 386 388 398 312 432 41 36 428 48 431 429 441 444 443 29 49 66 71 422 86 89
Route #13: 290 274 187 159 272 58 52 32 439 438 31 463 436 435 417 419 451 20 469 375 392 18 474 355
Route #14: 169 459 455 202 403 231 412 447 446 457 196 461 465 172 171 146 144 126 125 24 33 9 35 39 38 40 28
Route #15: 464 372 478 473 369 356 434 358 407 379 16 384 63 404 75 394 408 153 334 327 141 25 470 458 445
Route #16: 316 321 300 307 266 276 324 319 301 371 330 401 333 335 376 380 409 365 362 360 353 433
Route #17: 133 45 427 118 289 440 94 368 165 195 235 244 410 225 456 226 452 454 205 181 287 285 253 212 174 160
Route #18: 370 367 123 149 147 286 281 284 208 142 139 112 114 140 2 173 150 279 298 67
Route #19: 352 387 186 293 308 229 314 317 320 216 44 224 228 326 339 232 346 222 220 236
Route #20: 338 309 84 255 109 104 6 115 124 185 113 108 85 78 68 199 267 55 100 103 92 87 81
Route #21: 296 294 337 277 240 265 241 151 234 70 182 336 325 189 183 203 283 167 184 264 180 303 275 273 260 329
Cost 200241
Time 1190.27
