Route #1: 330 315 292 345 291 187 274 353 301 367 290 265 191 188 321 202 193 233 196 263 281 280 318 243 285 299 303 347
Route #2: 348 320 266 255 237 234 230 211 213 217 262 89 209 312 103 104 418 99 139 302 37 116
Route #3: 307 420 328 336 483 509 270 275 449 297 414 286 277 269 271 474 491 512 373 11 391 527 528 521
Route #4: 380 526 4 396 398 14 408 404 407 417 32 31 426 332 403 397 415 423 18 17 15 8 525
Route #5: 368 461 49 310 465 475 59 79 82 81 473 80 92 87 479 107 98 108 469 485 91 61 62 33
Route #6: 369 410 409 372 371 382 395 394 438 425 381 445 384 392 376 189 370 365 358 335 341 333 383
Route #7: 504 476 484 490 495 494 487 482 43 64 456 50 48 60 466 477 42 480 51 472 3 416
Route #8: 344 338 352 25 2 222 141 162 366 386 374 375 462 389 393 446 452 463 455 457 437
Route #9: 359 349 364 433 451 453 458 454 471 500 501 470 464 510 432 424 413 411 429 497 387 377
Route #10: 363 378 114 142 177 197 72 77 97 229 73 78 519 166 508 135 148 151 44 45 214 95 66 86
Route #11: 163 102 507 65 54 53 71 440 431 419 406 421 430 448 439 428 427 361 434 174 360
Route #12: 235 502 93 153 400 524 22 505 522 499 498 496 503 489 122 128 123 523 130 119 28 516 267 442 488
Route #13: 70 74 56 16 27 26 85 127 125 515 518 514 20 239 192 76 313 109 324 450 436 124 161
Route #14: 244 156 179 201 35 272 112 329 52 342 388 412 325 356 467 47 131 121 517
Route #15: 278 220 117 311 350 67 478 134 314 331 276 199 362 105 300 68 90 101 249 24
Route #16: 322 75 175 289 308 167 208 41 319 165 223 7 250 326 132 246 346 355 238 182 63
Route #17: 94 30 9 138 422 13 5 126 327 164 147 226 486 511 12 1 46 84 194 390
Route #18: 405 252 137 268 264 186 113 111 185 293 225 340 305 154 36 460 100
Route #19: 279 184 337 146 254 385 88 294 181 298 468 295 316 283 354 257 379 38 459 183 309
Route #20: 261 251 19 40 282 435 168 210 231 10 34 55 144 159 29 115 149 178 176 195 218 242
Route #21: 520 145 120 133 158 232 236 58 57 447 273 140 143 171 155 110 83 96 136 258 259
Route #22: 481 401 317 170 150 253 180 306 207 284 6 69 287 152 172 118 339
Route #23: 334 444 160 203 216 106 224 212 39 200 323 506 228 205 198 206 241 227 260 129 351 173 357 247 221
Route #24: 399 169 256 288 240 296 245 219 492 21 441 443 157 190 493 204 248 513 304 23 343 215 402
Cost 212876
Time 1510.1
