Route #1: 155 84 23 10 83 88 195 106 150 80 137 185 240 14 101 193 2 52 109 141 5
Route #2: 210 97 104 126 189 138 127 197 21 181 32 171 85 152 157 165 15 265 192 217 41 65
Route #3: 175 9 25 86 209 169 54 67 3 98 89 13 183 78
Route #4: 71 159 47 124 37 49 79 248 95 99 122 91 200 119 43 39 8
Route #5: 51 135 146 116 27 16 93 48 103 92 34 178 176 182 177 180 142 136 133 132 118 112 100 50 53
Route #6: 219 221 7 241 128 167 156 222 236 82 250 148 269 273 117 234 151 235 36
Route #7: 130 266 147 26 113 271 263 260 208 259 207 227 172 102 45 258 257 125
Route #8: 198 60 57 33 19 31 145 120 58 215 154 205 121
Route #9: 245 246 238 232 226 108 87 218 239 153 20
Route #10: 96 166 191 163 162 62 212 35 18 30 204 255 46 187 160
Route #11: 229 81 252 105 196 243 12 111 66 75 28 223
Route #12: 262 230 231 249 270 64 40 115 140 139 38 74 131 42 44 55 56 110
Route #13: 213 76 77 70 149 268 1 242 244 170 174 143 61 129 168 158 225 59
Route #14: 202 29 24 247 256 251 254 233 63 72 203 267 237 253 114
Route #15: 199 261 214 220 6 94 188 179 224 201 206 216
Route #16: 186 173 69 144 228 73 90 4 211 11 68 107 264 194 22 184 161 164 272 134 17 190 123
Cost 161492
Time 214.21
