Route #1: 145 21 83 40 93 114 29 41 47 48 7 25 46 192 36 130 82 45
Route #2: 64 59 70 77 180 203 185 161 166 165 181
Route #3: 68 176 18 103 55 128 129 159 194 209 23 91 100 89 210 8
Route #4: 171 201 146 164 99 2 13 148 107 131 132 106 54 50 19 26 38 39 182
Route #5: 12 160 52 74 9 57 11 1 206 4 127 6 136 139 212 123 170 149
Route #6: 37 60 76 80 162 157 104 115 116 105 94 125 67 151 158 156
Route #7: 14 24 143 202 168 191 138 200 31 86 51 85 198 75 211 195 16 144
Route #8: 120 108 137 190 61 173 189 155 197 193 174 169 112 101 62 204 87
Route #9: 69 119 58 92 22 15 205 3 207 10 34 35 43 49
Route #10: 63 113 20 33 179 178 121 184 152 90 88 97 177 111 147 109 53 73 71
Route #11: 5 96 32 183 187 27 28 98 117 163 142 79 84 167 208 140 141 42
Route #12: 56 188 150 110 44 72 17 124 118 95 135 30 66
Route #13: 186 175 172 154 134 126 133 102 65 153 81 78 196 122 199
Cost 132237
Time 219.646
