Route #1: 276 212 287 256 232 168 383 353 47 28 271 396 201 193 27 254 218 356
Route #2: 339 361 213 296 281 397 77 406 148 419 226 372 189 325 426 170 391 230 210 357
Route #3: 25 340 209 136 191 283 172 68 241 437 277 128 262 142 227 390 187 363 410 51 118 255 133 117 435 216
Route #4: 165 327 23 355 197 432 7 347 308 100 385 299 402 52 124 364 231 97 71 365 335 407 375 204
Route #5: 94 333 259 354 268 423 439 358 36 382 421 360 380 24 400 175 222 66 398 436 116 22 2 233
Route #6: 134 12 310 444 152 409 80 393 416 31 30 69 305 26 45 178 119 224 64 295
Route #7: 83 399 428 290 203 275 285 334 317 261 316 195 140 103 160 384 206 270 177 108 414 176 75
Route #8: 53 37 332 441 127 184 319 289 324 200 387 293 321 153 20 379 29
Route #9: 342 309 429 264 135 260 434 5 155 269 373 304 306 404 78 14 180 344 147 185 98 60 442 279 351
Route #10: 234 84 74 76 18 328 337 330 411 205 144 50 401 122 313 39 92 415 196 315 292
Route #11: 449 54 220 362 221 431 378 143 186 81 329 137 138 217 238 59
Route #12: 150 427 314 240 243 173 298 58
Route #13: 132 394 157 65 250 311 395 129 198 225 274 145
Route #14: 181 446 392 88 162 368 320 207 350 105 15 11 338 121 381 403 164 272 32 56 166 297 343 341 101
Route #15: 6 248 192 376 171 130 86 386 48 307 91 113 300 245 149 253 40 249 389 369 352 43
Route #16: 96 67 19 433 424 182 247 21 188 417 336 34 302 408 237 8 312 288 301 190 104 452
Route #17: 346 348 450 111 418 443 55 89 44 265 374 95 454 422 33 438 235
Route #18: 370 359 291 115 349 215 3 323 242 273 263 194 367 284 90 120 126 70 139 457 99 219
Route #19: 163 447 93 72 57 445 174 110 141 112 73 244 151 366 62 183 1 258 229 146 106
Route #20: 167 211 388 456 109 13 125 82 236 223 208 159 46 161 16 278 451 303 440 318
Route #21: 413 455 114 102 85 448 107 87 4 38 41 412 345 405
Route #22: 282 326 156 251 202 154 17 294 63 199 214 49 377 179 267 453 158 286 61 425 169
Route #23: 79 430 280 420 266 131 246 9 257 331 123 371 252 10 239 35 322 42 228
Cost 248440
Time 257.985
