Route #1: 149 94 203 202 133 233 187 200 232 243 225
Route #2: 160 138 194 147 79 228 100 95 176
Route #3: 2 111 33 143 44 78 73 65 224 16 220 37 245 84
Route #4: 101 72 57 115 114 247 102 93 91 59 127 66 180 99 156
Route #5: 75 14 242 196 168 67 92 169 210 145 13 190 43 60
Route #6: 157 107 30 85 42 61 105
Route #7: 55 104 69 68 137 34 122 227 195 179 96 223 103 152 146 35
Route #8: 159 112 148 158 151 150 136 113 118 71 121 197 207 206 218 186 97 24 89
Route #9: 191 172 120 117 29 28 124 19 1 90 4 12 235 141 123 163 131 134 70
Route #10: 21 142 251 10 248 106 27 22 25 9 230 219 174 188 240 231 166 32 182 183
Route #11: 26 36 47 108 165 139 185 164 7 126 212 64 153 217 88 193 125 5 239
Route #12: 20 129 109 155 177 214 144 211 205 234 252 226 216 171 162 215 161 184 189 175 173
Route #13: 128 222 204 52 237 246 23 38 46 53 54 130 58 62 110 63 39 82 81 74 229
Route #14: 238 236 192 181 249 11 17 15 87 244 98 51 250 119 50 253 3
Route #15: 170 178 201 213 135 140 199 208 41 45 254 167
Route #16: 209 56 154 198 77 48 49 40 86 31 83 80 6 76 8 18 116 241 221 132
Cost 161804
Time 417.666
