Route #1: 76 135 139 107 198 105 131 130 115 101 104 62
Route #2: 155 176 3 195 50 70 71 94 86 147 89 140 118 69 117 80 44 97 102 72 15
Route #3: 191 202 63 68 38 59 36 51 123 83 179 161 103 100 46
Route #4: 197 2 98 35 41 201 26 67 132 174 17 137 128 203 113 90
Route #5: 160 53 187 48 18 14 16 119 193 141 126 150 170 114
Route #6: 182 12 49 122 109 47 106 108 52 199 125 27
Route #7: 169 166 32 167 181 57 34 24 42 171 92 186 175 164 159 138 154 6 4
Route #8: 75 190 133 152 200 189 116 148 74 194 33 19 81 91 87 192 23 142 184 58
Route #9: 1 30 162 39 13 196 149 93 31 56 178 60 168 5 134 43 156
Route #10: 120 121 88 129 73 188 77 20 11 61 143 29 54 55 111 37 25 185
Route #11: 65 45 157 124 163 79 112 144 183 7 99 10 177 153 78 40 158 8 66 95
Route #12: 151 21 82 145 28 22 165 173 127 180 146 172 85 84 9 136 96 64 110
Cost 97563
Time 218.226
