Route #1: 225 241 248 266 2 4 272 262 270 252 263 13 267 254 268 27 20 14 250
Route #2: 217 236 197 11 171 15 222 273 17 8 96 38 269 3 259 251
Route #3: 235 228 5 9 7 168 208 220 202 211 23 237 227 215 214 176 189 179
Route #4: 249 238 234 229 204 200 166 247 201 253 195 199 213 210 205 198 255 239
Route #5: 265 258 264 119 149 157 125 121 12 93 91 25 29 221 209 167 19 275 192 18 224
Route #6: 218 182 180 181 178 170 173 187 162 158 148 130 126 124 107 82 132
Route #7: 153 57 80 87 113 127 123 95 184 206 164 150 172 183 169 174 194 203 216 226
Route #8: 136 156 134 207 110 112 109 106 231 233 240 232 223 100 196 163 160 108
Route #9: 98 54 135 212 105 31 51 86 103 245 128 260 159 152 165 144 154 190 143 131
Route #10: 142 147 140 151 139 129 177 122 94 97 83 102 89 88 84 72 79 40 60 48 246
Route #11: 46 59 63 49 45 6 133 76 155 35 99 186 53 101 33 185 243 244 193 56 77 28
Route #12: 41 219 32 39 52 74 66 64 115 117 43 44 50 55 30 78 61 67 70
Route #13: 242 138 191 16 261 271 10 161 146 36 256 71 65 58 21 22 37 145 1 42
Route #14: 68 62 114 120 175 274 34 85 90 92 188 81 230 75 141 257
Route #15: 26 111 24 47 69 104 118 116 137 73
Cost 130290
Time 471.042
