Route #1: 72 284 282 247
Route #2: 272 246 225 314 240 238 244 321 315 256 331 338 277 252 226 219 323 322 224 242
Route #3: 318 251 37 60 311 280 233 20 16 215 196 194 203 346 10 24 23
Route #4: 239 261 259 229 207 160 104 211 202 205 176 232 222 172 204 179 164 221 208 258 158 136 133 273 45
Route #5: 54 70 342 294 181 33 27 129 80 118 56 57 255 297 279 61 343 300 327
Route #6: 287 223 291 125 188 94 166 97 109 177 345 39 278 262 293 324 326 114
Route #7: 31 260 254 143 139 38 333 34 92 88 330 44 320 340 126 137 157 253 124 174
Route #8: 301 35 71 339 283 249 83 217 55 153 21 169 74 292 48
Route #9: 295 296 309 248 197 120 162 59 303 187 299 286
Route #10: 87 146 132 235 107 138 134 15 96 40 155 17 151
Route #11: 41 91 113 77 8 290 81 168 149 148 95 167 180 185 64 43 316 334 285
Route #12: 78 159 275 274 98 313 216 213 319 142 200 178 206 302 198 190 305 189
Route #13: 82 123 183 170 101 199 245 110 281 154 75 90 76 131 317 332 276 236 312 116 182
Route #14: 108 5 62 58 69 209 220 102 67 63 68 18 228 11 241 127 46 9 105
Route #15: 65 6 191 36 19 79 14 115 106 257 42 310 212 243 2 130 250 135 288 99
Route #16: 201 237 193 218 122 119 111 173 86 53 210 100 30 1 29 328 307 85 73 3 7 264 267 269
Route #17: 84 50 49 156 266 268 271 270 25 195 304 298 214 22 93 121 128 230 192 227
Route #18: 26 112 175 28 145 66 140 47 184 152 171 52 51 147 186 325 103 32 336 306 163
Route #19: 308 344 13 165 161 329 89 141 335 341 337 144 12 4 289 265 150 263 234 117 231
Cost 203228
Time 406.879
