Route #1: 104 33 65 66 62 63 93 88 87 266 275 236 204 155 60 191 91 70 80 48
Route #2: 195 145 30 260 214 78 122 120 168 174 158 19 200 255 208 185 141 154 124 262
Route #3: 207 126 165 68 31 147 225 148 52 18 170 274 273 258 75 232
Route #4: 112 45 4 23 223 114 99 111 9 153 163 127 89 67 49 276 5 1 107
Route #5: 90 72 43 279 182 183 259 192 203 210 39 227 234 224 197 239 130 109
Route #6: 84 252 74 83 263 44 138 51 129 8 240 47 40 76 71 35 41 281 278
Route #7: 50 56 57 53 54 58 69 86 92 108 98 81 82 257 280 77 243
Route #8: 73 42 85 100 113 94 96 103 169 193 106 101 216 162 61 140 121 115 55 64 59 17 38
Route #9: 149 152 150 135 134 105 136 196 199 201 161 176 159 151 125 132 146 139 118
Route #10: 110 128 133 123 144 171 79 179 186 188 184 173 164 206 205 175 178 102 117 97 95
Route #11: 156 166 198 256 26 209 218 119 249 231 157 143 142 137 261 287 202 222
Route #12: 237 246 254 247 241 245 226 180 167 172 177 264 248 242 238 190 217 230 213 189
Route #13: 244 277 211 269 7 116 21 131 22 160 16 212 215 221 220 229 251 233 250 286
Route #14: 194 181 24 28 37 3 235 288 36 34 27 32 29 219 282 12 10 6 187
Route #15: 228 267 265 13 25 271 11 46 283 20 270 272 284 2 268 285 14 15 253
Cost 105142
Time 484.293
