Route #1: 309 42 156 49 208 6 274 188 61 44 71 215 19 220 100 20 149 163 170 323 88
Route #2: 140 219 78 106 109 126 116 205 135 40 237 134 148 117 114 92 60 67 227 299 213 168
Route #3: 47 185 175 209 186 141 146 200 322 39 64 319 320 230 37 233 241
Route #4: 13 93 66 68 81 308 138 91 150 139 132 99 70 48 94 72 62 97 282 69 262 189
Route #5: 246 182 152 224 202 194 255 164 306 17 294 5 245 232 129 130 136 160 218
Route #6: 127 171 179 317 180 260 259 234 193 190 184 159 238 296 101
Route #7: 53 325 290 145 12 155 158 183 147 174 176 300 80 151 166
Route #8: 43 51 244 73 108 316 75 266 18 195 267 2 314 225 268 313 293 217 161
Route #9: 212 118 169 211 197 307 181 165 312 26 198 298 142 65 83 157 105 288 289 74 46
Route #10: 257 120 119 124 128 137 144 235 226 223 96 95 1 86 76 87 98 154 191 192 206 153 256 29 57 24
Route #11: 214 196 177 172 167 143 162 231 249 199 204 203 210 221 10 25 239 236 310 301 111 133 115 173 222 324
Route #12: 178 31 38 28 36 187 45 41 54 55 59 85 89 207 216 251 276 280 291 271 258 253 254
Route #13: 302 27 15 110 321 103 104 107 297 112 122 284 275 131 125 247 56 34 33 30
Route #14: 229 304 318 242 270 327 326 7 9 286 23 4 14 84 102 121 22 32 305 35 281 269 252 243
Route #15: 82 79 261 283 311 263 16 303 3 50 52 58 21 315 287 292 285 278 63 113 11 201
Route #16: 228 8 295 90 123 273 277 77 264 272 279 250 248 240 265
Cost 167304
Time 314.516
