Route #1: 179 255 247 293 229 375 222 210 133 154 19 289 373 274 400 120 23 372 20 14 16 57 90
Route #2: 59 3 251 413 318 374 15 240 285 321 368 408 104 311 380 112 324 11 132 381
Route #3: 149 348 115 61 218 83 303 67 308 204 327 259 46 164 194 345 338 68 8 131 97 388 227
Route #4: 361 364 350 170 330 85 176 371 358 40 260 262 5 25 362 246 355 282 100 286 219 2 122 98 297
Route #5: 287 72 301 135 190 69 310 349 151 315 45 66 217 389 230 141 265 283
Route #6: 341 288 331 326 24 309 250 267 117 49 38 221 110 245 63 302 269 43 27 139 261 42
Route #7: 96 111 94 102 226 234 50 208 209 91 74 73 352 182 78 200 320 116 56 314 316 21
Route #8: 257 300 147 140 145 186 48 181 173 183 171 155 81 306 296 118 138 13 71 105 70 65 172 351
Route #9: 58 231 214 213 266 244 53 52 31 395 396 403 233 60 356 156 212 304 409 35 235
Route #10: 119 405 387 347 159 158 166 160 121 401 128 148 55 54 89 95 76 146 113 64 47
Route #11: 325 203 377 270 292 39 354 253 178 215 205 4 256 123 291 414 232 175 277 169 337 399 193
Route #12: 93 32 404 392 41 87 184 167 134 80 12 88 397 391 386 384 312 378 398 382 402 34 92 109 415
Route #13: 280 305 239 180 258 276 37 252 201 216 284 370 195 86 243 271 124 36 365 153 248 249 107 33 383
Route #14: 334 357 79 333 336 323 367 363 242 241 272 238 279 332 307 281 353 275 196 185 188 191 328 237 101 168
Route #15: 126 157 22 298 225 385 6 162 7 1 9 236 416 329
Route #16: 150 410 294 127 317 106 411 319 187 29 254 161 192 189 136 174 199 339 322
Route #17: 295 206 108 220 99 299 342 406 211 346 28 394
Route #18: 376 268 359 18 273 369 84 17
Route #19: 407 165 393 335 290 144 379 125 264 44 344 142 130 10 30 412 313 223 177 143 224 82
Route #20: 390 137 202 26 340 198 114 343 51 263 366 228 75 278 152 103 62 77 163 360 197 207 129
Cost 125600
Time 383.907
