Route #1: 105 126 229 144 37 112 141
Route #2: 74 82 83 100 101 154 38 268 221 77 137 29 2 169 314
Route #3: 253 39 131 313 102 67 249 317 297 80 315 269 293 40 42 43 111 147 148 155 324 62
Route #4: 173 123 65 311 51 5 23 36 289 279 252 230 231 248 28 46 57 47 63 99
Route #5: 45 54 70 71 132 59 55 53 278 255 128 56 60 90 89 72 73 64 33 25 93 91
Route #6: 96 178 121 300 219 220 245 122 212 185 129 66 114 124 97 94 273 61 88
Route #7: 49 296 48 78 76 79 84 136 167 160 143 134 130 116 113 117 109 92 95 98 81 280
Route #8: 103 135 183 120 140 149 298 307 157 156 312 133 299 292 276 106 170 258 152 275 118
Route #9: 4 175 44 195 68 50 58 166 223 184 196 194 202 119 187 150 151 153 179 181 127 168 110
Route #10: 107 320 104 69 16 159 161 138 215 213 200 209 208 204 211 158 201 177 174 125 115
Route #11: 217 176 163 235 251 250 281 139 164 162 286 191 180 182 188 284
Route #12: 294 265 257 259 264 262 263 226 243 239 234 225 197 232 199 205 238 210 171
Route #13: 288 277 233 203 186 272 86 283 290 193 302 206 304 227 228 287 295 274 305
Route #14: 192 165 322 142 13 189 325 7 172 8 17 20 146 145 27 14 26 246 260 267
Route #15: 237 261 321 222 6 10 11 244 24 224 34 207 30 256 247 75 85 240 236 309 291 285 303 306
Route #16: 190 198 218 214 216 254 242 266 271 87 9 19 21 316 15 31 310 52 282
Route #17: 323 270 319 3 318 108 308 301 1 32 41 35 18 22 12 241
Cost 140055
Time 618.358
