Route #1: 169 194 132 153 213 203 39 82 196 182 181 5 174 168 65 133 96 98 52
Route #2: 180 8 7 55 100 121 43 84 204 29 177 115 83 80 127 183 126 162 179 134 165
Route #3: 189 188 102 87 81 44 25 22 201 137 28 59 41 206 207 197 110 46 104 208 105 101
Route #4: 90 68 112 72 131 42 62 6 76 17 175 11 51 91 114 34 176 171 173 86 74 19 85
Route #5: 57 99 95 63 79 75 15 45 94 54 53 50 49 136 161 10 212 18 209 202 26 214 184
Route #6: 210 144 157 146 140 172 36 135 27 24 198 77 120 119 116 139 71 37 38 125 93 143 23
Route #7: 106 186 109 60 64 73 148 160 32 170 35 16 92 147 178 200 185 191 192 166 78 56 47 33 195
Route #8: 149 154 21 164 152 12 31 123 88 205 167 155 138 159 158 145 113 156 190 89 107 70
Route #9: 30 111 187 20 69 151 150 3 9 163 117 108 211 2 129 122 13
Route #10: 118 66 14 130 124 103 58 142 40 97 128 141 61 67 48 1 199 4 193
Cost 67854
Time 551.21
