Route #1: 243 14 12 95 27 17 251 266 241 34 16 21 272 30 267 13 269 262 257 206
Route #2: 94 7 164 190 22 9 81 58 57 210 224 24 26 18 15 5 3 6 226
Route #3: 202 205 255 176 158 154 242 236 235 181 233 237 168 244 246 171 252 195 247 238 229 231
Route #4: 125 146 143 139 116 175 157 200 215 234 253 117 131 250 261 96 268 271 219 220 254 240 245
Route #5: 239 203 189 161 162 167 68 132 108 106 1 232 150 165 180 170 191 193 163 188 155 138 127
Route #6: 223 218 221 217 216 199 179 173 133 145 137 130 156 151 128 134 91 89 119
Route #7: 87 55 59 62 115 123 147 142 152 149 201 194 178 197 183 177 136 129 124 54
Route #8: 208 32 76 74 88 100 102 105 113 112 160 172 166 93 92 99 72 65 70 182
Route #9: 209 211 60 84 169 213 97 37 135 19 20 204 214 198 41 43 11 263 49 259
Route #10: 196 207 10 4 64 63 79 29 90 66 51 50 56 85 83 86 31
Route #11: 228 186 114 28 46 44 126 2 148 174 122 121 40 104 98 23 69 260 42 52 273
Route #12: 270 77 256 35 36 39 192 144 248 227 153 8 25 265 103 230
Route #13: 120 141 187 212 222 38 109 78 107 33 225 184 185 159 118 140 71 80 53
Route #14: 111 110 73 67 61 249 258 45 82 101 264 75 47 48
Cost 98962
Time 492.615
