Route #1: 23 139 73 114 112 137 138 26 313 318 217 191 85 218 272 263 245 152
Route #2: 66 309 130 9 16 328 281 60 167 168 166 219 144 102 133 93 117 47 43 110
Route #3: 162 204 30 108 34 153 56 197 317 223 234 250 192 29 21 196 20 31 249 283
Route #4: 224 127 175 19 182 254 67 107 38 311 342 40 301 319 148 212 151 39 200
Route #5: 176 343 174 213 247 339 53 126 231 280 41 171 227 4 75 296 106 90 59 50 51
Route #6: 100 65 91 8 140 135 229 260 302 210 72 63 169 334 94 155 118 193 201 177 5 17 179
Route #7: 178 173 128 181 230 188 312 314 187 161 186 64 255 335 300 180 226 237 336 261 129
Route #8: 264 340 278 277 150 294 95 225 203 194 164 105 14 62 36 25 98 125 170 244 157 134 131 143 145
Route #9: 83 295 119 77 121 2 96 97 141 123 202 215 298 282 122 124 305 306 146 149 158 163 160 322 308
Route #10: 228 214 154 299 142 136 333 344 101 33 42 156 44 49 52 257 159 172 6 239 220 221 69
Route #11: 68 206 216 190 189 310 331 211 338 345 24 109 80 274 316 315 290 266 246 243 287
Route #12: 104 81 329 27 57 76 74 323 48 22 32 293 15 341 303 268 279 13 271 235 232 207 198 209
Route #13: 276 269 99 253 259 256 267 265 291 284 286 285 307 252 1 297 7 78 18 262 222 183
Route #14: 258 332 330 87 84 70 10 120 320 289 288 205 233 12 292 88 11 337 325 28 37 45
Route #15: 184 195 304 55 92 248 199 273 147 103 275 35 208 240 111
Route #16: 321 89 113 79 115 46 251 326 185 270 54 165 132 324 327 71 3 82 86 236 116 58 241 238 61 242
Cost 167126
Time 694.668
