Route #1: 17 299 305 29 341 255 34 53 25 19 18 16 229 228 215 42 253 260 55 41 33
Route #2: 322 334 316 301 337 287 7 275 272 271 252 241 235 257
Route #3: 324 325 286 321 311 106 300 303 310 246 247 225 188 217 197 213 264 277 313 288 291 323
Route #4: 248 36 250 254 97 113 58 249 57 54 245 148 30 157 338 162 128 137 339 342 320 307
Route #5: 236 221 24 204 26 143 13 340 12 332 279 278 281 283 280 282 219 220 232
Route #6: 267 262 292 212 304 298 296 302 308 199 203 184 192 289 182 164 159 150 155 149
Route #7: 266 268 211 234 329 151 261 198 124 160 158 186 172 173 207 205 156 195 218 227 216 251 181 193
Route #8: 115 170 141 187 180 177 189 176 178 171 174 224 237 243 233 191 223 222 209 208 201 200 179
Route #9: 326 263 230 202 168 153 112 85 84 60 276 273 145 226 319 239 265 242 270 294 295 331
Route #10: 89 110 118 120 135 123 122 139 133 131 163 117 114 130 119 127 95 138 116 87 92 67 77
Route #11: 103 79 274 104 91 90 96 100 73 121 70 76 175 196 63 258 132 231 185 154 134 107 56
Route #12: 244 256 27 333 40 37 86 71 61 59 62 68 21 5 22
Route #13: 99 136 64 144 51 140 4 161 74 81 10 126 78 83 147 98 82 48 47 52
Route #14: 290 102 94 315 314 284 240 9 169 8 105 50 3
Route #15: 318 6 65 111 109 108 101 69 93 88 72 165 14 1 259 167 269 285 293 206 38 35
Route #16: 146 11 214 330 66 309 31 238 183 210 194 32 297 166 129 125 152 75 28 142 190
Route #17: 20 44 336 335 15 39 45 2 46 80 312 49 43 327 328 23 317 306
Cost 120812
Time 407.577
