Route #1: 352 358 44 196 178 135 141 189 96 152 407 439 61 200 171 162 98 408 213
Route #2: 387 28 198 406 215 11 186 419 174 164 4 66 353 280
Route #3: 51 327 67 57 88 130 349 38 188 52 3 330 367 209 137 58 271
Route #4: 45 453 81 218 121 313 140 393 458 341 356 375 234 228 418 125 384 359
Route #5: 297 233 89 415 348 99 95 448 108 265 100 444 8 197 438 410 267 369 368 338
Route #6: 84 68 35 274 226 231 97 252 288 9 170 301 309 248 48 49 1 230 224 194 227 184 64 6 342 173
Route #7: 385 77 322 104 2 60 435 392 138 90 287 251 238 244 225 212 220 191 133 102 259 255
Route #8: 445 303 428 335 383 206 350 216 363 264 15 325 394 30 79 454 241 269 270 195 185 395
Route #9: 32 414 441 111 39 91 176 409 373 101 47 362 354 307 275 235 253 203
Route #10: 210 424 147 208 396 21 22 115 87 86 106 430 78 34 142 117 129 134 118 305 331 304
Route #11: 62 346 25 166 42 332 443 155 423 55 211 412 144 33 80 82 145 131 386
Route #12: 146 29 311 180 243 328 314 187 149 148 374 199 207 219 357 360 240 268 310 284 245
Route #13: 371 345 337 333 46 389 391 273 254 411 246 440 239 182 36 312 277 163 50 378 388
Route #14: 59 272 92 94 169 159 165 316 150 153 124 41 136 201 37 27
Route #15: 413 380 293 447 20 143 112 172 323 69 114 266 319 317 294 205 300 437 192 85
Route #16: 390 364 376 321 365 361 403 405 160
Route #17: 306 417 107 40 53 278 250 291 7 340 427 446 450 425
Route #18: 404 398 286 258 296 260 279 372 175 179 167 132 214 366 302 217 74 242 54 434
Route #19: 262 70 83 93 26 276 452 429 377 379 442 298 339 336 355 397 289 370 76 75
Route #20: 285 347 421 65 19 10 190 236 168 257 402 72 71 183 73 113 223 334 120 5
Route #21: 400 128 416 193 449 432 381 344 320 109
Route #22: 222 158 161 63 23 232 282 237 247 283 256 249 157 13 221 351 139 455 12
Route #23: 14 329 457 318 426 16 116 290 24 324 17 202 204 122 181 103
Route #24: 382 18 110 127 451 456 436 126 308 43 422 31 401 281
Route #25: 229 261 295 119 56 343 433 292 431 420 156 151 105 123 299 263 326 177 154 399 315
Cost 234227
Time 904.729
