Route #1: 249 245 225 16 341 191 11 160 140 98 284 22 92 130 93
Route #2: 106 129 226 432 307 188 206 319 332 86 294 3 144 181
Route #3: 30 57 69 380 280 46 440 159 7 278 356 337 336 398 110 201 90 435 128 259 165 463 99 433
Route #4: 218 442 113 257 101 196 32 222 409 308 242 171 208 143 87 41 412 293 157 348 186 180 248 42 38 455
Route #5: 316 454 61 291 434 320 219 28 220 67 247 55 326 155 339 15 304 448
Route #6: 175 142 94 285 272 266 437 273 2 329 246 236 431 265 469 45 193 121 371 292 389 460 224 73 381
Route #7: 8 104 400 464 147 252 59 170 65 71 299 426 35 81 288 167 466 78 126 75 84 277 116 373 456
Route #8: 355 350 376 421 21 100 173 213 151 111 467 166 241 234 36 48 250 377 317 419 24
Route #9: 102 418 261 267 306 296 383 392 115 305 258 256 123 366 138 287 372 134 465 342 76 338 62 109
Route #10: 240 40 43 333 414 394 415 56 425 221 207 449 172 27 233 311 459 290
Route #11: 420 468 54 458 334 312 328 362 66 387 283 429 13
Route #12: 23 88 255 254 146 413 289 203 453 63 451 262 295 223 80 411
Route #13: 408 302 37 107 402 10 424 401 125 344 323 210 251 153 120 211
Route #14: 114 357 137 243 205 50 14 18 360 428 331 388 91 436 231 340 239 150 399 148
Route #15: 12 176 260 235 390 154 177 131 197 39 349 136 103 105 9 441 89 269 200 447 276 25 391 264 438 370
Route #16: 423 33 327 118 228 445 368 457 127 178 282 346 183 31 345 29 439
Route #17: 343 364 189 44 117 198 135 17 77 352 204 53 49 301 351
Route #18: 60 70 51 470 271 374 192 361 190 122 444 179 227 253 382 237 358 164 397 462
Route #19: 96 244 363 367 347 74 212 281 313 58 322 443 5 133 279 72 182 34 405 184 47 385 330
Route #20: 410 430 141 446 403 152 286 417 325 359 214 378 83 82 26 1 298 404 68 202 309 112 162
Route #21: 450 79 124 187 407 303 386 64 270 52 209 132 185 216 427 324 158 6 108
Route #22: 229 315 169 321 232 263 375 406 379 275 354 310 145 353 168 119 97 156 395 139
Route #23: 174 274 318 161 369 335 215 199 163 393 300 314 230 19 217 268 195 365 452
Route #24: 422 4 461 85 194 396 238 149 95 20 297 416 384
Cost 259295
Time 657.98
