Route #1: 38 286 171 108 109 135 299 275 10 283 416 375 394 339 399 123 252 352 349 345
Route #2: 52 383 361 29 334 216 435 446 445 179 154 143 114 351 137 235 309 6 344 359 82 400 80 243
Route #3: 261 276 382 347 348 364 271 194 209 210 282 274 277 273 238
Route #4: 17 182 341 346 51 303 146 370 230 35 331 418 362 292 105 234 1 73 256 322 3 41 386 86
Route #5: 391 219 312 222 236 279 65 178 12 138 4 360 264 189 79 327 288 155 232 414 396 363 9
Route #6: 270 14 139 384 122 326 23 374 121 301 302 76 306 81 287 5 11 409 443 71 46
Route #7: 196 186 170 413 169 24 90 142 193 335 153 144 63 78 96 398 395 112 184 22 140 233
Route #8: 246 251 103 110 223 231 227 300 164 325 310 424 330 423 254 429 245 187
Route #9: 75 89 120 133 97 248 148 152 281 156 157 298 284 280 124 136 107 67 278 308 307 272 130 176
Route #10: 27 260 244 241 240 200 165 161 181 332 188 229 320 338 376 262
Route #11: 64 77 265 85 83 74 228 37 247 450 439 366 388 401 20 34 437 426 379 354
Route #12: 457 385 19 212 420 195 201 390 175 419 173 185 442 211 406 422 190 289 368 441 378 381 353
Route #13: 355 408 402 403 412 397 36 427 430 417 113 30 132 54 66 31 60 44 433 26 456 452
Route #14: 192 213 342 454 99 415 8 365 45 250 125 128 367 369 357 373 318 294 237 253 177 263
Route #15: 444 428 451 87 95 94 91 104 106 431 436 43 285 160 13 208 40
Route #16: 70 53 7 421 387 129 258 49 438 18 311 159 93 68 61 69 42 92 58 449 432
Route #17: 21 323 62 267 226 455 28 33 47 115 255 32 393 305 207 163 134 290 371 404 295 336 72
Route #18: 202 198 218 266 448 39 55 214 15 197 304 319 321 269 356 350 98 333 317 147 291 268
Route #19: 377 102 162 50 293 168 151 111 126 117 217 88 101 158 167 172 59
Route #20: 149 224 315 405 340 249 392 16 328 358 180 174 25 225 324 314 372 434 407 329 425 100
Route #21: 297 150 119 118 56 191 313 183 199 204 239 242 220 221 215 141 116 205 206 145
Route #22: 447 203 343 57 380 84 131 48 389 166 440 2 453 257 337 296 410 411 316 259 127
Cost 216577
Time 1478.81
