Route #1: 21 71 57 148 102 1 94 54 59 60 62 61 64 56 72 93 2 145 87 86 51 173
Route #2: 77 235 252 195 117 124 115 218 203 196 198 13 270 35 185 45 179 197 159 168 169 188
Route #3: 189 211 205 225 245 244 248 229 258 290 220 289 163 257 158 110 106 114 125 136 187
Route #4: 223 221 241 242 280 23 42 265 269 255 254 83 251 89 165 182 174 9 8 219
Route #5: 271 206 186 192 262 268 214 212 228 233 273 250 217 216 236 237 238 213 226 246 210
Route #6: 85 227 249 266 278 73 66 65 31 11 27 24 277 283 282 281 279 276 263 256 99 25
Route #7: 38 95 76 207 202 90 204 231 161 48 53 260 267 52 155 137 55 215 200 154 164
Route #8: 157 156 151 178 146 5 34 29 181 33 39 107 272 253 152 6 37 22 12 275 264 47 46
Route #9: 190 184 149 20 224 58 50 143 118 240 10 139 288 180 82 193 230 103 172 101 36 41 74
Route #10: 15 166 28 123 120 167 147 122 140 170 68 17 80 105 92 247 129 142 144
Route #11: 132 171 138 284 232 222 162 160 208 153 176 112 209 243 78 91 234 75 84 97 286 88 285 194 292
Route #12: 134 113 111 104 98 119 126 49 30 191 131 130 135 199 79 3 7 26 201 150 40 32 141
Route #13: 261 18 63 133 239 67 175 96 108 291 259 100 128 121 116
Route #14: 70 16 19 43 81 274 4 127 177 183 287 109 44 14 69
Cost 143578
Time 420.241
