Route #1: 185 65 164 106 100 109 108 113 125 140 141 1 74 142 23 15 232 120 253 111 243 61 167
Route #2: 24 98 246 33 139 11 18 93 9 188 257 7 13 228 124 103 241 3 51 133 30
Route #3: 17 47 46 42 43 16 189 45 136 90 122 245 119 39 78 114 56 138 179 151 171
Route #4: 5 58 254 200 191 85 172 37 176 225 49 48 247 69 70 194 54 20 229 237 53
Route #5: 177 226 222 84 75 214 187 123 255 110 62 96 19 170 115 55 31 2
Route #6: 233 81 117 236 207 248 59 231 175 131 79 215 38 216 68 4 77 252 166 112 239 26 118 64 63
Route #7: 154 72 22 155 163 235 127 40 234 182 82 44 116 204 203 218 52 27 144
Route #8: 10 99 227 190 80 32 132 198 173 126 238 240 143 76 199 91
Route #9: 174 67 104 66 6 36 186 95 137 168 41 21 192 34 71 258 87 92
Route #10: 134 73 83 230 256 156 244 25 28 29 195 60 12 197 105 212 242 183 97 88 169 178 14
Route #11: 94 165 89 251 129 135 57 184 8 146 128 147 152 181 180 193 86 208 205 206 219 220 211 102 201
Route #12: 50 35 223 213 221 210 209 202 196 161 160 217 157 130 101 249 250 107 153 158 224 149 148 150 121 145 159 162
Cost 113395
Time 196.597
