Route #1: 94 128 92 314 368 360 395 168 91 269 239 311 276 257 123 488 93 469 456 467 484 408 496 290
Route #2: 134 84 103 303 472 199 73 382 53 56 184 80 373 113 411 487 145 68 74 15 125
Route #3: 120 344 173 95 58 13 454 409 177 196 54 87 43 25 226 232 115 437 486 495 499
Route #4: 141 111 71 21 12 332 352 405 418 265 227 470 151 384 448 412 406 132
Route #5: 394 57 267 447 422 14 139 157 272 455 339 424 319 428 442 6
Route #6: 55 410 436 337 178 219 420 48 423 296 221 398 228 167 260 425 432 31
Route #7: 341 363 369 407 160 483 421 427 218 317 131 142 67 431 383 371 419 117 99 477 485
Route #8: 473 498 401 402 34 88 182 350 435 156 147 385 331 292 278 478 36 237
Route #9: 79 308 310 137 274 329 263 297 106 107 351 380 440 242 243 77 211 248 254 438 7 494 96
Route #10: 105 300 345 413 187 458 124 122 69 90 102 465 213 466 153 2 172 223 208 202 316 302 291
Route #11: 37 38 430 255 116 101 230 333 210 164 217 188 170 59 433 323 60 386 392 388 387 180
Route #12: 183 203 110 83 154 189 222 75 266 152 247 258 212 24 224 235 41 289 281 282 283 136 149 33 143
Route #13: 457 133 130 5 493 490 439 78 426 148 3 162 63 127 376 452 29 85 471 318 176 240 121
Route #14: 193 441 62 10 313 35 20 245 197 126 22 185 277 181 86 44 18 192 1
Route #15: 204 330 214 233 389 379 30 236 251 307 444 400 287 135 46 40 27 98 81 453 328 9
Route #16: 415 429 342 417 346 416 349 364 322 353 326 367 114 482
Route #17: 338 97 220 397 378 366 361 169 175 146 161 112 155 171 309 163 194 207 356 357 174 215
Route #18: 262 231 304 312 306 158 336 347 150 4 104 191 108 109 119 374 159 65 275
Route #19: 165 273 450 268 11 28 393 225 348 238 294 138 118 315
Route #20: 89 144 190 320 375 206 244 179 362 370 186 390 52 32 140 229 271 298
Route #21: 261 295 129 66 49 377 246 293 264 16 250 479 166 463 443 492 497 195 489 491 252 216
Route #22: 445 284 279 476 301 270 209 462 201 475 474 17 249 280
Route #23: 464 446 343 396 372 321 354 358 359 19 51 47 50 42 305 8 286 26 355 327 459 461 434
Route #24: 288 299 256 61 64 45 70 82 285 365 391 381 76 403 100 399 200 451 414
Route #25: 460 480 198 404 234 253 468 449 340 335 334 325 481 324 23 259 39 205 241 72
Cost 263397
Time 1940.94
