Route #1: 648 137 32 4 158 33 246 64 221 220 564 19 183 305 506 573 93 34 608 455
Route #2: 37 75 200 553 344 362 419 349 468 224 82 346 13 225 555 80 428 154 483 94 62 9 342 352 97
Route #3: 29 633 606 108 24 649 520 626 345 561 488 437 486 477 223 227 279 519 496
Route #4: 236 257 194 40 210 182 201 111 36 106 429 258 518 262 120 306 148 235 548 91 147 105
Route #5: 375 476 487 316 469 7 47 163 580 399 214 619 378 228 284 584 320 21 467 541 155
Route #6: 109 343 363 431 333 304 204 450 76 425 110 635 276 31 244 454 374 360 90 141 43 71
Route #7: 146 63 302 499 544 559 554 348 434 569 291 318 402 245 274 101 57 644 269 211 301
Route #8: 153 634 409 480 267 89 522 481 459 451 368 422 511 493 142 592 577 350 41 572 613 556 121
Route #9: 448 290 18 598 143 288 212 386 54
Route #10: 560 470 83 539 510 478 460 325 441 527 590 398 22 524 597 582 181 442 250
Route #11: 188 178 299 45 249 566 542 175 242 504 498 604 372 129 466 383 277 540 603 131 298 280 92 525
Route #12: 289 494 85 58 620 135 199 614 567 438 589 535 49 169 581 72 397 400 591
Route #13: 563 474 558 42 16 150 319 230 52 46 585 125 113 334 6 313 157 174 215 389 292 502 549 367 99
Route #14: 310 650 526 195 427 436 10 252 66 77 449 213 565 255 103 172 387 412 60 67 435 532 139
Route #15: 403 151 171 79 643 128 259 338 123 12 50 578 130 65 140 574 618 95 557 138 273 251
Route #16: 198 579 491 170 126 124 514 458 240 356 293 162 8 424 28 631 379 303 286 340 53 530 102
Route #17: 646 218 282 68 2 621 270 364 78 70 145 297 357 624 552 160 358 48 647 395
Route #18: 586 407 393 311 308 443 315 492 354 533 623 390 534 248 617 394 11 479 432
Route #19: 238 562 536 640 433 136 537 607 515 173 275 446 161 337 206 371 86 149 382 233 26
Route #20: 440 247 134 326 107 339 265 571 447 596 495 207 217 127 300 219 231 104 44 261 118 508
Route #21: 205 538 69 243 377 588 497 222 408 642 321 465 472 15 159 501 471 193 165 380 119
Route #22: 361 341 381 51 602 263 531 177 575 88 115 1 27 482 384 490 164 355 234 332 439
Route #23: 5 420 641 314 630 637 610 98 216 401 191 418 55
Route #24: 23 229 61 278 430 599 453 20 463 132 3 209 25 312 366 475 260 583 396 365
Route #25: 190 629 295 516 406 405 413 410 133 84 550 587 373 622 187 444 500 523 609 376 636
Route #26: 456 196 39 167 317 309 546 616 421 628 203 327 417 505 615 545 335 489 285 388 517 253 507 416 226 411
Route #27: 73 568 570 112 197 323 611 116 392 347 512 426 74 208 461 462 30 528 385 186 324
Route #28: 192 351 122 241 595 625 600 14 336 551 328 645 296 445 176 513 179 239 307
Route #29: 370 457 114 268 152 264 35 266 473 485 56 294 87 184 415 359 331 256 353 232 281 484 509
Route #30: 632 594 156 423 452 612 189 329 638 593 464 605 144 404 271 543 521 38 639 100 601 369 330
Route #31: 391 81 287 547 283 529 237 180 168 96 117 414 202 59 272 576 322 254 627 17 166 185 503
Cost 327917
Time 1026.55
