Route #1: 87 158 165 34 94 132 204 142 49 162 40
Route #2: 180 25 77 178 184 153 144 58 124 37 12 206
Route #3: 150 191 114 24 160 104 134 149 17 148 1
Route #4: 67 72 39 151 169 75 112 36
Route #5: 35 188 61 111 221 159 220 51 176 210 155 182 128 211 3
Route #6: 133 194 47 119 166 10 48 55 168 224 4 21 80 91 192 103 18 19 116 171
Route #7: 65 120 83 15 50 113 140 125 56 46 167 126 85 30 202 205 117 76
Route #8: 183 177 78 207 8 198 105 20 29 164 156 5 136 45 147 179 172 74 145 6 7
Route #9: 93 127 96 60 62 170 59 43 16 187 213 154 69 2 84 137 208 181 102 97 68 79
Route #10: 64 212 81 152 86 31 115 89 32 193 57 139 219 99 108 28
Route #11: 185 218 92 53 196 161 163 214 52 100 186 141 216 146 90 73 95 23 109 26 38 66 138 131 22
Route #12: 123 190 121 195 143 175 88 71 27 225 157 107 122 223 197 106 101 14 135 13 174
Route #13: 222 129 9 209 201 217 42 130 173 118 70 199 203 63 54 44 82 33 200 11 215 98 110 41 189
Cost 146586
Time 340.489
