Route #1: 213 193 35 47 14 44 76 31 104 1 36 69 68 121 157
Route #2: 146 92 103 100 192 189 126 176 181 72 88 173 154 177
Route #3: 8 136 12 81 90 113 130 67 64 89 123 98 93 107 20 118 24 124 150 216
Route #4: 187 178 163 153 164 159 152 160 186 122 144 139 133 125 145 188 108 134 142 167
Route #5: 101 147 55 25 26 205 135 156 212 11 59 19 39 202 10 204 16 219
Route #6: 217 151 112 37 49 42 180 83 48 43 110 45 95 51 13 6 161 4 7 57
Route #7: 18 54 143 132 116 115 79 97 96 85 30 32 206 185 71 53 66 3
Route #8: 9 41 34 21 17 148 15 27 61 77 179 155 201 5 111 214 171 184
Route #9: 38 191 211 165 127 140 196 175 170 174 190 75 63 60 46 166 158 28
Route #10: 80 94 84 131 183 172 120 182 200 62 195 194 199 128 78 91
Route #11: 86 114 23 58 56 106 117 119 65 52 105 22 99 137 168 70
Route #12: 208 102 87 50 141 40 33 209 210 215 218 29 198 197 109 203 129 169
Route #13: 149 74 162 138 73 207 82 2
Cost 131724
Time 145.686
