Route #1: 275 44 118 10 24 38 72 71 206 291 252 314 317 31 50 273
Route #2: 280 113 98 70 232 247 243 220 213 59 268 265 246 188 49 37 125
Route #3: 231 184 172 167 176 137 218 60 63 211 187 245 180 73 168 306 282 269
Route #4: 240 9 214 228 32 241 225 250 256 242 43 285 284 300 215 224
Route #5: 266 279 186 299 141 151 108 312 212 208 210 47 316 175 191 192 198 221 263 259
Route #6: 92 20 103 301 116 87 22 203 195 81 89 95 94 201 255 271 287
Route #7: 6 315 181 21 28 169 101 58 128 140 183 14 194 178 230 7
Route #8: 204 205 144 159 157 173 158 51 166 56 202 147 308 185 189 156 292 90 100 1
Route #9: 136 139 16 222 253 257 182 29 39 8 233 238
Route #10: 130 122 262 223 261 148 127 99 18 109 110 78 126 219 79 260 91 96 119 236 217 244 251
Route #11: 88 162 84 171 249 311 57 3 4 12 163 129 305 83 106 226 42 165 133 120 2
Route #12: 26 177 93 17 35 27 309 77 75 33 104 131 303 302 153 85 179 15 160 154 121 105 143 229 135
Route #13: 258 19 97 138 155 146 152 142 117 145 164 86 82 200 235 61 227 196 55 54 254 149 190 274
Route #14: 132 270 272 102 264 310 313 298 296 297 293 267 115 281 294 295 286 307 199 69 5
Route #15: 62 34 53 248 170 123 112 114 234 68 278 11 237 13 134 174
Route #16: 193 276 290 289 304 207 30 76 74 283 124 150 111 288 277 197 80 107 239
Route #17: 216 45 41 36 209 48 40 46 65 67 23 64 25 66 161 52
Cost 170285
Time 525.009
