Route #1: 293 479 422 387 338 285 438 244 152 269 169 104 585 13 51 37 369
Route #2: 563 258 267 221 303 291 281 153 574 166 33 461 48 521 450 358 86 514 399 100 406
Route #3: 460 542 297 359 23 151 305 530 229 179 125 298 172 129 266 341 335 505 500 202 72 77
Route #4: 271 528 91 177 395 511 247 391 196 409 486 212 346 27 352 295 435 451 141 482 58 140
Route #5: 122 64 457 344 290 262 425 242 510 246 43 549 348 458 201 433 45 46 506 436 79 320 22
Route #6: 243 218 101 173 186 490 541 404 333 390 452 477 459 487 494 431 392 156 149 411 105 35 208
Route #7: 513 253 131 17 158 214 227 12 7 287 250 586 534 120 69 256 576 519 147 279 278 384 488 161
Route #8: 113 134 103 501 255 4 190 154 145 67 489 363 416 268 55 283
Route #9: 343 204 211 408 566 99 185 272 382 167 280 216 222 498 261 508 306 429 34 47 50 231 224
Route #10: 493 138 415 397 107 78 108 491 526 316 257 483 423 61 276 304 351 496 87 40 265 394 236 512 88
Route #11: 223 182 106 421 515 443 396 445 328 225 454 472 417 217 126 42 9 504 522 121
Route #12: 93 241 419 330 203 162 497 516 405 340 292 184 517 170 219 544 573 174 538 327 518 39 572 230
Route #13: 234 54 424 117 334 350 181 380 111 471 439 80 324 537 499 44 323 8 368 200
Route #14: 559 540 299 412 275 15 400 199 155 97 467 342 118 568 73
Route #15: 137 159 209 284 567 581 337 252 296 66 59 308
Route #16: 362 339 580 128 226 492 531 361 478 539 570 215 11 345 92 194 175 427 139 313 377 192 550 437
Route #17: 30 571 14 160 470 95 232 357 85 235 456 381 25 360 57 569 123 248 558 366
Route #18: 228 1 36 502 468 495 18 237 109 374 96 309 332 545 507 19 410 553 143 378 312 136 430 503 465
Route #19: 282 110 462 388 556 535 532 74 60 555 398 524 302 376 314 52 213 547 240 372 28 112 311 329 480 523
Route #20: 20 426 38 385 89 527 464 259 440 432 16 578 525 83 135 157 448 220 260 189 446 551 81 144 56
Route #21: 245 315 84 114 474 543 233 142 325 442 146 148 307 463 575 557 579 133 413 331 469 326 251
Route #22: 65 53 583 548 481 150 68 176 552 116 115 317 383 560 127 356 473 94 5
Route #23: 180 364 401 171 6 565 32 205 389 466 420 26 3 441 373 10 577 206 188 249 354
Route #24: 90 29 198 475 294 365 76 21 193 274 119 300 24 393 310 124 322 434
Route #25: 178 49 371 289 41 191 102 288 183 546 70 375 239 207 564 447 509 210 453
Route #26: 319 520 476 444 165 428 270 195 132 407 402 163 367 318 379 2 353 301 449
Route #27: 197 31 62 554 263 336 533 455 321 562 168 485 536 63 130 286 561 355 254 386 582
Route #28: 403 75 98 264 484 584 71 414 347 529 238 349 418 370 187 82 164 277 273
Cost 290266
Time 753.143
