Route #1: 13 69 100 96 104 70 91 74 49 83 95 30 98 94 103 82 4 20 200 54 53 55 167
Route #2: 21 128 161 85 148 45 141 144 126 131 163 197 108 78 122 114 192
Route #3: 111 156 101 99 186 166 129 136 134 79 201 28 76 72 47 6 172 25 35 60 1 90
Route #4: 145 51 196 164 171 198 7 152 62 162 29 137 86 39 36 10 191 189 159 204
Route #5: 44 149 57 124 19 97 66 59 158 140 80 23 34 178 203 153 2 61 50
Route #6: 143 181 199 195 26 37 22 202 182 184 187 183 185 179 169 132 115
Route #7: 127 73 48 139 176 165 160 180 12 5 157 3 155 150 151 32 31 188 174 52 11 146 205 190
Route #8: 168 81 63 177 173 93 92 89 88 170 194 193 46 9 14 18 38 43 71 64 16 56
Route #9: 130 119 123 8 75 110 175 116 154 142 125 120 107 133 87 102 105 135 147 118 17
Route #10: 113 27 33 41 40 58 65 112 67 77 42 68 106 121 117 109 24 84 15 138
Cost 105991
Time 158.059
