Route #1: 234 117 146 122 93 81 51 192 145 236 237 120 33 172 90 35 242 82 207 190 204
Route #2: 14 1 32 34 245 89 5 241 15 159 183 78 128 68 180 80
Route #3: 157 2 191 70 230 158 187 173 92 224 225 240 88 193 10 12 216 75 64 231 85 246 115 239 104 251 60 179 79
Route #4: 181 110 218 238 244 139 135 44 25 175 247 248 38 55 45 118 148 189 26 132 197 171
Route #5: 13 178 205 177 102 91 84 66 63 87 62 57 47 99 41 111 43 9 67 199 54 8 48 98 101
Route #6: 77 232 16 194 188 31 116 119 29 203 169 56 200 227 129 235 11 252 19 176 195 168 113 123 112
Route #7: 185 220 221 217 208 209 214 215 222 133 152 134 127 198 124 126 154 153 143 136 17 161 36 167 163
Route #8: 138 144 147 149 137 125 223 228 166 165 160 164 196 202 211 210 226 162 229 155 130 100 103 106
Route #9: 142 249 61 30 170 52 243 141 212 96 59 131
Route #10: 37 6 105 184 73 18 3
Route #11: 201 250 71 22 156 174 76 151 219 213 42 24 97 94 140 121 150 72 114
Route #12: 49 206 182 50 23 74 108 28 20 65
Route #13: 109 186 7 27 58 107 40 21 4 39 95 86 83 46 233 69 53
Cost 90164
Time 152.387
