Route #1: 159 506 7 146 334 461 177 67 310 213 9 397 267 420 454 373 327 457 447 105 518 524 464
Route #2: 466 339 52 211 229 259 311 382 333 263 84 342 200 328 378 393 261 418 390 44 363 307 411 350 228 469
Route #3: 357 322 392 427 434 207 266 448 161 293 530 74 13 521 478 504 17 303 291 61 236 243 79
Route #4: 141 404 134 523 474 11 8 240 379 510 500 408 136 476 276 274 183 436 143
Route #5: 127 389 277 115 149 481 441 353 204 46 222 2 491 43 231 531 472 279 110 120
Route #6: 356 111 132 217 444 415 41 14 493 452 203 225 425 475 398
Route #7: 99 209 458 248 325 396 386 515 37 163 196 412 186 193 176 4 308 409 384 423 93
Route #8: 319 64 97 513 160 35 100 433 455 395 5 391 246 152 71 10 332 45 419 367 201
Route #9: 280 426 135 233 171 517 381 235 102 191 320 417 226 470 298 164 227 403 410 28
Route #10: 38 299 123 104 250 315 372 218 477 286 268 287 459 269 70 95 306 405 270 529 221
Route #11: 290 12 301 137 340 435 375 374 198 154 202 331 151 271 468 330 360 247 253 194 157 495 112
Route #12: 106 22 431 16 492 496 23 24 147 166 170 516 324 509 505 499 388 81 359 355
Route #13: 82 482 78 53 76 77 283 162 169 192 260 349 428 352 467 59 63 47 185 244 497 318 56
Route #14: 262 116 437 39 338 219 150 130 284 507 439 214 153 501 18 189 323 75 480 400 174 462 3 297
Route #15: 216 138 296 383 33 508 364 242 239 371 190 520 128 316 265 295 49 223 180 238 98 489 215 55
Route #16: 456 451 498 414 443 32 101 26 361 131 344 422 255 234 488 309 485 351 347 179 438 385 80 91
Route #17: 30 429 294 158 502 285 511 66 21 188 124 144 401 20 366 525 118 57 281 273 512 245 527 94
Route #18: 90 479 278 421 264 69 522 25 195 362 341 450 258 129 187 329 304 113 145 302 251 252 220 300
Route #19: 205 326 58 399 62 139 282 257 348 167 354 484 376 305 31 343 289 148 336 119 96 528 369 241 181 365
Route #20: 197 312 490 446 114 337 473 29 210 416 107 345 440 254 87 394 72 346 122 208 237 133 50 27
Route #21: 40 108 88 172 173 140 256 36 54
Route #22: 413 182 321 121 83 430 42 65 514 125 178 73 494 442 432 156 6 85 206 15 424 465 230 89
Route #23: 48 175 117 358 471 86 199 487 51 155 314 368 60 526
Route #24: 503 377 92 387 292 406 407 380 483 142 460 232 317 19 402 212 68 249 370 335 449 486 168
Route #25: 288 184 109 126 103 1 453 445 224 275 272 34 165 463 519 313
Cost 248069
Time 1527.85
