Route #1: 306 289 318 99 305 159 142 100 186 90 103 138 21 139 195 53 107 284 51 16 201 20 196 204
Route #2: 52 4 191 38 86 93 217 131 54 2 15 212 207 156 3 216 227 63
Route #3: 148 155 150 325 296 97 181 43 81 125 118 126 104 114 136 134 145 162 166 157 18 161 128
Route #4: 26 252 37 30 40 175 259 206 24 84 34 31 83 220 276 323 73 301 14 292 307
Route #5: 101 96 98 115 158 7 1 317 261 172 187 269 144 102 183 47 320 8 94 88 13 249
Route #6: 112 80 225 89 185 33 251 223 163 205 222 42 169 233 151 171 113 45 12 224 198 188 274
Route #7: 316 41 55 58 61 68 6 74 69 322 314 35 319 87 62 82 174 268 95 19 255
Route #8: 213 246 59 27 17 32 36 39 127 49 64 315 72 65 294 312 285 290
Route #9: 60 236 231 260 254 281 271 230 232 234 235 239 283 240 267 273 286 309
Route #10: 287 135 266 28 79 265 288 310 10 300 56 291 57 48 295 298 23 279 263 264 253 244 221 302 293
Route #11: 324 250 258 111 5 71 321 311 308 304 297 270 256 257 11 248 228 242 277 241 219 218
Route #12: 280 247 229 237 272 147 140 25 313 141 123 122 130 278 153 154 238 143 202 200 209 108 197 192 106
Route #13: 85 77 193 105 109 203 117 132 92 91 326 66 119 120 282 121 303 262 22
Route #14: 46 50 164 178 208 44 124 170 75 70 67 243 76 78 182 184 299 190 189 179 152 149 165 180 211 214
Route #15: 245 194 177 167 275 129 110 116 133 137 215 210 160 176 173 168 29 146 226 199 9
Cost 148984
Time 438.99
