Route #1: 8 417 141 124 422 101 325 314 260 7 254 149 312 60 201 418 400 114
Route #2: 379 386 31 107 137 194 227 375 387 295 142 14 179 181 77
Route #3: 347 376 215 352 143 75 284 259 43 73 85 238 128 173 13 16
Route #4: 23 190 105 58 256 116 64 163 88 103 76 356 34 258 41 209 317 191
Route #5: 53 90 370 278 289 292 349 96 410 381 268 171 68
Route #6: 341 33 324 200 270 408 264 389 24 175 69 174 426 395 51 63 319 290 416
Route #7: 11 348 274 28 266 222 271 15 402 307 217 188 309 298 154 240 65 234
Route #8: 204 233 44 346 245 48 280 177 81 122 25 241 207 404 195 412 123 405
Route #9: 296 136 147 406 361 102 263 273 262 366 218 146 362 208 118 83 251 156 398 221 148 322 308
Route #10: 403 374 19 305 93 150 187 394 339 47 414 424 186 269 415 12 185 30 42
Route #11: 46 226 326 39 212 213 72 205 52 265 168 159 38 385 382 35 183 407 250
Route #12: 350 225 140 160 363 237 131 287 111 211 353 246 94 230 135 113 338
Route #13: 331 70 203 320 126 397 74 121 423 202 172 26 193 343 261
Route #14: 104 162 27 411 210 56 288 86 29 393 125 369 6 224 1 165 10 2 197 232 303 368 71 332
Route #15: 57 45 36 391 9 132 388 329 337 323 59 302 297 189 327 178 396 61
Route #16: 206 82 293 378 401 315 294 95 92 310 335 157 129 306 115 255 267 321 40 413
Route #17: 282 253 49 192 151 304 333 138 219 419 300 276 4 110 169 50 275 281
Route #18: 318 176 334 235 367 299 5 390 340 32 342 167 196 239 358 360 243 106 99 383 91 199 248
Route #19: 18 372 364 392 120 336 285 198 283 180 313 100 62 55 119 37 79 170 127 228 359 21
Route #20: 380 291 144 301 66 249 161 97 216 354 78 257 316 399 17 277 421 357 355 252 89 409 214 351
Route #21: 133 22 54 229 231 98 345 108 420 286
Route #22: 365 384 242 152 67 109 223 373 84 425 155 130 20 272 117 377 87 153
Route #23: 184 134 244 330 182 3 279 328 311 164 220 145 158 166 344 112 371 236 247 139 80
Cost 172904
Time 443.894
