Route #1: 143 163 4 1 114 116 31 67 89 78 32 244 137 6 241 62
Route #2: 165 183 18 148 104 176 48 188 189 169 49 74 55 111 58
Route #3: 63 181 119 179 85 15 83 88 102 81 77 28 126 82 157 227 212 27 125 233 135 29 5
Route #4: 153 180 79 30 221 100 122 246 2 56 108 107
Route #5: 178 97 68 150 110 52 54 109 187 103 96 64 230 128 151 25 42 91 182 106 154
Route #6: 234 3 76 53 120 231 138 86 204 8 23 171 149 124 37 43 131 132 16 174 118 12 17
Route #7: 66 80 101 249 245 240 220 146 105 200 20 61 69 99 133 203 92 57 19 166 36 254
Route #8: 164 155 190 59 216 141 247 172 21 7 159 232 136 22 40 46 243 35 41 45 72 84 70
Route #9: 39 10 252 236 73 242 238 147 38 94 60 123 213 130 177 170 225 47 11 206 121 117 95 65
Route #10: 33 87 173 93 51 235 90 98 219 167 193 156 145 26 75 71 239 229 226 152 199 184 44 13 34 9
Route #11: 205 161 207 196 201 202 198 210 224 162 140 129 228 194 191 192 253 113 142 197 175 215 214 144 168
Route #12: 237 195 217 248 50 14 115 211 134 139 127 160 222 223 209 208 218 158 251 250 24 185 112 186
Cost 89438
Time 483.092
