Route #1: 273 270 303 181 248 272 221 220 1 314 39 297 69
Route #2: 164 27 121 103 58 125 134 246 233 80 213 320 310 148 87 165 254 301 116 274
Route #3: 266 278 302 26 244 3 68 237 191 155 52 231 78 291
Route #4: 146 269 111 35 25 159 42 170 277 81 222 306 151 208 241 224
Route #5: 106 289 30 180 142 133 112 230 128 108 34 99 168 86 7 22 132 98 100 141 83 36
Route #6: 154 62 75 49 124 238 11 129 242 253 74 192 71 93 261 6 160
Route #7: 32 199 198 149 152 305 57 61 59 311 169 15 267 113 64 115
Route #8: 287 223 171 212 177 161 259 288 187 96 218 195 37 55 200 5 203 265 209 234
Route #9: 144 17 33 317 90 236 260 126 174 283 184 136 279 120
Route #10: 264 153 316 47 313 225 219 9 206 172 23 196 299 188 13 217 245 16 2
Route #11: 137 304 44 145 45 123 31 163 298 250 20 48 182 28 204
Route #12: 143 295 101 202 258 54 85 135 110 205 292 109 307 77 94 29 95 130 276 4 84
Route #13: 10 79 240 127 156 271 319 280 138 40 185 214 67 60 308 122 229 102 14 247 268 294 183 243 107 119 53
Route #14: 252 43 166 150 226 201 70 186 179 257 139 189 46 318 118 190
Route #15: 263 12 97 140 41 147 50 227 197 255 178 117 207 300 284 282 18 286
Route #16: 275 162 38 105 210 256 175 176 19 239 131 89 285 167 312 76 309 91
Route #17: 315 21 193 251 56 173 235 211 194 72 24 65 73 321 88 228 8 66 104 216 215
Route #18: 262 281 51 296 158 92 157 290 114 249 82 232 63 293
Cost 198865
Time 383.698
