Route #1: 218 203 255 297 168 137 173 176 177 192 164 154 155 103 256 105 104 101 78 79 150 151 149 201 175 172
Route #2: 64 87 194 208 91 214 112 106 92 165 65 63 59 117 1 88 57 97 53 163 130 278 166
Route #3: 4 198 196 111 136 125 133 182 159 202 206 6 235 7 12 15 267 35 43 54 219
Route #4: 162 47 50 181 179 67 197 184 304 113 257 250 139 222 132 293 127 138 110 102 108
Route #5: 216 233 227 213 230 234 237 242 244 245 22 39 284 16 288 27 25 280 34 33 241 229
Route #6: 21 24 8 283 9 122 44 285 264 52 262 68 84 77 75 26 116 41 123 129 178 207
Route #7: 100 251 277 224 236 225 231 253 249 239 263 273 243 275 274 268 258 254 265 240 223 220
Route #8: 156 46 199 303 286 10 90 61 302 282 299 295 298 287 296 276 270 232 228 209
Route #9: 109 279 142 301 99 96 69 42 60 290 246 266 247 183 189 204 212 18 5 95 48
Route #10: 86 272 49 281 36 188 215 169 205 271 121 195 3 80 261 153 118 135 260 160 81 13
Route #11: 93 55 72 38 98 120 161 56 70 170 40 30 119 85 83 305 126 174 131 210
Route #12: 94 193 37 31 186 187 66 76 107 51 134 58 300 89 32 185 191 190 145
Route #13: 148 147 171 19 141 115 114 82 74 124 292 289 226 221 238 252 45 17 14 217 248 158 211 180
Route #14: 167 20 11 294 73 140 2 269 143 62 259 152 144 146 128 29 23 71 200 28 157 291
Cost 142547
Time 338.835
