Route #1: 14 102 132 310 228 137 154 160 316 74 308 101 121 219 174 220 271 318 149 18 317 91
Route #2: 127 128 17 109 81 58 104 106 26 239 89 129 103 62 69 130 155 40 235 210 259
Route #3: 84 188 291 48 184 167 261 66 203 68 120 105 257 141 254 125 100 53 49 15 5 315 54
Route #4: 183 98 221 264 233 241 321 283 77 232 2 70 224 238
Route #5: 8 162 186 289 311 214 234 181 82 65 285 296 295 207 61 35 286 12
Route #6: 250 256 11 138 279 304 13 284 282 272 313 312 322 55 57 21 22 306 28 33 59 267 320
Route #7: 249 211 198 146 126 112 240 246 113 225 226 262 276 236 245 255 305 273 274 277 290 222 251 73 41
Route #8: 123 292 158 299 301 293 287 281 280 243 230 134 148 147 139 145 159 297 140 24 323 294 216
Route #9: 265 268 263 258 45 275 300 88 212 85 227 206 209 190 93 133 75 116 51 3 60 38 42
Route #10: 9 32 36 29 30 19 20 118 119 7 87 117 298 196 108 152 114 90 76 115 168 269
Route #11: 270 43 47 213 110 189 163 107 80 95 1 111 96 99 56 44 37 192 195 194 179 182 172 200 144 16
Route #12: 64 31 67 63 177 23 34 50 86 288 124 52 319 164 46 176 173 25 170 252
Route #13: 136 208 156 231 166 244 157 6 71 309 302 237 97 307 10 122 193 94 78 165 278 72 187 4
Route #14: 135 161 178 218 92 260 79 83 150 142 153 303 314 215 266 197
Route #15: 175 143 180 242 248 247 229 201 185 151 253 217 191 205 27 39 171 131 169 202 204 199 223
Cost 168131
Time 535.543
