Route #1: 257 255 240 242 237 234 179 221 243 245 200 249 260 288 266 214 154 120 189 24 209 215 236 210 217 227
Route #2: 383 80 141 136 108 191 169 122 90 233 254 54 47 62 48 49 57 70 211 130 182 226 247 273
Route #3: 188 81 187 220 261 115 138 232 153 341 159 168 164 165 248 251 107 92 123 135 133 143 88 267
Route #4: 229 158 157 38 13 20 11 98 113 118 351 340 350 347 167 172 348 192 194 148 280
Route #5: 271 396 298 397 387 311 320 319 321 315 313 19 68 327 308 306 110 276 241 250 262 246
Route #6: 67 75 344 60 151 180 360 359 349 337 170 193 357 174 149 152 29 17 25 111 33 21 63 58
Route #7: 300 291 292 307 281 286 285 297 326 323 303 287 284 274 126 244 296 317 316 294 293 127
Route #8: 310 18 252 378 374 372 366 375 365 27 69 73 61 368 55 361 364 394 312 309 393 392 373 1
Route #9: 358 299 305 369 314 335 342 343 324 388 352 381 384 362 363 379 336 356 339 345 328 325 295 318
Route #10: 277 395 147 121 30 26 94 95 42 41 66 380 346 45 46 10 389 40 390 74 282 270 205 391
Route #11: 83 177 39 322 228 265 183 385 2 44 131 382 216 22 137 370 101
Route #12: 105 116 7 36 256 34 155 173 353 59 139 224 50 9 301 23 82 79 156 377
Route #13: 15 289 338 239 32 354 93 268 263 275 283 259 132 279 76 56 218 290
Route #14: 28 31 86 85 3 8 6 51 64 103 65 253 278 37 52 166 178 106 35 114
Route #15: 176 304 4 112 160 207 367 84 99 96 269 186 14 162 109 161 329 190 89 175 334 104
Route #16: 272 78 77 87 195 185 125 119 53 198 333 134 117 91 100 355 231 238 230 331 225 264 102 12 171
Route #17: 219 258 330 142 144 235 97 145 206 128 213 5 150 223 71 129 302 163 212
Route #18: 332 222 386 184 201 208 203 199 376 43 371 16 146 124 196 197 140 72 181 204 202
Cost 181855
Time 1037.22
