Route #1: 32 349 239 5 202 222 297 76 383 108 288 213 77 378 254 200 149
Route #2: 84 223 55 357 69 46 74 322 209 361 114 247 2 198 92 126 89 151 129 388
Route #3: 196 166 392 339 47 14 36 265 138 291 323 192 273 70 157 158 29 80 343 250 391 233
Route #4: 346 230 353 377 373 105 169 344 326 311 290 283 64 245 350 219 289 397 270 191 307 370 369
Route #5: 61 205 352 22 316 342 13 132 190 102 182 37 309 38 156 26 63 294 195
Route #6: 39 287 143 72 53 338 335 300 304 106 371 317 181 303 372 148 298 259 276 282 154
Route #7: 8 49 48 285 327 241 96 395 52 68
Route #8: 58 374 235 75 3 121 134 188 160 87 268 227 12 98 19 86 232
Route #9: 50 225 165 97 243 170 35 79 179 385 365 380 171 153 189 6
Route #10: 57 135 73 360 164 99 94 110 386 140 305 264 59 306 237
Route #11: 118 85 115 1 277 355 137 308 356 43 333 330 93 217 7 332
Route #12: 40 113 248 367 104 234 340 88 279 334 31 56 257 71 109 167 18 28 256 123
Route #13: 286 266 278 112 10 296 368 25 95 210 269 280 82 78 358 220 124 111 168 107 272
Route #14: 312 387 62 284 161 197 229 319 128 180 133 375 382 174 275 295 384 65 320
Route #15: 324 41 100 130 187 260 390 302 122 162 274 281 9 354 299 267 211
Route #16: 396 139 252 83 347 120 246 66 177 226 364 172 146 212 216 251 258 221 176 131 224 399 313
Route #17: 215 30 186 242 119 362 261 376 21 214 379 337 398 207 144 341 45 125 42 318 381 23 262
Route #18: 255 336 150 127 348 263 116 184 240 117 185 393 24 193 331 228 329
Route #19: 51 389 310 16 15 203 194 91 81 301 238 178 11 244 359 271 101 20 60 201 351 204 293
Route #20: 325 136 253 315 206 152 147 155 159 163 236 208 366 199 231 321 345 17 183 90 142
Route #21: 249 33 4 34 173 141 363 218 394 103 175 67
Route #22: 27 54 314 328 292 145 44
Cost 251259
Time 660.382
