Route #1: 217 232 82 77 266 191 233 17 124 323 140 50 235 58 170
Route #2: 246 110 248 274 213 179 45 152 223 242 196 229 64 116 163 34 111 65 56 107
Route #3: 109 230 280 11 275 255 273 189 123 176 261 62 28 68 141 282 310 195 319 184 279 84
Route #4: 80 21 133 142 144 221 129 143 198 41 270 247 311 155 322
Route #5: 220 89 115 293 256 94 286 183 75 267 225 209 37 76 165 208 245 27 302 128 154
Route #6: 234 55 83 22 236 24 308 18 190 136 325 54 193 48 104 277 303 295 33 53 156 306 60
Route #7: 197 93 160 49 139 253 297 269 114 174 69 71 222 314 157 216 260 290 252 101 44 244
Route #8: 97 13 316 205 207 166 250 271 257 168 185 161 30 137 318 26 52 145
Route #9: 326 4 263 35 125 8 299 74 9 7 304 201 72 162 148 243 296 1
Route #10: 91 29 78 181 159 315 298 292 63 100 23 6 215 5 20 272 51 177
Route #11: 19 289
Route #12: 43 108 61 203 164 85 120 39 172 305 38 98 204 285 113 265
Route #13: 36 73 169 86 12 268 211 118 259 42 199 25
Route #14: 307 126 150 106 281 117 59 90 119 178 188 180 3 146
Route #15: 313 254 87 206 288 218 210 320 16 88 2 237 131
Route #16: 212 122 226 135 262 79 14 231 167 96 294 301 187 32 134 186 151 240 81 283 291 238 99 132 309 105
Route #17: 47 149 276 251 287 70 224 121 249 46 95 158 284 153
Route #18: 321 102 312 300 227 173 214 194 182 219 192 241 175 138 200 10 40 258 147 103
Route #19: 66 228 171 15 202 264 317 92 130 31 239 278 324 112 57 127 67
Cost 230626
Time 401.581
