Route #1: 137 140 110 98 122 141 60 4 24 112 111 130 249 15 80 17 95
Route #2: 68 229 99 49 211 152 133 223 149 52 71 94 138 84 117 66 48 51 45 164
Route #3: 97 79 205 70 254 127 136 61 128 118 166 160 161 30 147 206 58 26 244 228
Route #4: 134 38 139 33 40 257 42 153 239 165 85 44 91 158 235 103 253 41 43 86
Route #5: 201 126 224 62 50 23 72 121 54 69 78 6 159 32 219 5 1 2 34 21 150 76
Route #6: 185 7 238 57 20 55 47 46 25 252 250 240 16 29 37 263 259 247 261 255 8 177 197 199 202 172
Route #7: 3 114 81 92 56 35 168 123 31 181 212 200 213 214 245 231 12 209 188 184
Route #8: 59 173 108 241 246 258 236 251 207 193 196 260 195 169 234 242 11 19 27 22 53 256 39 232
Route #9: 176 208 190 218 203 248 237 233 18 10 13 204 9 194 262 131 67 132 135 154 64 187 180
Route #10: 226 243 225 167 183 113 186 198 189 182 178 179 191 145 124 215 129 144 28 216 125
Route #11: 192 146 88 142 174 87 230 104 106 100 96 73 74 75 217 89 163 171 93 221 227 102 222 90 210 220
Route #12: 155 36 175 116 120 162 148 151 105 143 107 14 170 109 83 101 115 82 63 65 77 119 157 156
Cost 131687
Time 442.262
