Route #1: 228 14 249 255 250 247 221 220 209 206 199 205 19 204 229 10 16 237 230
Route #2: 251 20 33 36 22 24 25 191 32 149 26 115 11 90 5 4 253
Route #3: 160 159 161 154 146 214 128 242 252 110 202 23 189 194 193 187 80 34 52 9 7 29
Route #4: 240 241 201 197 196 72 238 227 225 178 185 210 212 213 141 215 153 222 158 156
Route #5: 92 234 186 121 117 235 166 224 175 174 173 3 177 6 8 208 188 190 254
Route #6: 95 113 79 120 106 111 126 131 151 122 163 136 125 88 68 42 232
Route #7: 233 116 124 152 119 236 203 207 40 226 74 211 179 150 145 181 155 167 169 164 172 198
Route #8: 133 127 147 144 132 165 112 107 135 89 81 82 93 97 86 108 114 139 140 91 85 76
Route #9: 183 129 246 217 18 30 41 61 239 162 39 47 49 102 43 53 77 48
Route #10: 45 51 87 98 57 56 176 219 70 195 200 168 134 96 148 138 94 137 130 244 157
Route #11: 38 28 63 64 35 31 17 109
Route #12: 248 180 65 118 101 123 216 44 37 73 1 2 27 55 243 46 218 12
Route #13: 223 69 66 67 184 21 54 100 103 192 170 171 182 143 105 60 99 84
Route #14: 71 62 75 59 58 50 83 231 78 13 104 15 142 245
Cost 101489
Time 742.702
