Route #1: 237 173 364 209 227 165 134 144 257 51 265 340 111 5 380 2 45 95 254 210 228
Route #2: 281 381 46 294 176 89 6 263 253 318 272 196 195 73 138 169 208 75
Route #3: 50 64 378 250 202 154 107 125 102 159 124 16 15 120 100 98 70 119 8 305 53 349
Route #4: 57 188 81 153 91 132 123 166 157 207 218 44 303 190 199 92 101 74 151 162 222 223 203
Route #5: 277 291 3 28 42 1 67 82 72 83 26 41 113 118 96 105 143 145 104 117 116 133
Route #6: 193 326 379 61 55 56 49 155 14 130 112 110 351 390 389 58 84 86 128 383 350 319
Route #7: 152 68 255 121 94 266 296 114 311 258 345 344 62 244 80 217 187 179 78 163 79 90
Route #8: 40 108 115 93 99 131 146 122 148 158 141 171 211 181 177 186 192 168 142 129
Route #9: 347 76 106 359 175 304 259 27 127 315 332 348 63 366 361 341 339 194 201 322 360
Route #10: 234 251 216 221 256 245 239 260 220 269 103 282 54 85 312 317 328 297 215 365 69 65 77
Route #11: 135 185 183 150 242 178 314 182 23 160 301 310 300 276 238 174 180 235 240 161 197 140
Route #12: 164 109 139 156 170 167 198 205 213 212 219 236 233 267 284 298 252 295 249 71
Route #13: 287 204 225 206 368 126 352 136 137 373 189 330 214 279 278 280 231 268 191 271 226 149 147
Route #14: 264 325 246 247 232 343 248 342 243 338 327 241 230 229 200 224 336 334 362
Route #15: 307 292 289 290 323 367 320 370 356 274 335 275 316 286 329 321 306
Route #16: 324 299 273 353 283 358 376 262 261 372 288 374 293 331 333 31 346 384
Route #17: 33 386 387 309 313 302 308 285 270 10 17 11 184 172 25 18 12 9 30 87 88 19
Route #18: 4 357 39 337 34 32 43 377 52 385 97 371 375 47 48 36 35 363 60 7 354
Route #19: 13 355 369 20 382 29 38 37 22 66 59 21 24 388
Cost 134667
Time 815.456
