Route #1: 10 20 200 107 5 2 81
Route #2: 61 24 167 1 92 80 86 183 120 42 15 170 119 76 203 31 101 18 63 151
Route #3: 186 100 95 149 74 168 148 45 33 155
Route #4: 128 178 28 158 191 46 201 41 38 179 162 43 117 96 206 35 111 102 52 130 89 69 73 142
Route #5: 17 205 195 77 91 34 197 113 126 194 22 165 202 133 123 82 93 26
Route #6: 192 67 47 198 79 152 29 131 108 27 54 114 88 146 49 188 166 164 98 23 139
Route #7: 208 37 56 32 66 106 143 11 132 187 181 147 59
Route #8: 30 204 196 44 129 83 39 124 175 156 4 16 177 105 68
Route #9: 103 180 85 25 60 72 157 50 109 21 184
Route #10: 171 97 62 116 173 190 70 140 144 161
Route #11: 75 127 84 135 136
Route #12: 172 14 8 110 159 185 137 145 19 163 125 99
Route #13: 78 104 48 36 65 7 199 55 12 58 176 169 121 112 53 160 150 57 154 94
Route #14: 138 122 9 118 3 189 134 193 141 40 115 207 87 90 13 51 71 6 182 153 64 174
Cost 170436
Time 141.613
