Route #1: 218 356 37 328 243 393 395 6 300 385 236 272 16 173 149 263 330 288 98 412
Route #2: 372 403 200 50 21 224 319 167 60 187 387 117 240 184 252 296 103 237 52 189 340
Route #3: 216 358 97 256 317 307 357 122 35 179 125 45 87 154 39 101 207 274 132
Route #4: 174 301 108 53 186 280 386 197 306 337 321 188 177 294 44 130 102 291 89
Route #5: 246 74 227 399 211 46 32 63 34 235 25 334 338 284 62 221 143 17 175 349 82 116 75 408 360 107
Route #6: 109 40 346 375 158 124 118 55 348 111 336 287 303 133 278 242 178 18 79 180 392
Route #7: 49 325 162 388 19 342 128 36 192 333 314 239 146 232 112 95 138 23
Route #8: 100 261 169 367 355 241 353 416 15 205 295 8 195 159 361 99
Route #9: 24 161 351 129 66 364 31 377 136 413 249 332 151 182 191 94 350
Route #10: 411 165 42 41 141 394 309 209 202 10 206 405 183 230
Route #11: 115 254 373 90 376 193 127 47 268 310 363 126 65 110 368 225 398 269 370
Route #12: 396 285 229 153 391 339 322 150 226 228 347 279 212 114 4 406 308 27 312 390
Route #13: 257 194 78 77 93 264 54 255 365 51 329 382 68 88 323 12 343 277 276 213 91 58 266 30
Route #14: 172 381 84 123 273 120 137 11 397 92 106 371 80 316 198 85 270 407 83 259 121
Route #15: 168 26 81 215 210 320 275 160 20 1 262 70 69 73 223 282 96 354 271 327 155 201 163 176
Route #16: 409 105 251 67 374 166 199 389 104 289 135 253 48 293 244 76 238 283 56 22 208 28 86
Route #17: 152 9 378 324 144 305 258 5 286 260 298 326 214 401 297 203 139 265 185
Route #18: 400 380 345 245 299 59 204 164 57 29 410 292 250 311 366 248 304 267 142 281 131 148 119 196 2 3
Route #19: 331 233 344 384 113 156 231 61 335 362 234 140 247 64 369 33 318 181 134 352 43
Route #20: 71 14 13 170 414 217 415 72 220 359 341 157 147 315 402
Route #21: 7 222 383 290 219 313 145 171 404 379 302 38 190
Cost 228594
Time 248.688
