Route #1: 50 47 32 29 108 90 101 27 26 14 206 40 211 203 190 110 99 38 209 195 196
Route #2: 46 86 83 213 55 207 175 157 54 113 131 172 173 147 170 168
Route #3: 167 210 37 42 92 214 212 193 192 185
Route #4: 65 94 117 119 148 53 64 21 17 220 135 129 68 180 179 178 95 169 184 215 105 16
Route #5: 163 166 146 128 197 15 78 80 22 71 142 97 181 186 182 151 164 165
Route #6: 82 127 189 133 18 61 45 60 201 13 24 74 76 63 8 10 12 4 52
Route #7: 219 125 20 6 11 122 59 217 1 183 187 174 158 194 218 216 103 124
Route #8: 33 58 85 79 112 23 104 19 9 140 121 116 77 143 106 102 69 75 48 44 156 34 137 91
Route #9: 62 98 51 188 2 205 35 72 100 87 89 109 120 111 115 36 66 149 138 141 134 118 154
Route #10: 160 176 57 25 43 31 3 56 49 144 136 162 39 126 67 153 177 28 7 159 96
Route #11: 73 139 70 208 114 161 81 202 88 84 198 199 107 41 93 200
Route #12: 152 191 204 5 30 150 171 132 155 130 145 123
Cost 131395
Time 127.475
