Route #1: 327 13 229 36 212 222 179 325 328 102 68 39 192 191 41 205 339 267 300
Route #2: 290 318 257 48 25 263 21 23 19 14 9 12 223 16 218 217 232 261
Route #3: 262 284 109 165 189 252 107 250 258 245 227 181 213 153 154 157 228 185 203 280
Route #4: 270 294 80 184 331 334 226 169 162 251 289 240 234 312 296
Route #5: 246 77 71 125 219 183 298 285
Route #6: 8 11 91 194 271 110 42 96 26 81 193 85 236 55 89 301
Route #7: 247 67 182 66 282 152 255 264 176 265 233 209 316 329 63 333 295 126 319 136 106 307
Route #8: 332 338 56 216 259 20 51 57 145 97 33 337 330 225 288 148 163
Route #9: 44 30 112 143 175 98 146 53 168 186 187 211 158 18 124 133 95 94 7 315 6 62 73 198 28 197
Route #10: 275 161 304 324 201 244 35 128 118 117 108 115 314 320 303 10 254 249 239 64 70
Route #11: 40 58 180 52 61 200 308 160 155 43 167 171 172 1 147 135 140 59 60 32
Route #12: 302 123 38 49 173 100 138 220 238 323 274 4 24 65 83 86 231 93 116 149 235 256 253
Route #13: 101 84 224 230 260 287 5 103 313 309 17 34 82 87 104 114 113 50 72 305 159
Route #14: 268 130 22 46 199 215 37 322 31 188 151 221 242 276 273 277 278 311 241
Route #15: 99 196 132 170 127 92 131 141 15 204 202 79 156 266 3 272 243 78 321 281 2
Route #16: 326 190 119 129 269 29 120 88 248 27 47 45 150 166 144 90 237 335 336 105
Route #17: 210 291 139 306 206 207 310 317 164 177 121 54 286 178 122 214 208
Route #18: 293 292 195 297 74 76 174 279 69 75 111 134 142 137 299 283
Cost 191055
Time 594.333
