Route #1: 135 230 208 172 173 249 107 239 242 241 238 147 166 149 148 102 111 235 145 138 139 137
Route #2: 103 62 4 243 236 42 43 123 285 175 92 247 251 248 174 217 244 182 178 177 176 237 26
Route #3: 180 240 58 220 25 89 259 10 232 204 205 21 190 49 158 171 225 85 31
Route #4: 197 261 283 12 101 78 65 67 82 266 83 84 87 97 115 113 64 183 282 192 120
Route #5: 246 119 52 224 200 86 209 268 28 278 269 179 264 222 255 11 79 27 257 256
Route #6: 157 40 109 155 165 161 160 272 270 196 168 156 75 150 151 47 125 61 112 51 77 88 53 39
Route #7: 9 8 34 35 142 30 124 59 60 136 274 211 191 38 195 7 6 281 5 33 98 36 91
Route #8: 117 122 194 146 198 16 74 73 56 46 63 80 18 72 22 93 118 245 96
Route #9: 202 227 258 252 267 128 23 219 99 32 184 81 13 14 253 41 159 104 154 100 210 94 162 15 234
Route #10: 250 76 279 24 57 66 216 226 218 207 229 233 19 153 48 169 263 54 95 271 134 69
Route #11: 231 280 116 143 167 265 228 206 144 164 185 110 212 262 277 45 37 90 132 199 105 106
Route #12: 170 29 186 152 108 129 193 70 71 163 201 141 68 213 114 140 223 187 203 276 55 127 44 188
Route #13: 133 2 3 284 273 260 181 221 20 126 189 1 121 131 130 50 275 215 214 254 17
Cost 94263
Time 333.544
