Route #1: 88 77 93 83 128 129 102 112 133 160 145 119 143 123 19 163 153 161
Route #2: 6 158 154 157 198 196 192 209 187 229 232 74 194 195 4 193 236 12 134 226 144 235 186 183
Route #3: 65 18 202 152 168 218 189 68 167 184 135 138 84 146 69 70 100 118 124 73 17
Route #4: 136 212 203 200 227 225 223 216 3 16 21 217 215 221 40 56 57 81 20 23 90 39 35 220 224
Route #5: 15 231 58 64 25 36 98 99 41 22 24 29 5 228 211 210 206 204 190 180 191 175 179
Route #6: 86 177 1 207 101 170 139 147 87 13 32 52 171 222 60 59
Route #7: 213 34 49 48 166 150 96 149 164 44 27 51 8 11 9 50 234 47 10 137 42 181
Route #8: 201 176 33 103 115 182 45 174 219 205 37 106 38 104 110 43 208 188 78 82 75 76 165
Route #9: 53 26 62 92 122 109 66 30 199 151 31 148 156 80 214 131 111 126 125 94 105 116 71
Route #10: 233 61 172 114 159 108 2 91 197 185 142 7 14 169 132 85 72 230
Route #11: 120 121 95 28 89 162 130 141 107 113 117 140 127 178 173 97 63 46 79 54 55 155 67
Cost 110528
Time 250.369
