Route #1: 236 216 234 258 208 10 179 243 231
Route #2: 127 126 15 120 197 201 199 215 203 174 145 185 182 200 202
Route #3: 157 36 78 92 52 139 41 38 21 133 173
Route #4: 131 150 119 49 33 172 175 264 254 34 117 68 14 257 4 75 220 102 26
Route #5: 144 148 214 61 67 77 240 55 229 235 142 72 162 170 81 245 181
Route #6: 69 132 124 13 43 70 64 205 213 207 219 176 98 143 209 135 71 122 104 39 28 260
Route #7: 80 86 40 156 155 194 59 112 134 118 114 9 263 94 89 50 46 101
Route #8: 24 11 237 204 166 85 223 222 3 224 196 88 108 100 189 188 106 99 228 90 191
Route #9: 250 37 247 147 54 255 259 62 241 60 221 238 136 130 17 218 232 42 97 6
Route #10: 84 164 116 65 128 105 76 45 123 74 25 23 12 29 239 19 125 161 160 2 190
Route #11: 140 18 27 20 63 8 265 249 251 252 167 217 261 73 107 5 22 31 186 195
Route #12: 211 193 192 87 66 103 47 48 35 91 153 96 30 226 262 233
Route #13: 154 183 210 138 149 16 32 109 111 57 129 110 58 113 83 159 227 115 44
Route #14: 53 51 79 82 198 184 256 177 95 169 146 242 1 165 158 230 141 152 121 137 93 56
Route #15: 248 246 206 168 151 180 163 178 253 171 187 225 7 244 212
Cost 146523
Time 366.034
