Route #1: 320 315 311 317 20 13 342 350 25 12 39 15 1 331 352
Route #2: 260 3 106 117 82 278 27 209 261 22 289 178 133 340 344 24 334 321
Route #3: 8 286 295 285 284 266 228 231 237 225 253 254 279 271 247 263 270
Route #4: 351 269 226 292 291 288 322 235 244 264 281 280 336 259 338 349 332 325 337 318
Route #5: 355 262 282 272 252 347 316 307 132 131 313 301 300 299 305 221 314
Route #6: 353 164 111 330 341 153 158 152 141 19 177 14 229 7 6 274 265 256 304
Route #7: 206 142 241 245 287 176 195 309 207 184 201 346 354 18 5 11 10 240 246
Route #8: 55 258 236 242 217 251 215 213 218 216 255 243 214 203 250 293 171 335 96 343
Route #9: 146 94 170 159 120 124 187 202 188 211 196 224 220 230 179 186 189 183 100
Route #10: 154 166 193 155 248 150 144 148 294 147 73 319 308 277 173 257 222 41 298 126 296
Route #11: 38 58 110 84 79 78 77 62 83 210 232 208 162 160 167 165 204 129 136 127 119 118 143
Route #12: 28 33 51 44 67 75 95 105 121 128 112 113 123 81 74 88 66 63 61 302 40
Route #13: 273 312 26 327 21 23 32 30 17 85 72
Route #14: 192 93 310 138 37 64 198 52 161 157 48 59 76 56 35 68 45 65 53 43 9 290
Route #15: 49 297 182 104 149 101 163 174 134 238 16 145 249 275 69 54 116 97 70 42 92 89
Route #16: 71 276 125 50 29 200 219 4 199 172 135 122 115 47 303 267 2 323 324 86 57 205
Route #17: 109 333 345 169 339 190 46 87 60 114 90 107 306 283 99 180 233 326 185 137 98 36
Route #18: 34 175 194 197 31 80 348 223 239 212 329 328 268 181 102 227 191 234 91
Route #19: 168 103 151 139 156 140 130 108
Cost 144854
Time 425.899
