Route #1: 111 263 115 60 179 95 219 243 156 120
Route #2: 1 108 237 133 30 117 59 250 126 78 193 119
Route #3: 201 113 218 192 9 66 186 211 223
Route #4: 217 196 61 76 175 162 159 140 233 143 222 146 164 103 194 13 150 244 14
Route #5: 7 40 64 106 241 234 261 155 262 144 79 123 110 232 27 157 168 260 259 37 87 167
Route #6: 226 215 46 158 10 161 220 214 208 145 24 172
Route #7: 43 182 227 47 54 72 73 71 116
Route #8: 188 183 58 240 206 96 184 141 92 204 149 128 29 38
Route #9: 28 2 205 248 130 62 185 57 213 48 195 93 94 255 41 249
Route #10: 257 202 102 190 225 11 12 34 198 127 112 135 36 230 203 56 197 82 67 245 15 142 99 86 212
Route #11: 148 239 100 163 216 152 75 42 77 65 18 253 251 171
Route #12: 4 118 151 209 89 170 45 231 121 16 191 101 153 122 44 176 169 22 19 90
Route #13: 69 246 166 8 236 139 125 235 23 68 134 210 177 84 85 63 55 53
Route #14: 189 109 70 49 160 224 256 35 31 52 138 221 173 39 174 74
Route #15: 6 187 252 178 124 20 21 238 180 50 107 129 200 5 136 105
Route #16: 104 32 247 88 154 33 114 242 228 51 229 97 137 147 25 207 132 3 17
Route #17: 181 165 254 26 81 258 91 199 83 131 80 98
Cost 178124
Time 129.574
