Route #1: 166 232 22 131 132 184 222 153 135 113 109 90 6 99 101 123 108 103 97 21 245 40 162 59
Route #2: 229 158 140 133 118 102 91 86 85 142 243 146 147 120 2 170 181 145 136 167
Route #3: 193 165 37 129 31 15 14 32 3 71 82 83 134 157 89 164 152 112 88 65 61 58 43
Route #4: 168 84 67 50 1 151 128 126 160 115 189 104 110 224 121 213 219 119 194 207 53 41 33 227
Route #5: 197 205 200 236 4 242 209 246 210 13 241 244 5 12 9 199 239 237 220 231 218 187 226
Route #6: 27 62 196 195 201 212 216 238 16 17 68 26 25 23 60 230 98 20 18 111 47
Route #7: 114 76 137 176 235 51 55 63 24 228 206 93 96 75 240 73 80 44 34 39 161 247
Route #8: 81 106 214 143 69 225 122 30 173 179 192 183 202 185 159 156 172 171 87
Route #9: 150 148 178 188 190 198 203 221 215 217 211 180 49 42 64 174 125 117 28 130 175 163 107 19 78 77
Route #10: 138 45 94 74 57 105 70 92 54 7 11 154 204 182 144 36 8 38 35 29
Route #11: 177 46 149 169 95 139 186 141 66 52 56 116 223 124 48 127 100 72 233 10 155 191 79 208 234
Cost 123315
Time 442.198
