Route #1: 51 11 219 194 382 277 148 59 168 433 131 230 234 23 49 182 255 178 64 72 455
Route #2: 248 155 60 442 199 350 301 149 235 276 272 279 33 40 453 449 85 140 302 360 278 3
Route #3: 206 196 246 67 450 63 118 116 125 141 153 142 174 162 271 448 143 310 106 146 128 268
Route #4: 156 113 170 227 243 83 129 74 53 123 70 21 1 7 12 18 20 22 19 169 73
Route #5: 107 318 167 165 241 288 122 406 282 295 184 82 80 101 446 137 293 305 135 316 181 188
Route #6: 105 308 237 111 164 98 158 100 287 231 9 28 102 407 97 66 397 436 418 409 401
Route #7: 36 84 99 93 290 240 147 266 265 309 62 307 292 385 15 371 198 45
Route #8: 187 300 395 205 130 338 233 150 345 441 134 306 27 263 250 269 68 2
Route #9: 24 346 172 314 77 91 75 104 108 103 428 427 92 432 65 119 50 236 383
Route #10: 61 252 384 76 342 152 421 451 426 439 438 420 415 411 408 399 376 374 368 364 132
Route #11: 429 403 402 405 404 394 372 390 398 389 333 331 317 327 160 114 242 32 90 88
Route #12: 425 431 456 443 42 35 43 87 109 96 78 79 81 58 54 57 56 416 430 358 344 340
Route #13: 286 335 69 127 440 38 37 145 136 151 46 183 89 171 115 112 26 126 417 410 86
Route #14: 337 8 349 363 359 365 30 381 392 133 48 47 44 412 414 17 380 369 373 366 361 447 352 334
Route #15: 303 304 296 419 423 329 457 459 458 460 348 4 362 25 298 378 29 354 6 422 322 319 353
Route #16: 324 16 355 396 244 251 261 264 273 297 311 323 313 320 357 393 343 370 377 347 375 332
Route #17: 315 321 336 367 356 339 341 328 330 325 388 291 413 424 444 445 454 238 239 220 280
Route #18: 274 216 259 232 283 284 262 326 163 285 144 201 185 190 202 212 254 294 223 213 175 249 247 191 203 245 208
Route #19: 161 157 228 221 225 226 256 312 289 299 5 270 275 281 94 31
Route #20: 197 229 391 452 13 41 386 387 124 154 39 159 180 193 117 120 10 379 14 437
Route #21: 207 211 217 260 210 209 173 400 435 434 179 253 204 95 258 214 218 52 177 189 195 257 215
Route #22: 351 110 139 267 55 200 222 34 192 176 166 138 186 121 224 71
Cost 192141
Time 2158.51
