Route #1: 137 80 45 18 99 120 68 98 5 107 180 96 182 26 110 50 173 204 138 168 163 61 142
Route #2: 43 134 51 77 202 59 6 2 44 47 106 66 140 169 101 37 145 52 40 95 156 89 122
Route #3: 166 73 78 31 93 148 30 130 69 109 35 85 135 124 195 181 115 141 20
Route #4: 162 33 25 165 90 76 87 161 105 13 55 143 194 116 129
Route #5: 8 16 197 201 7 108 146 103 11 200 164 183 21 70
Route #6: 188 92 139 117 203 72 94 49 42 132 136 19 88 174
Route #7: 151 82 121 167 27 91 191 39 65 57 102 123 152 67 12 60 171
Route #8: 198 160 187 75 10 1 22 32 81 48 62 157 186 189 119 118 58 114
Route #9: 179 15 155 193 128 56 158 53 144 46 74 196 175 34 154 63 14 112
Route #10: 127 147 29 3 38 113 17 177 172 170 126 176 125 79 178 190 23 24 84 97 41 184 192
Route #11: 131 9 159 153 111 86 199 36 28 185 104 4 100 54 83 150 71 133 149 64
Cost 76065
Time 180.608
