Route #1: 147 174 128 146 129 38 63 79 43 13 87 162 6 85 41 167 180 137 202 203
Route #2: 47 92 140 91 37 40 61 51 83 98 157 74 126 88 195 76 12 182 132 52 166
Route #3: 186 28 158 90 11 32 109 112 106 165 31 133 7 188 65
Route #4: 148 168 193 136 69 23 2
Route #5: 139 161 3 78 71 117 194 177
Route #6: 196 150 81 123 4 84 60 59 100 55 125 181 15 17 8 160 36
Route #7: 114 18 99 183 154 46 163 94 20 73 145
Route #8: 66 110 24 21 103 179 141 118 16 95 190 105
Route #9: 96 45 185 9 135 171 144 169 104 70 172 200 58 127 119 97 35 19 53 149 142
Route #10: 107 77 187 122 120 156 138 175 48 115 30 170 49 191 44 80
Route #11: 197 68 72 121 189 10 5 108 164 33 42 153 152 192 155
Route #12: 111 201 75 93 159 54 27 178 101 151 113 134 67 143 173 39 116 102 34 14
Route #13: 176 50 26 25 29 22 199 62 1 86 82 184 131 64 89 124 57 198 56 130
Cost 148041
Time 103.522
