Route #1: 198 235 64 272 273 169 142 216 106 171 150 195 10 57 21 54 52
Route #2: 248 46 41 31 15 32 190 37 7 168 199 129
Route #3: 256 60 278 100 267 233 120 49 180 34 266 30
Route #4: 209 6 67 65 117 116 109 101 264 25 181 138 143 61 92 27 50 170 33 36 26
Route #5: 51 254 122 271 102 105 226 200 286 186 300 258 161 70 165 227 160 78 261
Route #6: 212 211 217 164 153 269 222 193 88 115 159 187 113 276 19 132 126
Route #7: 225 145 144 283 275 38 228 223 53 218 287 8 280 277
Route #8: 76 79 154 108 201 94 107 183 298 176 292 121 68 166 250 262 147 135 16 215
Route #9: 240 208 288 243 246 244 14 43 80 55 152 112 196 197
Route #10: 294 137 86 40 39 207 251 156 18 73 185 1 118 13 82 127
Route #11: 291 203 220 184 136 81 17 178 182 219 230 71 29 42 44 28 22 9 151 139 242 97
Route #12: 162 74 131 167 179 173 119 188 204 213 202 177 85 232 98 241 146 158 83 148 66 104
Route #13: 11 296 295 111 175 99 12 268 59 290 56 75 91 281 299 282 103 96 221 285 293
Route #14: 48 245 238 124 236 206 133 123 140 149 192 189 249 110 84 194 172 130 87 237 45 23
Route #15: 163 279 90 205 174 191 134 58 93 270 247 3 2 265 239 114 157 72 125 224
Route #16: 63 253 274 252 297 141 231 62 210 5 289 4 214 284 77 255 128 89
Route #17: 155 234 35 20 69 229 263 47 24 260 95 259 257
Cost 166758
Time 330.501
