Route #1: 26 27 296 180 237 140 41 90 150 208 78 50 248 157 81 196 159 125 239 260
Route #2: 19 221 135 199 117 116 176 303 326 255 13 12 33 155 37 309 158
Route #3: 127 51 251 311 63 297 271 247 283 194 171 293 307 99 118 110 97 101
Route #4: 259 119 1 4 58 280 34 258 228 40 267 331 7 170
Route #5: 329 243 10 183 147 227 146 310 166 214 192 47 59 245 60
Route #6: 235 56 193 314 215 89 186 115 142 318 335 230 210 28 151 162 233 138
Route #7: 301 3 287 169 313 232 128 62 273 98 225 123 284 289 134 52 269 73 22
Route #8: 76 246 330 121 156 70 44 178 220 209 325 31 141 67 66 222 103 69
Route #9: 93 82 133 74 42 323 68 217 322 92 264 131 216
Route #10: 290 139 189 207 304 229 234 315 36 223 202 129 179 288 91 100 14 104
Route #11: 206 327 148 149 24 294 96 316 87 107 240 108 79 250 191
Route #12: 17 137 177 300 154 278 224 266 55 274 163 165 203 83
Route #13: 112 195 145 75 30 106 174 15 305 35 113 256 292
Route #14: 39 6 126 29 160 144 218 88 172 9
Route #15: 11 38 184 164 54 124 130 261 153 188 72 64 80 86 328
Route #16: 120 231 244 190 45 49 84 198 201 253 173 257 111 43 205 219
Route #17: 122 136 2 105 167 8 32 320 262 302 321 114 308 252
Route #18: 312 102 332 282 275 238 226 279 182 286 61 242 48 23
Route #19: 299 281 65 241 291 57 5 263 265 16 200 276 277 333 71 319 317
Route #20: 18 161 168 77 21 185 20 298 109 53 285 268 95 211 187 213 25 272 197 152 324 295
Route #21: 212 181 132 204 175 236 85 143 306 270 94 46 249 254 334
Cost 219279
Time 317.295
