Route #1: 234 200 90 220 149 8 7 274 183 23 81 34 131 141 2 91 37
Route #2: 265 254 217 143 120 169 76 115 46 56 117 212 78 282 65 146 66 35 142 160 296
Route #3: 157 151 260 298 88 60 59 62 31 175 173 266 72 27 29 207
Route #4: 57 237 144 195 77 275 106 210 294 108 247 174 75 214 136 226 193 70 51 116
Route #5: 130 45 206 107 197 118 6 33 203 201 153 248 264 127 244 74 243 40 297 293
Route #6: 168 198 15 58 109 26 16 236 69 154 71 52 204 83 132 49 67 276 122
Route #7: 18 235 216 126 104 241 96 50 250 111 257 223 178 145 82 300 184
Route #8: 101 271 222 164 224 92 176 135 21 150 124 138 286 114 112
Route #9: 269 53 230 185 273 238 291 290 80 256 179 289 30 225 228 287 119 187 188 181
Route #10: 209 14 231 281 186 5 134 165 278 129 63 196 68 270 253 249 28 221 89 139 189 246
Route #11: 163 99 152 13 263 85 284 9 95 32 190 213 123 17
Route #12: 12 194 128 110 25 166 100 205 180 148 79 87 283 3 113 301 42 125 167 251
Route #13: 171 161 280 299 48 233 47 86 261 103 98 262 137 277 73 43 258 259 177 229 279 170 242
Route #14: 215 240 159 272 227 218 133 4 10 199 292 202 36 38 19 97 147 105 121
Route #15: 94 268 64 155 182 84 295 288 285 54 211 156 24 191 20 208 245 140 61 55
Route #16: 239 158 1 11 93 44 41 232 219 267 22 255 39 102 252 192 172 162
Cost 211131
Time 374.047
