Route #1: 245 299 274 60 267 125 420 413 324 357 162 128 185 152 94 72 177 182 418 108 67 393
Route #2: 313 321 327 354 376 397 407 93 96 103 98 90 104 422 55 19 412 417 414 28 36 254 56
Route #3: 255 31 34 101 69 419 202 44 346 337 322 307 314 71 137 222 405 256 131 140
Route #4: 358 78 77 160 390 58 70 400 392 401 11 391 380 377 375 366 331 336 320 349 341 329 304
Route #5: 272 269 63 79 372 97 112 113 16 421 12 13 387 46 398 43 395 394 363 76 343 344
Route #6: 10 119 249 147 250 273 271 257 149 133 270 290 330 348 317 169 406 411 403 389 186 318 20 281 292
Route #7: 383 364 365 379 188 33 38 52 221 92 118 148 143 81 80 102 99 91 212 136 234 278
Route #8: 9 246 415 242 230 228 158 146 157 156 192 236 258 178 266 29 306 240 191 184 244
Route #9: 360 262 333 167 175 154 35 227 231 5 189 370 219 95 180 338 129 4 179 381 353 166 261 355 151
Route #10: 51 61 388 209 87 3 325 216 312 32 126 203 378 190 172 141 194 263 21 6 62 339 197 217
Route #11: 371 142 368 163 66 45 64 215 73 65 288 109 198 139 165 111 409 74 251 287 385 369
Route #12: 199 305 204 374 153 42 259 334 361 2 350 85 300 27 302 1 8 362
Route #13: 293 41 220 260 359 200 408 352 173 150 82 386 23 100 218 340 226 176 89 335 127 15 138
Route #14: 22 40 145 285 120 117 106 233 214 332 309 399 243 193 110 294 205 213 252 37 326
Route #15: 423 49 134 124 210 208 144 50 39 373 229 384 48 57 14 283 410 196 342 277 247 248 296 276 235 284
Route #16: 88 347 68 54 264 132 122 239 121 159 170 155 171 207 316 211 84 105 195 402
Route #17: 404 396 53 275 75 323 308 319 174 164 161 223 206 59 17 18 123 265 268 253 24 291
Route #18: 315 7 279 168 295 107 26 282 25 86 130 183 83 289 310 424 356 416 301 286 30 115 237 238 181 232
Route #19: 382 114 224 225 241 187 345 201 367 280 297 298 47 328 311 303 116 135 351
Cost 204511
Time 407.24
