Route #1: 280 286 140 219 226 287 243 135 66 130 166 127 202 212 173 255 253 65 215 153 176 183 157 111 239 216
Route #2: 275 10 180 35 30 21 11 187 20 22 267 245 221 207 210 236 222 248 213
Route #3: 194 181 160 159 142 279 186 170 16 184 205 203 192 196 225
Route #4: 261 132 282 90 257 249 46 105 96 266 109 262 281 293 294 112 12 296 168 167 209
Route #5: 119 150 152 23 291 139 161 8 227 26 25 38 24 103 214 67 41 82 49 74 42 101 9
Route #6: 246 206 28 190 125 165 238 198 230 197 237 235 1 5 290
Route #7: 156 85 110 118 97 123 124 148 48 155 62 188 73 72 78 80 189 86 95 122 218 223 199 254
Route #8: 64 56 285 220 272 271 59 58 120 13 292 3 158 44 224 129 178 2 75 154 88 89 241 6
Route #9: 193 107 232 146 57 43 231 247 70 4 289 200 204 113 234 201 208 106 17 83 79 151 108
Route #10: 87 94 131 145 143 29 19 175 115 116 147 60 36 61 273 84 269 47 114 68 92 18 264
Route #11: 195 172 81 104 133 138 15 182 141 136 144 126 134 121 233 50 77 71 7 283 174 63
Route #12: 250 93 256 252 76 55 32 217 99 98 295 288 31 276 91 258 228 191 117 128 242
Route #13: 185 278 149 163 69 265 51 45 52 171 100 39 40 37 162 274 137 277 244 179
Route #14: 251 240 259 260 53 229 164 33 27 177 169 102 284 211 14 270 263 54 268 34
Cost 155214
Time 630.807
