Route #1: 173 199 153 143 138 91 204 147 149 247 203 215 207 175 198 211 110 200 182 177 142 146 206 111 194
Route #2: 121 33 34 2 15 202 201 217 151 50 108 144 234 184 221 129 145 118 122 112 83 56 238 94
Route #3: 128 26 141 239 241 77 41 160 24 244 167 76 11 169 176 170 150 157 13 119 90 98 139 130 148
Route #4: 37 220 155 38 195 230 84 85 226 89 67 205 140 210 193 35 4 188 180 3 156 72 14 88 168
Route #5: 74 42 79 49 52 54 69 105 229 228 66 53 62 65 237 31 23
Route #6: 22 48 7 92 165 70 100 8 44 99 246 30 233 87 172 96 97 240 123 95 47 21 86 124 232 71
Route #7: 106 186 216 242 208 231 68 6 222 174 133 17 16 63 64 113 75 81 43 104 137 189 227 132 73 159 102 78
Route #8: 236 19 179 55 36 187 243 131 181 185 45 12 18 40 59 29 28 166 93 164 162 191 101 10
Route #9: 107 61 109 161 136 117 115 114 158 134 171 190 183 51 20 80 116 103 25 46 135 82 120 192 223 219 178
Route #10: 235 218 152 32 57 245 1 127 125 163 225 224 27 126 209 39 213 214 197 196 212 9 58 5 60 154
Cost 85839
Time 175.898
