Route #1: 324 9 8 321 34 44 11 53 290 285 271 315 320 312 247 237 231 227 242
Route #2: 319 286 294 300 306 308 16 311 19 24 23 310 25 246 66 69 84 37 281 7
Route #3: 265 240 204 21 201 14 252 26 241 239 4 256 235 323 325 206 322
Route #4: 284 293 228 232 283 200 266 188 182 244 258 309 307 3 5 303 302
Route #5: 255 262 263 268 264 224 211 236 251 249 250 208 245 179 138 173
Route #6: 216 326 187 185 189 164 167 169 15 131 12 95 96 18 327 328 171 186 176 217 10 13 253
Route #7: 51 226 254 261 122 126 125 238 151 181 199 198 219 259 269 270 273 295
Route #8: 160 46 243 214 274 279 59 98 130 194 190 289 225 223 229 296 304 299 298
Route #9: 136 132 133 184 209 220 139 230 233 140 143 162 175 177 161 135 127
Route #10: 63 91 92 152 100 89 106 114 292 120 170 101 280 267 260 116 203 196 197 191 85
Route #11: 107 72 99 117 150 158 165 174 121 112 210 153 183 129 156 157 147 148 108 118 86 145
Route #12: 172 207 213 195 178 159 163 142 141 192 104 144 134 88 113 90 70 67 32 77 79
Route #13: 149 313 180 52 65 218 74 49 193 257 272 212 287 48 58 57 42 291 297 39 78
Route #14: 30 36 43 56 82 28 128 41 54 64 62 61 75 27 47 282 168 316 317 318
Route #15: 155 103 305 17 94 105 50 33 81 109 288 73 278 6 29 38 45 55 20 110 2
Route #16: 277 276 31 221 35 40 119 1 301 314 60 215
Route #17: 154 137 97 80 68 202 205 222 275 234 248 111 93 123 146 76 83
Route #18: 124 22 166 102 115 87 71
Cost 141505
Time 594.36
