Route #1: 192 195 10 193 194 22 191 79 203 25 201 37 46 24 239 1 8 4 30 220
Route #2: 251 20 233 248 211 21 207 16 18 147 99 113 132 11 13 202 15 249
Route #3: 181 168 172 164 157 183 129 204 116 231 128 17 222 232 74 9 250 246 240 234 228
Route #4: 238 237 236 178 177 212 245 252 253 5 7 3 171 235 163 185 223
Route #5: 208 198 221 214 225 210 158 151 136 216 143 153 161 217 155 180 173 166 175 209
Route #6: 123 111 63 148 141 140 150 160 169 135 167 142 134 103 88 102 36 31 93 82 78
Route #7: 95 98 85 122 130 131 154 156 159 162 110 188 50 60 205 72 59 75
Route #8: 33 224 70 67 179 199 215 226 61 229 44 34 165 152 105 108 170 58 55 62 125
Route #9: 187 29 49 32 133 38 86 43 47 87 91 101 104 115 126 107 127 109
Route #10: 219 89 100 121 149 28 186 190 197 196 96 118 76 120 69 71 84 94 112 52 206
Route #11: 41 241 68 19 6 66 39 64 56 54 53 27 35 218 144 145
Route #12: 77 90 92 42 200 48 227 174 80 139 138 45 81 23 243 213 230 2 184 244 242 40
Route #13: 97 26 73 137 146 119 189 57 182 176 14 51 83 247 12 124 65 106 117 114
Cost 95006
Time 259.828
