Route #1: 219 134 113 20 34 230 88 242 241 217 83 229 111 100 145 7 99 74 173 97
Route #2: 61 56 249 149 128 96 156 18 240 245 244 62 238 231 115 143 186 82 146 45 169 6 154 14
Route #3: 119 106 76 168 121 129 166 73 148 92 65 60 108 107 136 203 202 201 196 164
Route #4: 110 179 124 69 71 55 38 75 79 15 237 122 44 13 125 84 68 189 11
Route #5: 26 109 2 206 172 91 126 41 120 117 90 218 70 64 57 94 165 67 159
Route #6: 193 16 222 118 174 4 167 188 93 123 48 49 103 150 133 220 59 233 43 138 162
Route #7: 52 208 207 63 30 9 21 239 177 243 227 226 141 223 211 184 24 137 102 3 12 98
Route #8: 224 250 228 51 212 87 171 181 155 40 58 234 158 246 127 22 86 116 144 81 29
Route #9: 104 215 77 236 42 85 8 101 135 232 95 105 28 199 247 204 5 216 112
Route #10: 185 200 180 170 176 198
Route #11: 214 89 78 53 66 39 19 47 114 151 130 35 32 33 27 54 213
Route #12: 210 190 25 225 192 23 147 37
Route #13: 46 1 175 142 140 178 80 50 139 132 163 195 72 235 187 152 131 205
Route #14: 209 191 197 36 194 183 182 17 160 157 10 31 221 248 153 161
Cost 147287
Time 397.415
