Route #1: 106 203 172 236 16 217 261 192 293 136 216 90 247 295 63
Route #2: 251 221 218 150 201 74 51
Route #3: 266 88 36 224 111 253 282 135 255 109 184 70 29
Route #4: 246 249 117 279 75 31 26 147 205 69 257 265 169 121 124 98 9 149 296 207 234
Route #5: 139 206 56 185 120 222 209 180 95 130 68 22 5 6 237
Route #6: 294 110 278 144 105 212 89 263 173 177 39 250 290 102 7 162 182 133 4 10 196 101
Route #7: 115 81 208 271 191 157 241 99 268 1 49 245 67 175 230 233 193 291 164 163
Route #8: 204 123 252 126 118 141 267 259 289 213 153 220 60 65 3 195 198 84 34 11
Route #9: 214 283 38 127 104 146 151 131 132 19 52 77 76
Route #10: 148 235 25 142 83 152 281 280 47 179 190 80 66 61 78 231 91 20
Route #11: 189 138 116 186 30 82 43 45 286 277 58 122 168 260 86 125 42
Route #12: 85 37 50 183 14 272 176 41 239 232 210 194 55 143 174 197 21 140 46
Route #13: 71 270 62 199 113 248 108 275 242 35 100 244 79 254 18 72 15 13 44 292 215 155 219
Route #14: 92 243 107 28 96 287 227 2 59 285 145 181 166 161 160 269 274 93 64 211 228 171
Route #15: 240 40 33 256 229 165 156 128 48 264 273 32 226 94 8 97 119 23 238 170 137 17 103 284 288 178 24 87
Route #16: 202 114 258 167 129 225 188 187 200 53 54 12 57 73 27 223 134 112 159 154 276 262 158
Cost 130693
Time 287.279
