Route #1: 38 11 108 87 7 46 41 33 28 50 115 207 73 29 118 45 97 98 20 31 23 124 10
Route #2: 106 60 114 90 95 39 47 37 40 22 210 3 206 198 101 197 104 194 92 17 49 44 21 61
Route #3: 62 154 143 144 100 134 88 105 86 175 170 103 211 56 209 1 34 129 75 94 117 149
Route #4: 179 193 173 71 27 8 145 35 163 125 152 213 83 109 14 19 203 161 4 185 169 24 30 122 43 42 48 112
Route #5: 72 16 2 12 18 25 52 172 77 70 187 155 116 113 64 76 178 160 67 63 89 177 32
Route #6: 74 6 68 158 204 85 138 165 26 148 93 15 120 102 162 153 200 55
Route #7: 9 199 58 196 57 65 157 110 212 128 127 59 96 186 121 205 53 146 91 5 208 133 202 81 151 79
Route #8: 135 183 66 182 201 180 69 78 142 184 191 171 82 13 150 147 54 36 80 164 167 181 107
Route #9: 84 119 111 123 99 132 156 141 130 131 137 51 192 174 195 188 190 189 176 159 136 126 168 166 140 139
Cost 78019
Time 316.926
