Route #1: 304 412 37 131 391 169 203 210 138 244 280 161 289 13 230 139 6 31 180 240
Route #2: 79 128 206 405 97 23 4 322 26 1 273 360 303
Route #3: 38 408 263 186 301 176 332 143 288 268 5 3 265 307 113 361 367 383 94 269 364
Route #4: 205 170 137 134 32 314 392 211 192 370 414 369 77 264 54 355
Route #5: 40 404 236 177 382 313 152 290 132 231 246 270 167 70 328 256 348 261 320 116 33 30
Route #6: 146 108 135 48 208 234 60 212 223 349 250 53 105 8 221 341 252 67 52 342 106 133
Route #7: 266 35 402 378 222 267 44 83 395 7 396 418 142 21 247 49 218 323 165 55 19 171 204
Route #8: 73 12 274 123 258 168 151 103 112 101 400 100 129 172 130 104 114 149 147 121 200 198 110 89 401
Route #9: 14 225 233 197 72 125 154 277 215 293 287 163 254 15 248 281 216 159 217 224 340
Route #10: 279 257 238 283 286 276 393 384 308 17 9 413 406 417 411 380 379 275 351 284 259
Route #11: 160 228 27 87 84 162 62 43 25 119 362 82 68 66 193 76 196 85 93 359 375 41 42 374 81
Route #12: 315 294 330 316 324 352 363 365 371 387 331 329 335 368 350 343 338 336 327 337 345 334 319
Route #13: 358 373 386 388 377 381 39 353 28 80 71 385 394 399 389 376 372 99 366 344 309
Route #14: 298 272 189 179 191 296 312 326 357 333 311 310 306 325 140 318 346 285 297
Route #15: 178 115 124 398 65 18 409 50 188 47 10 141 88 347 109 295 242 292 305 354 339 2
Route #16: 56 253 22 416 235 45 51 227 317 145 58 16 20 136 96 59 184 36 407 29 403 390
Route #17: 207 74 195 220 199 226 157 260 321 183 282 271 262 213 153 241 243 397 95 209 232 249
Route #18: 75 150 185 245 415 173 156 166 187 57 181 190 174 175 122 120 102 300 302
Route #19: 219 118 24 202 201 92 164 111 64 239 78 61 90 46 63 158 144 91 237 229 255 278 86 107 214
Route #20: 148 127 155 117 299 251 410 356 98 11 182 194 126 69 34 291
Cost 215005
Time 640.16
