Route #1: 199 169 274 151 155 198 146 108 117 125 44 94 149 147 141 172 275 158 223 104 110 107 140 153 148 154 189
Route #2: 160 93 95 175 249 237 123 246 132 130 116 118 126 250 251 265 280 279 273 252 262 257 33
Route #3: 287 227 42 8 97 255 256 26 43 47 61 259 65 66 269 248 103 99 156 152 165 82 98
Route #4: 224 236 209 283 4 6 10 58 220 213 219 286 232 233 228 229 11 285 188
Route #5: 3 131 177 170 179 206 184 216 208 217 212 242 238 226 221 231 210 254 207 240 211 261
Route #6: 218 122 115 112 282 18 24 62 59 22 72 74 75 21 34 40 63 23 25 20 15
Route #7: 128 230 96 196 166 133 266 253 243 19 281 267 139 258 49 45 284 55 245 51 54 271 9 270 268 276
Route #8: 192 244 241 57 5 46 37 27 31 114 102 89 197 239 52 50 35 195 234 204 214 202 203
Route #9: 277 69 39 38 85 12 264 263 7 1 13 182 185 53 150 174 28 76 87 187 41 14 70 181
Route #10: 235 159 180 16 142 143 190 64 90 225 100 200 136 183 119 29 201 17 157 191 162 145
Route #11: 135 48 88 178 134 205 272 164 163 144 247 215 79 36 194 101 137 77 260 193 84
Route #12: 161 173 60 186 176 78 168 105 80 106 129 111 121 127 138 30 92 83 109 124 91 71 67 278 113
Route #13: 32 222 2 120 171 73 81 56 86 68 167
Cost 133316
Time 325.994
