Route #1: 394 289 287 119 249 222 237 144 367 16 192 432 404 362 103
Route #2: 251 254 214 205 201 188 166 146 129 33 22 62 76 223 207 211 74 165 430 125
Route #3: 136 413 363 141 155 101 32 75 199 124 149 171 204 193 164 170 202 190 151 435
Route #4: 241 236 383 334 142 121 55 148 259 331 137 210 234 209 424 43 99 104 127 352 311
Route #5: 257 123 128 13 19 25 208 258 324 131 73 81 159 274 56 298 200 309
Route #6: 296 302 181 300 290 47 108 110 107 270 175 45 58 48 14 8 15 37 232 238 406 351
Route #7: 312 247 167 304 288 57 145 246 172 91 197 265 150 240 183 2 78 39 1 115
Route #8: 239 348 231 109 7 226 84 46 36 217 395 408 301 130 173 102 53 31 30
Route #9: 203 17 387 184 276 42 384 77 88 92 94 90 93 415 44 391 382 250
Route #10: 156 10 372 5 414 428 313 271 215 253 410 219 96 248 132 20 213 275 122
Route #11: 314 315 344 366 407 422 402 433 9 423 67 438 86 82 72 50 420 436 392 417 397
Route #12: 49 27 29 35 54 160 51 174 178 60 98 111 403 40 401 409 400 18 21 24 440 443 441
Route #13: 294 291 333 319 308 307 323 330 336 361 317 306 371 365 354 359 364 378 376 375 379 385 381 377 373 321
Route #14: 347 346 358 325 419 418 411 416 427 426 357 353 349 339 326 335 360 328 322 293 316 310 297
Route #15: 329 405 327 194 34 28 41 388 52 71 106 120 11 12 126 412 421 429 437 434 389 138 370
Route #16: 282 396 285 337 340 338 343 356 355 342 4 3 442 439 64 268 272 63 350 80 69 390 398 399 59
Route #17: 168 386 369 187 177 169 176 114 230 295 182 180 179 393 196 374 195 154 68 65 341
Route #18: 345 85 332 153 380 255 134 118 212 228 277 280 266 267 147 245 135 139 95 105 163 97 116 112 113
Route #19: 66 83 79 273 256 143 140 100 425 87 89 117 70 61 252 23 224 233 244 368
Route #20: 262 263 303 260 243 264 279 318 320 278 284 227 229 218 38 299 161 269 26 6 281 221
Route #21: 261 158 133 216 220 235 242 431 186 185 157 198 152 162 191 189 286 206 225 305 292 283
Cost 201966
Time 620.856
