Route #1: 254 255 249 225 227 238 193 190 259
Route #2: 200 209 213 242 86 87 178 180 182 270 130 6 172 14 161 143 114 112 164 208
Route #3: 105 116 160 268 23 256 27 260 257 109 122 38 258 132 167 9 158 274 253 96 8 121 48
Route #4: 72 168 60 52 15 74 66 199 237 99 219 90 110 207 113 189 202 218 228 226 118
Route #5: 33 243 22 133 1 42 41 68 135 4 174 88 187 95 262 98 84 239 65
Route #6: 170 59 58 111 149 162 146 235 233 93 63 40 61 2 185 157 176 108 245 188
Route #7: 201 44 186 175 81 150 125 197 75 134 83 181 206 7 151 37 144 43 147 142 120 80 85
Route #8: 195 11 79 106 194 17 71 18 102 67 129 145 89 234 236 231 229 232 230 5
Route #9: 10 20 77 50 12 55 100 21 169 107 252 215 97 247 210 101 82 123 119 192 159 163
Route #10: 137 64 217 250 47 36 248 196 223 244 76 179 204 70 25 13 34 148 131 240 263 26
Route #11: 115 73 152 205 216 104 166 69 126 211 261 92 117 156 91 39 57 45 51 53 224
Route #12: 183 62 78 221 212 24 266 251 222 3
Route #13: 246 35 32 28 16 128 49 127 46 29 31 94 30 136 138
Route #14: 273 272 153 191 214 171 154 165 184 203 220 124 177 139 103 54 141
Route #15: 241 140 155 265 269 198 19 173 271 264 56 267
Cost 147830
Time 524.4
