Route #1: 176 43 153 160 104 189 151 2 210 248 174 57 17 162 83 16
Route #2: 241 243 47 209 250 167 74 73 245 218 115 182 242 35 84 111 126
Route #3: 14 4 240 138 85 137 202 120 149 150 110 147 178 196 127 145 21 69 9 239 113
Route #4: 135 134 61 59 58 159 237 227 211 186 78 38
Route #5: 180 27 223 3 24 198 156 98 56 207 199 42 91 105 11 13 55
Route #6: 203 224 94 172 23 86 88 230 171 131 1 157 161 228
Route #7: 204 102 90 208 81 142 184 31 222 139 40 125 53 187 96 112 117 106 193
Route #8: 232 191 92 107 60 158 6 70 229 77 52 213 141 33 219 109 143 51 95
Route #9: 100 67 177 93 80 133 233 79 179 169 165 195 7 215
Route #10: 252 50 121 10 41 89 194 5 72 75 28 217 220 183 39 190
Route #11: 26 249 45 49 32 188 216 116 87 192 103 44 246 148 122 20 201 46 114 231 119 19 37
Route #12: 128 99 221 197 247 8 140 36 146 152 130 108 226 64 238 30 101 166 173
Route #13: 68 234 66 212 22 170 97 129 48 76
Route #14: 25
Route #15: 181 29 235 236 62 155 123 200 118 82 124 175 18 206 214
Route #16: 71 244 251 132 144 12 205 65 54 168 154 15 63 225 163 136 34 185 164
Cost 193702
Time 150.028
