Route #1: 176 189 68 209 232 61 152 222 11 52 51 30 73 58 57 122 112 83 228 165 211 109 204 201
Route #2: 233 63 95 32 43 21 27 89 195 101 106 118 81 97 154 137 105 113 126 45 121 128 40
Route #3: 198 34 44 49 197 135 79 80 92 71 98 31 72 131 1 10 47 55 183 225
Route #4: 139 203 153 46 35 120 143 74 36 175 111 87 114 86 157 170 207 65
Route #5: 64 163 110 124 130 22 5 28 132 142 20 133 15 42 39 19 17 69 38 23 220 9
Route #6: 171 212 231 224 54 181 102 24 2 53 29 33 3 223 48 12 25 62 213 147
Route #7: 156 155 150 151 140 141 148 99 37 76 75 117 202 136 172 146 123 230 235 14 138 107
Route #8: 158 182 160 168 167 169 184 215 186 185 216 200 194 208 70 8 166 190 129 93 210
Route #9: 77 214 205 104 199 66 59 67 188 60 164 174 177 180 193 6 7 178 116 4 187 16
Route #10: 50 236 219 221 218 18 13 56 82 91 26 217 226 41 196 192 191 237 234 227 145 134 206
Route #11: 161 149 96 90 78 84 103 119 115 159 173 179 229 85 125 127 100 88 94 108 144 162
Cost 109280
Time 228.584
