Route #1: 2 144 472 300 310 162 156 155 183 198 272 287 191 237 397 340 211 120 256 261 248 312 329 333
Route #2: 466 455 206 456 459 225 251 267 190 295 330 167 298 293 124 1 11 87 259 73 74 276 278 285 283
Route #3: 174 247 275 321 363 471 476 71 76 319 75 317 139 359 379 22 504 395 463 402 423 383 273
Route #4: 503 17 430 68 405 169 424 421 450 457 173 200 477 475 216 447 197 195 122 117 92 78 33 32
Route #5: 171 428 438 107 98 91 69 72 63 465 467 48 470 38 505 15 16 506 507 410 419 412 396 418 432
Route #6: 458 483 480 479 493 19 498 77 114 128 54 39 134 487 494 489 388 414 101 407
Route #7: 149 394 381 442 401 403 434 468 446 448 437 439 431 429 194 391 260 168 70 389 108 29 268 254
Route #8: 252 365 133 393 420 187 236 49 104 209 119 132 131 384 433 58 372
Route #9: 452 220 308 364 163 203 257 353 375 328 35 150 294 82 326 223 10 461 496 204 100 253 25
Route #10: 93 97 130 399 34 373 422 263 231 334 318 368 323 118 213 182 322 172
Route #11: 427 360 189 440 185 47 43 186 425 201 234 90 212 497 13 228 88 12 9 23 20 36 161
Route #12: 175 454 50 274 148 81 66 59 115 153 229 170 250 233 126 136 127 55 57 138 113 21
Route #13: 62 361 125 411 413 406 404 460 339 56 474 370 196 210 444 488 309 313 337 284 221 165 181 27 154 382 416
Route #14: 500 415 408 31 46 86 106 441 135 481 478 176 51 218 217 222 232 85 102 207 199 230 219
Route #15: 347 314 103 178 65 469 443 64 140 473 279 8 270 316 244 37 286 30 374 180 392 380 369
Route #16: 502 484 344 7 297 214 356 111 302 451 303 112 366 109 371 255 485 499 215 188 145 390 495 166
Route #17: 226 282 387 377 409 398 301 289 84 292 271 246 367 376 352 290 288 277 258
Route #18: 40 490 345 53 453 445 486 240 264 238 123 179 482 464 325 5 349 192 462
Route #19: 417 304 331 336 129 42 159 426 357 305 157 239 202 449 281 291 146 242 3 262 501
Route #20: 335 83 224 327 491 241 89 346 80 320 79 60 311 354 324 343 307 44 99 4 355 492 52 436 306
Route #21: 350 193 269 177 143 24 332 362 315 243 358 245 351 26 41 400 299 280 296
Route #22: 105 164 152 386 385 45 6 116 96 61 265 227 67 208 160 94 137
Route #23: 435 142 121 158 151 110 141 147 95 18 14 249 266 184 205 235 338 342 378 341 348 28
Cost 234364
Time 613.045
