Route #1: 262 243 269 261 320 237 241 254 322 236 302 289 267 281
Route #2: 36 21 13 9 207 202 189 10 15 41 253 229 245 270 279 247 246 235 27 8 214
Route #3: 280 275 219 259 286 148 185 208 174 191 193 223 271 72 106 328 12 198 218 234
Route #4: 316 319 304 188 315 196 239 248 183 26 190 20 291 23 151 176 276 266
Route #5: 65 89 35 40 53 54 59 62 63 61 86 60 56 1 29 142
Route #6: 273 216 64 105 313 88 153 150 317 166 52 70 165 17 116 250 107 240 290 203
Route #7: 213 99 117 329 28 51 14 200 128 251 30 57 32 311 4 140 258 206
Route #8: 210 296 257 301 228 114 46 244 178 44 201 215 277 184 125 138 50 71
Route #9: 222 120 127 18 48 297 104 295 294 231 288 233 230
Route #10: 94 115 96 204 159 268 272 130 158 163 76 226 135 323 100
Route #11: 227 122 164 91 205 5 221 74 137 69 255 143 293 102 68 326 217 260
Route #12: 225 167 252 172 121 25 109 80 87 90 212 278 47 305 308 307
Route #13: 110 73 141 146 154 168 147 93 162 144 327 112 306 181 108 186 303 169 282 170 95 11 33 287
Route #14: 81 92 43 19 49 58 97 34 2 197 124 173 314 157 156 284 3 132 300 133 285 324
Route #15: 161 113 6 37 192 152 103 38 220 299 24 39 66 249 139 42 84
Route #16: 242 292 209 179 199 111 177 171 126 7 211 238 265 264 182 136 75
Route #17: 78 98 129 175 155 118 283 309 321 232 194 310 22 16 85 55 119 145 180 123 256 79 83
Route #18: 195 263 31 187 45 101 82 274 318 160 149 312 325 131 134 298 67 77 224
Cost 199119
Time 305.786
