Route #1: 188 228 152 220 234 237 197 189 233 65 6 15 14 232 217 90 184 193 192 91 4 110
Route #2: 222 203 198 99 150 175 20 44 230 179 229 201 196 75 183 191 242 9 245 223 253 199
Route #3: 241 176 251 226 186 10 145 136 58 227 243 57 120 240 107 117 28 221 121 252 70
Route #4: 219 213 214 207 180 181 178 141 143 24 119 209 195 79 208 200 211
Route #5: 129 81 16 63 43 42 80 235 37 177 21 204 73 98 218 5 72 32 62 122 162
Route #6: 169 113 128 1 185 11 225 215 144 29 137 86 84 108 116 158 130 78 114 109 133 26 56
Route #7: 138 146 147 182 172 174 210 151 149 126 124 100 95 123 173 148 194 202 206 212
Route #8: 64 59 115 187 134 153 167 157 156 132 87 55 170 54 238 135 30 71 39 35 190 45 224
Route #9: 2 85 205 118 139 254 140 161 165 168 164 160 250 101 22 97 88 89 112 111 131
Route #10: 155 77 49 52 51 50 236 69 74 61 47 48 83 106 94 93 244 3 247 246
Route #11: 171 166 163 154 142 18 19 17 27 239 31 66 53 92 36 46 12 60 76 41 33 67 68
Route #12: 82 103 40 23 125 102 96 249 7 25 38 34 231 8 159 105 104 216 248 127 13
Cost 93377
Time 449.546
