Route #1: 358 98 44 147 28 359 175 237 188 148 202 192 193 116 321 363 126 270 3
Route #2: 209 277 78 238 194 159 103 196 307 161 185 127 110 215 284 325 128 345 272 225 73 320
Route #3: 77 273 228 291 296 247 339 87 178 115 69 292 223 332 58 354
Route #4: 285 47 24 125 286 288 1 157 330 302 85 313 344 172 213 200 166 51 297 149 304 236
Route #5: 257 234 353 267 121 258 80 280 212 138 19 184 199 218 21 239 83 76
Route #6: 311 75 65 336 283 205 89 14 64 244 197 186 94 50 70 335 323 343 356 84
Route #7: 54 49 36 109 214 16 329 158 298 15 108 92 142 113
Route #8: 96 101 355 310 68 314 30
Route #9: 342 290 139 79 241 350 195 181 72 5 361 264 301 120 242 201 227 2
Route #10: 303 261 17 328 173 37 111 48 226 104 217 86 306 13 251
Route #11: 233 262 154 136 349 309 164 305 169 32 268 203 256 174 255 219 243 40 129 9 287
Route #12: 230 39 150 362 53 208 204 266 351 119 341 295 224 189 141 131 8 294 156 210 259 198 41 331 56 35
Route #13: 183 245 99 190 216 326 299 145 74 333 81 105 118 252 102
Route #14: 293 187 240 168 348 42 352 146 62 274 67 133 27 34
Route #15: 334 60 319 253 106 117 180 211 170 254 152 93 33 22 279 140
Route #16: 222 162 123 275 66 122 134 153 91 100 346 114 61 327 282 23 316 357 347 88 177 322
Route #17: 143 276 124 97 43 324 135 46 55 82 250 45 20 18 207 25 11 132 90 221 165
Route #18: 144 167 38 263 107 31 312 26 171 232 315 260 281 179 337 12 176 71 300
Route #19: 249 155 338 246 360 112 229 340 52 130 57 4 308 271 137 95 220 231
Route #20: 289 6 7 10 318 317 59 63 163 182 278 248 235 29 269 191 206 151 265 160
Cost 211446
Time 227.199
