Route #1: 325 19 179 238 351 21 88 71 35 44 27 234 235 38 43 337 59 33 254 154 192
Route #2: 251 148 311 220 22 193 313 247 302 129 53 224 237 219 18 250 29 140 25 240 180 83 81 119
Route #3: 172 101 169 102 201 52 127 77 147 74 280 300 186 163 184 97 134 37 5 288 214 110
Route #4: 104 136 135 177 160 139 94 86 78 85 150 73 80 84 28 133 146 261 304 227 347 225 149 301
Route #5: 255 229 320 338 91 117 112 130 242 167 188 111 208 24 31 156 342 171 181 138 161 352
Route #6: 49 66 202 106 68 57 48 45 137 105 12 252 61 116 1 100 99 108 89 107 178 217 109 248
Route #7: 243 223 222 187 189 152 131 120 118 93 141 153 191 190 197 198 173 159 170 196 215 257 54 55
Route #8: 278 298 348 64 299 294 7 2 11 10 13 293 62 297 249 244 95 92 98 79 75 58 115 216 65
Route #9: 209 211 212 344 253 218 276 232 221 228 233 239 246 126 23
Route #10: 289 285 286 283 123 340 316 121 124 125 128 151 164 165 166 314 155 113 114 312 324 132 281
Route #11: 259 263 275 272 306 307 317 330 327 349 284 256 332 210 328 203 236 226 270 269
Route #12: 274 287 282 56 50 32 334 333 323 96 90 76 6 69 60 41 42 345 336 331 20 16
Route #13: 230 87 162 40 142 245 268 258 277 295 305 310 315 308 273 271 290 262 264
Route #14: 3 205 144 335 4 346 36 70 63 72 353 322 82 47 143 39 46 17 14 122 15 30 145 309 231 241
Route #15: 200 182 176 195 319 183 168 194 174 204 329 339 321 67 51 34 326 343 303 291 292 279
Route #16: 185 350 206 175 265 266 213 207 157 158 341 9 8 267 103 318 199 296 26 260
Cost 157034
Time 477.707
