Route #1: 184 229 178 190 52 28 18 154 207 215
Route #2: 250 156 118 95 73 79 54 151 2 138 67 225 111 139 90 77 253 243 193
Route #3: 134 185 75 232 212 4 104 114 143 22 150 147 136 188 126 6 87 189 74 102 176
Route #4: 169 167 159 244 53 50 261 70 158 246 125 115 140 172 173 83 247 12 48 186 127 164 191 29
Route #5: 120 214 124 61 195 63 66 218 96 119 55 94 179 180 181 13 58 194 192 200 183
Route #6: 197 171 37 211 170 14 62 187 177 153 121 206 166 91 15 209 49
Route #7: 260 254 258 42 45 97 78 64 39 128 204 30 86 100 60 16 129 38 106 105 81
Route #8: 3 88 10 1 93 213 107 208 146 233 152 43 76 98 27 228 160 255 112 251 56 198 72
Route #9: 203 26 145 144 21 20 248 242 226 57 35 239 235 59 241 245 122 109 222
Route #10: 182 202 234 236 135 165 196 161 130 99 199 201 205 157 256 7
Route #11: 69 80 131 123 33 113 44 46 163 65 51 230 257 41 148 34 220 219 5 23 217
Route #12: 19 110 238 210 36 89 92 149 141 142 133 40 116 47 68 71 137 101
Route #13: 227 168 252 31 174 11 9 8 155 85 82
Route #14: 216 249 224 84 240 32 24 259 175 17 25 223 231 221 162 103 108 237 117 132
Cost 145568
Time 347.808
