Route #1: 199 230 209 207 21 260 25 167 176
Route #2: 51 86 87 43 77 74 252 78 255 3 213 251 217 49 55 31 246 242
Route #3: 180 164 181 182 197 110 92 59 190 193 76 188
Route #4: 220 243 258 30 26 231 222 108 5 229 73 60 138 144 29 117 19 23 18 22 4 186 228 223 206
Route #5: 262 11 12 8 10 7 9 13 234 33 35 58 183 42 88 91 101 125 56 84 215
Route #6: 53 148 166 178 248 247 111 235 241 24 233 38 244 257 254 249 236 216 238 173 192 154
Route #7: 99 107 157 160 175 139 105 195 132 134 142 145 184 162 151 113 109 96 39 177
Route #8: 250 46 196 66 50 179 187 40 75 198 143 171 112 114 79 27 94 2 253 168 16 15
Route #9: 68 104 100 156 6 98 83 62 149 115
Route #10: 130 129 63 52 103 205 256 239 232 202 194 214 204 203 71 227 54 69
Route #11: 163 41 136 116 128 72 47 85 159 155 131 146 152 97 126
Route #12: 201 191 14 224 240 218 172 161 123 127 165 17 106 200 93 67 118 82 57 95
Route #13: 64 150 1 121 48 102 61 185 140 65 32 122 119 124 120 158 261 170 245
Route #14: 137 226 259 237 90 28 45 44 141 37 34 221 210 208 219 225 169 153 133
Route #15: 189 211 20 36 81 80 135 174 70 89 212 147
Cost 152108
Time 429.607
