Route #1: 187 185 142 162 138 191 182 183 180 163 137 118 179 35 175 106 113 136 168 194 188 181 139 126 117
Route #2: 97 96 145 129 133 128 140 220 127 116 105 198 155 152 158 141 177 58 34
Route #3: 143 184 2 178 193 109 16 200 134 49 60 73 219 51 48 79 76 123 102
Route #4: 46 56 40 83 68 53 70 18 28 190 216 215 209 3 217 41 29 4 19 52 47 36 69
Route #5: 25 38 154 5 14 9 75 30 92 208 55 45 57 8 54 94 84 119 39 213
Route #6: 201 44 146 130 165 17 15 218 11 147 71 161 101 78 22 214 66 7 90 23 32 12 196 93 13 207 174 172 197
Route #7: 24 192 103 89 74 110 160 150 33 98 171 87 10 31 80 153 50 125 82 131 173 135 26 67 195 62
Route #8: 104 206 107 91 148 170 151 63 65 114 167 156 149 27 132 169 112 159 176 88 121
Route #9: 204 157 42 166 21 81 6 20 202 37 100 186 212 59 122 210
Route #10: 144 77 72 203 205 61 124 211 111 43 120 64 108 95 164 199 115 189 85 99 86 1
Cost 78272
Time 564.754
