Route #1: 169 255 251 231 87 78 84 118 254 228 270 236 345 8 282
Route #2: 309 324 276 271 95 11 190 238 144 132 348 52 142 14 3 148 129 92 91 281
Route #3: 226 263 203 346 304 33 99 136 55 152 50 45 79 82 66 68 320 155
Route #4: 305 75 313 277 330 28 156 112 15 297 67
Route #5: 303 278 266 205 274 102 53 72 103 179 191 117 47 220 318 213 70 224
Route #6: 49 214 325 272 215 211 204 140 242 202 300 302 81 299 230 35 34 333
Route #7: 48 275 267 207 32 7 347 244 321 44 312 54 338 268 74 186
Route #8: 76 154 323 331 56 60 182 339 124 115 193 341 201 235 219 350 342
Route #9: 253 284 127 250 294 307 38 157 262 261
Route #10: 122 198 187 62 248 221 173 306 225 98 310 308 329 334 174 210 71 177 159 223 264 135 233
Route #11: 160 183 113 167 30 326 134 194 163 196 23 88 106 319 150 18 340 335 141 260
Route #12: 185 176 328 197 256 25 279 119 218 120 295 336 104 125 239 258 26 126 24
Route #13: 83 245 116 121 16 21 101 1 65 57 63 61 151 105 97 315 96 13 20 138 90 168 110 69
Route #14: 237 293 317 94 217 209 249 287 292 280 286 288 291 290 283 5
Route #15: 289 170 29 131 162 165 178 189 108 10 153 109 107 181 6 12 259 227 257 42 311
Route #16: 133 172 184 180 199 206 222 240 73 80 64 123 298 171 149 332 229 212 216 349 37 46
Route #17: 246 4 337 9 114 327 111 265 59 200 128 130 166 93 17 296 252 175 188 158 147
Route #18: 192 39 164 247 27 43 31 22 241 89 145 85 51 58 314
Route #19: 86 139 161 146 195 41 143 232 234 243 273 36 344 208 285 343 100 269 19
Route #20: 137 322 301 2 40 316 77
Cost 211796
Time 422.383
