Route #1: 134 83 9 223 206 109 47 186 25 49 165 87 205 139 59 94 79 116
Route #2: 43 153 151 57 55 40 93 176 178 215 226 155 169 115 166 61 77
Route #3: 174 142 102 195 157 147 84 230 53 11 197 152 120 137 156 48 172 212 130 64 101 210 20 4 81 167
Route #4: 182 238 39 28 113 68 76 72 123 245 70 67 188 140 88
Route #5: 86 168 196 232 5 38 45 112 148 158 2 58 121 24 103 85 6 19 144 143 191
Route #6: 181 239 26 200 202 125 60 208 244 162 90 22 214 219 69 150 16 241 14
Route #7: 8 96 227 17 225 63 203 180 131 128 242 7 246 23 46 221 111 129 163 194 135 15 98 27
Route #8: 218 50 237 32 185 236 164 170 209 105 233 145 118 161 190 51 1 41 216 99 235
Route #9: 66 234 124 110
Route #10: 187 12 198 29 97 160 36 228 13 73 199 31
Route #11: 177 127 211 207 91 213 100 193 220 75 126 3 201 217 18 149
Route #12: 171 243 65 119 80 192 183 107 229 154 62 10 95 175 146 30 37 189
Route #13: 117 159 54 106 133 71 33 136 42 92 52 141 74 122 138 56 104 222 204 21 34 173 44
Route #14: 82 224 35 179 132 240 89 231 184 108 114 78
Cost 159303
Time 187.587
