Route #1: 167 168 194 162 224 130 206 217 255 83 190 253 28 84 243 250 7 66 111 56 88 86 41 225 148
Route #2: 247 216 155 203 235 144 191 207 186 25 223 62 174 153 240 46 114 254 249 13 6 57 105 123
Route #3: 54 106 177 76 136 77 78 189 179 132 185 34 48 47 197 107 157 188 156 237 145 151 222
Route #4: 64 115 173 242 226 233 252 208 248 122 110 137 96 17 70 95 184 241 228 230 139 198 221 220
Route #5: 85 234 229 218 219 199 165 160 166 169 175 141 116 152 50 33 127 134 170 171 161 227
Route #6: 211 120 205 214 36 29 201 143 125 212 232 192 129 117 131 164 51 181 103 26 124 100 52 93 147 104
Route #7: 42 154 176 172 31 258 49 1 213 18 35 238 109 118 159 133 178 9 24 209 239
Route #8: 43 67 158 79 204 19 150 138 210 98 99 44 91 101 163 30 15 12 11 71 195
Route #9: 244 183 202 149 72 245 89 53 60 55 81 126
Route #10: 92 90 82 73 75 74 63 80 32 59 61 58 45 231 256 40 3 2 38 21 180 236
Route #11: 257 39 22 23 142 20 5 4 182 128 246 259 196 200 69 94 102 27 113 112 14 87
Route #12: 97 108 65 68 37 10 187 215 251 8 16 135 146 121 119 140 193
Cost 88103
Time 864.376
