Route #1: 146 145 120 41 105 78 191 86 99 170 163 160 153 20 119 118 121 126 138 205
Route #2: 177 84 88 87 204 93 94 193 200 199 107 181 101 166 131 103 165 154 66 142 62 42 157
Route #3: 172 189 91 164 161 139 127 79 112 40 65 49 43 137 74 184 185 52 179 183 57 197 186 67 35 77 48
Route #4: 34 180 29 26 60 45 44 27 16 73 225 216 215 90 221 224 89 17 64 61 11 33
Route #5: 192 212 202 5 208 223 3 15 59 56 58 201 214 213 206 194 96 222 162 95 12
Route #6: 133 19 188 190 171 175 210 207 151 150 178 38 18 39 106 218 219 63 169 31 32 149 148
Route #7: 1 136 187 54 167 158 13 140 76 220 115 25 168 70 80 156 144 128 155 104 124 209
Route #8: 130 217 196 122 8 21 24 143 36 50 55 37 23 9 125 7 195 4 10 81 174 53 46 100 176
Route #9: 141 51 92 117 72 135 69 85 82 182 147 110 132 75 6 173 102 22 111 47 116 203
Route #10: 14 71 211 108 152 113 114 129 97 28 109 98 83 68 30 123 159 2 198 134
Cost 112170
Time 397.532
