Route #1: 367 184 174 9 73 206 56 369 220 119 231 11
Route #2: 37 130 395 397 272 383 282 124 203 236 3 214 164 309 368 262 315 274
Route #3: 195 378 243 384 137 61 162 256 123 226 323 375 224 321 339 94 354 358 399 320 115 304 107 90
Route #4: 128 27 219 406 275 314 85 38 317 289 333 169 353 121 370 268 181 344 277 16 111 59 223
Route #5: 156 114 393 135 1 343 302 51 334 198 78 120 33 303 65 92 402 42 322 132 288 227 328
Route #6: 400 103 202 338 246 60 55 265 24 22 247 257 263 364 23 171 18 381 213 325 144
Route #7: 112 318 44 260 106 330 389 285 342 326 245 391 14 35 340 205 145 298 133 297 200 84 167 283 148
Route #8: 17 176 312 72 166 100 131 25 239 46 69 351 335
Route #9: 269 173 159 109 4 212 403 337 10 382 147 87 41 2 267 93 129 270 127 292 179
Route #10: 396 329 244 208 281 91 13 300 316 290 360 293 234 75 249 187 182 301 193 192 172 175 225
Route #11: 385 366 142 118 113 336 191 241 228 80 89 39 365 67 217 151 57 63 134 158 310 363 68
Route #12: 105 204 185 32 168 5 259 347
Route #13: 49 141 295 34 31 45 253 405 126 216 30 161 163 186 398 50 62 48 379 183 401 76 199 54
Route #14: 177 372 70 240 284 361 149 79 15 170 287 250 104 160 136 332 313 189 294
Route #15: 86 108 311 299 207 155 252 40 6 52 96 154 404 138 255 152 215 88 196 143
Route #16: 276 376 110 21 178 47 238 201 286 380 12 377 197 218 153 355 83 392 139 116
Route #17: 307 271 95 209 150 273 77 221 211 387 278 237 82 122 306 98 102 8 117 230 291 386 258 53
Route #18: 97 43 264 19 279 388 29 99 280 331 28 348 324 352 26 210 64 194 254 229 101 362 222
Route #19: 345 296 261 188 58 180 233 349 190 371 341 373 308 357 157 125 7 394 71 20 242 359 356 319
Route #20: 305 390 81 251 346 36 165 374 66 248 327 140 74 266 146 232 235 350
Cost 231795
Time 973.931
