Route #1: 62 72 43 118 19 305 344 2 135 208 205 219 326 290
Route #2: 147 397 96 371 425 226 225 204 404 105 161 188 449 10 429 424 352 295
Route #3: 125 195 266 271 440 395 138 79 153 413 365 296 300 428
Route #4: 245 283 316 334 137 401 131 9 444 313 60 342 467 327 68 40 442 141 411
Route #5: 416 101 218 42 39 360 85 318 213 122 396 169 335 310 435 44 178 306
Route #6: 417 430 470 196 12 210 462 149 102 112 70 455 469 194 464 175 376 111 84
Route #7: 448 221 254 267 454 18 231 160 5 253 298 250 246 142 272 278 264 120
Route #8: 97 100 422 431 466 190 89 114 17 34 324 232 90 168 52 7 11 443 181 180 107 103
Route #9: 106 109 93 115 87 187 59 98 58 409 412 279 280 32 445 261 452
Route #10: 465 152 281 297 282 173 129 75 260 99 150 82 25 338 229 48 177 56 110
Route #11: 426 355 350 383 294 227 341 189 340 92 95 164 438 374 381 308 312 320 202 358
Route #12: 406 241 463 333 403 83 67 302 289 293 35 380 343 453 447 434 398
Route #13: 24 314 446 303 328 154 6 437 64 457 408 399 133 414 373 458 183 121
Route #14: 124 439 357 336 362 86 140 15 309 461 41 159 55 20 223 420 285 165 215 415
Route #15: 375 270 346 377 80 130 192 255 240 128 132 119 170 387 386 259 456 468 315 301 432 211
Route #16: 410 367 379 148 31 419 146 145 123 134 427 276 385 242 237 372 66 331 423
Route #17: 71 222 433 321 418 384 69 21 185 22 421 348 127 197 29 28 220 228 287 214 325
Route #18: 291 74 171 76 339 345 157 292 166 356 392 38 13 307 230 151 3 155 37 319 136 78
Route #19: 47 273 163 251 248 249 256 394 257 252 236 244 46 65 88 191 172 174 235 144 186 182 176
Route #20: 351 332 54 209 238 94 16 262 45 460 269 274 4 14 23 450 451 198 193 179 207 49 50
Route #21: 53 389 203 156 288 233 57 33 359 27 368 459 61 402 323 284 217 363 441
Route #22: 369 349 263 265 51 400 304 258 330 234 390 391 337 26 353 370 388
Route #23: 116 224 311 216 1 393 117 436 73 36 247 184 200 167 158 199 201 354 286 243
Route #24: 277 322 275 81 77 30 239 382 63 268 364 212 405 366 91
Route #25: 143 317 378 108 126 299 361 347 329 113 139 206 407 8 162 104
Cost 249514
Time 913.455
