Route #1: 128 165 120 176 182 265 215 296 87 319 235 133 244 186 161
Route #2: 254 35 95 207 108 300 342 338 114 203 233 123 340 298 148 24 55 181 347 370 303 96
Route #3: 150 195 275 7 194 310 326 358 97 311 6 19 39 293 327 117 145 278 199 255 201
Route #4: 33 83 68 144 130 162 47 69 313 344 346 37 44 289 253 356 184 284 353 361 154 239 302 43
Route #5: 273 331 320 230 71 180 22 238 294 318 252 334 141 232 31 246 333 73 357 312 231 115 218 51 281 134
Route #6: 59 324 349 306 364 153 54 341 226 271 2 8 288 352 140 325 360 227 30 119 16
Route #7: 168 316 169 368 70 137 158 297 79 200 304 305 26 112 208 15 330 85
Route #8: 350 366 132 65 242 247 63 210 91 75 60 237 3 174 286 307 332 202 290 371
Route #9: 276 191 103 4 57 299 5 321 61 110 348 152 151 118 17 80 101 156 363 129 170 52 113 56 155
Route #10: 14 229 212 147 339 146 216 1 236 224 263 48 125 367 18
Route #11: 205 362 204 345 159 67 98 248 274 308 23 127 42 167 301 267 355 38 10 32 269 217 36 260 272
Route #12: 240 314 323 234 262 270 12 135 268 291 131 183 172 64 74 136 179 11 282 142 164
Route #13: 221 228 258 219 328 111 206 192 250 34 315 100 139 76 126 351 245 292
Route #14: 178 88 27 188 9 107 177 166 354 336 279 343 163 53 160 94 82 277 220 121
Route #15: 49 190 365 285 243 257 13 46 143 25 62 189 84 86 109 211 173 213 20 256 264 222 157
Route #16: 28 81 261 225 337 175 335 40 99 124 280 116 78 66 89 93
Route #17: 187 138 104 197 223 209 105 149 29 283 106 58 329 309 259 198 77 266 322 45 214 171
Route #18: 72 193 249 359 196 92 295 185 21 287 369 90 50 122 251 102 317 41 241
Cost 154782
Time 306.306
