Route #1: 102 383 364 240 354 351 320 402 57 8 227 124 326 391 309 144 418 413 310 170 395
Route #2: 264 158 278 29 455 136 12 422 27 204 194 9 126 50 312 187 289
Route #3: 282 257 434 159 396 48 437 363 218 352 393 291 24 439 210 400 425 44 129 253
Route #4: 61 220 99 202 276 432 401 108 83 117 139 70 231 140 201 286 359 211 356 381
Route #5: 254 241 259 273 336 348 430 69 370 225 216 54 105 435 397 428 436 234 207 131 56 82 345 127
Route #6: 152 122 317 329 341 161 232 237 280 339 290 417 431 265 208 4 376 244 149 420 250 235 266 23
Route #7: 176 419 361 306 374 199 154 410 411 93 20 79 47 81 238 299 424 449 228 346 301 91 78
Route #8: 137 224 426 5 295 180 16 260 270 293 304 41 256 111 73 421 285 92 375
Route #9: 447 32 200 316 384 31 412 188 141 143 414 233 255 167 389 398 371 343 387 340 95 162 97
Route #10: 11 115 43 297 88 229 198 365 94 444 408 319 169 405 51 37 355 77 388 349 160 261 183 2 386
Route #11: 128 13 101 456 239 130 457 196 66 86 145 80 335 153 394 90 267
Route #12: 219 156 53 197 427 120 147 249 214 163 268 142 76
Route #13: 193 67 38 150 40 98 272 192 377 212 15 113 366 423 275 89 35 263 189 338 245 223 315
Route #14: 438 221 369 166 378 269 373 104 452 6 281 22 63 59 372 311 172 321 284 258
Route #15: 58 308 46 19 186 247 45 135 100 110 307 342 262 404 191 283 271 203 168 454
Route #16: 25 148 96 39 252 327 33 146 55 322 68 36 49 368 10 34 332 213 217 433 182 109
Route #17: 65 296 323 415 303 123 292 453 138 236 205 243 358 71 382 446 441 85 215 116 274 324 379 451 318 164
Route #18: 230 334 177 184 62 409 14 195 30 350 28 121 64 416 226 314 248 302 333 206 17 1
Route #19: 448 178 106 84 313 390 114 325 103 112 330 305 407 406 171
Route #20: 445 222 353 42 242 209 133 125 385 279 26 344 185 429 362 367 175 155 173 87 360 337 298 440
Route #21: 357 179 277 119 246 165 18 380 174 300 328 442 450 107 134 294 21
Route #22: 60 287 347 392 75 399 157 118 72 7 132 3 288 251 74 331 52 190 151 181 443 403
Cost 241355
Time 300.234
