Route #1: 355 4 180 318 149 324 48 130 394 233 289 388 107 309 323 12 280 242 71 254 340 354 73 215
Route #2: 2 347 123 202 268 153 360 375 377 356 37 251 379 17 264 357 235 77 195
Route #3: 315 185 400 173 172 337 316 35 49 62 338 9
Route #4: 5 50 249 80 317 346 314 368 47 277 156 365 68 214 102 230 103 189 297 70 307 16 284 64 182
Route #5: 352 51 200 302 147 207 248 46 334 285 291 274 41 216 392 225 7 310 105 260 169 127
Route #6: 290 358 109 372 273 57 370 135 270 250 286 137 44 234 132 27 95 222 390 241 293 25 396 303 116
Route #7: 140 393 159 191 90 83 124 213 163 52 76 122 21 28
Route #8: 174 288 253 374 197 170 151 353 231 66 177 397 330 266 224 363 308 389 305 269 201 190
Route #9: 257 296 391 265 304 184 232 237 6 136 313 209 86 403 371 87 258 67 238
Route #10: 96 45 271 325 104 362 283 367 22 359 263 134 160 246 166 272 381 276 320
Route #11: 171 342 78 194 311 141 150 312 227 23 114 18 40 120 196
Route #12: 175 36 82 115 221 223 100 93 373 226 164 108 255 92 29 24 181 321 99 287 65 106
Route #13: 88 345 380 295 188 89 331 212 167 348 300 138 301 339 117 60 382 267
Route #14: 30 15 42 39 244 112 204 154 129 239 245 152 53 292 31 205 145 319 217 387
Route #15: 179 208 58 211 261 55 74 146 344 10 252 206 384 336 8
Route #16: 19 228 91 20 193 133 118 54 101 97 350 33
Route #17: 328 43 275 299 85 61 220 326 75 395 111 322 14 210 143 183 256 128 126 383
Route #18: 63 306 121 378 351 366 84 162 157 398 148 332 13 72
Route #19: 139 281 361 259 176 240 26 278 3 1 158 199 386 298 192 335
Route #20: 282 385 165 131 144 187 125 333 178 376 81 329 34 11 364 203 327
Route #21: 401 79 218 38 119 369 236 69 32 402 247 94 161 142 98 349
Route #22: 341 262 198 110 399 294 343 186 113 229 168 279 219 59 243 155 56
Cost 247204
Time 327.021
