Route #1: 310 166 241 292 109 145 302 245
Route #2: 131 48 248 272 210 35 76 320 146 117 115 184 185 116 150 252 270 19 113 342 271 160 15 13
Route #3: 234 313 62 88 308 26 24 265 175 268 330 28 141 148 325 345 123 93
Route #4: 69 324 346 193 10 337 276 54 32 263 212 162 53
Route #5: 133 165 151 282 3 181 7 182 280 38 147 254 94 128 152 41 196 288
Route #6: 264 211 277 77 206 49 309 290 209 154 6 29 281 296 68 112 132 92 208 317
Route #7: 198 80 339 316 224 322 244 176 20 57 213
Route #8: 40 155 217 293 114 197 170 23 143 136 167 295 60 171 195 36 225 140 189 340 83 159
Route #9: 85 178 8 2 315 299 203 65 279 219 306 22 249 190 304 118 237 130 17 218
Route #10: 89 103 273 122 45 11 191 1 334 314 87 250 161 192 177 120 275 347 202 144 101
Route #11: 105 90 333 336 222 236 37 312 335 321 194 239 9 227 82 5 84 18 149 180 97
Route #12: 96 30 232 164 173 283 188 215 341 205 169 257 73 327 235 261 221 214 46 127 39 61 307 220
Route #13: 186 111 75 98 267 66 291 278 168 158 207 228 27 56 135 179 55 251 163 200 67 174 78
Route #14: 106 86 44 81 305 260 104 25 266 230 201 70 139 74 223 332 187 262 253 142
Route #15: 284 125 319 343 50 52 12 331 91 300 95 124 14 274 102 242 311
Route #16: 238 79 51 285 156 298 247 287 21 326 100 134 16 157 216 323 138
Route #17: 42 258 344 31 137 129 126 107 72 99 172 259 286 318 289 338 329 328 243
Route #18: 303 255 63 204 121 294 71 297 43 226 59
Route #19: 64 4 246 233 34 231 301 108 229 240 199 110 33 58 47 153 256 183 269 119
Cost 252166
Time 394.881
