Route #1: 102 242 275 74 249 233 44 134 148 58 298 97 177 28 171 221 70 66 105 245 168 267 83
Route #2: 222 157 77 120 174 266 179 318 180 289 183 248 257 140 22 147 127 146 305
Route #3: 160 330 237 71 175 152 216 16 141 263 112 118 291 276 326 48 322 223 255 207 182 329 252 150
Route #4: 202 40 151 200 49 125 268 224 143 225 220 124 138 137 239 185 192
Route #5: 67 218 274 84 176 35 41 23 126 316 142 231 80 205 15 122 203 109 314 54 103
Route #6: 87 210 117 149 243 240 272 227 181 50 313 325 57 21 247 290 73 320 90 229 121
Route #7: 135 43 65 178 170 198 273 98 280 256 113 91 47 86 187 106 321 226 214 7 95 24
Route #8: 271 328 11 130 25 76 12 254 133 292 111 251 155 293 190 154 62 278 232
Route #9: 60 131 208 265 20 197 250 5 259 212 85 270 230 199 6 17 165 18 296
Route #10: 81 188 215 302 69 136 64 317 201 261 33 288 8 29
Route #11: 310 93 59 75 19 82 236 277 96 31 14 108 114 206 169 100 315 244 163 2 110
Route #12: 319 63 10 235 13 4 55 145 194 195 107 26 324 297 307 193 327 246 282 287 46 264
Route #13: 27 3 53 303 186 258 269 61 281 115 301 299 219 189 161 38 123 300 37 209 213 309
Route #14: 99 68 132 156 162 260 32 36 191 89 172 144 217 241 234 92 78 173 158 283 94 72 128 88 253
Route #15: 284 116 323 119 139 52 304 104 9 184 196 211 228 34 164 279 167 166 159 79 312 262 294 285
Route #16: 51 238 153 101 295 56 30 308 204 286 129 306 39 1 311 45 42
Cost 195634
Time 234.395
