Route #1: 313 293 279 213 191 175 129 43 59 46 397 234 249 274 275 257 273 277 311 370
Route #2: 113 254 395 193 238 21 270 144 350 406 146 26 7 236 391 229 240 5 31 167 18 371
Route #3: 258 157 131 362 372 37 72 27 218 168 60 289 285 312 332 99
Route #4: 363 302 355 267 123 177 73 330 301 158 89 67 107 56 337 336 334 346
Route #5: 243 230 327 196 136 172 223 105 325 140 388 361 344 215 189 280 315 294 185 162 366 278
Route #6: 281 138 184 291 135 287 320 155 163 159 137 125 116 101 360 14 104 34 41 17 25 176 86
Route #7: 78 77 128 71 324 153 23 36 3 58 10 88 1 74 309 317 382 306 130 145
Route #8: 205 199 359 221 127 174 352 288 24 203 380 198 262 264 368 231 242 226 225 220 219 210 304 179 143
Route #9: 295 292 80 183 4 331 354 316 103 201 283 97 70 148 132 121 407 400 32 381 265
Route #10: 178 390 204 206 156 147 342 349 106 261 396 47 114 377 374 373 376 165 387
Route #11: 68 186 228 208 405 233 239 166 181 255 235 290 65 66 348 90 102 109 341 195 141 11 194 8
Route #12: 401 164 345 182 408 45 180 200 54 389 112 276 269 268 81 282 272
Route #13: 224 335 326 93 150 169 173 222 139 142 197 187 28
Route #14: 300 358 271 134 57 338 75 12 48 84 151 38 244 6 33
Route #15: 353 192 161 53 299 319 394 149 298 124 305 171 154 64 126 217 247 251 266
Route #16: 87 340 329 357 13 250 2 120 55 379 259 62 40 399 152 16 296 207 98 260
Route #17: 92 119 117 15 108 241 212 122 190 100 115 110 392 409 398 30 118 160
Route #18: 133 85 170 19 256 328 384 9 96 95 83 91 35 79 63
Route #19: 111 94 318 232 356 314 393 263 343 308 245 82 211 188 209 237 403 365
Route #20: 385 367 383 76 333 61 42 216 214 49 227 20 253 351 378 386 402 322 246 248 252
Route #21: 323 339 375 347 303 310 69 286 284 297 22 39 50 52 51 44 29 307 321 404 364 202 369
Cost 237218
Time 429.947
