Route #1: 122 382 346 413 417 19 102 343 305 369 393 291 248 52
Route #2: 238 406 339 259 187 306 249 322 274 316 320 271 74 366 78 402 71 215 387
Route #3: 99 30 264 266 33 8 148 161 325 337 254 255 197 85 296 275
Route #4: 273 386 217 194 172 32 294 192 87 189 233 241 416 267 401 420 400
Route #5: 39 165 154 146 183 144 116 131 377 27 350 65 378 240 133 289 105 173
Route #6: 206 284 149 155 170 236 326 245 242 243 153 23 56 312 362 411 379 60 336 285 15 246
Route #7: 341 134 226 211 175 143 132 129 118 104 107 127 342 113 128 191 208 231 218 280 26 28
Route #8: 335 35 414 359 156 340 235 292 212 358 360 355 357 351 47 314 319 334
Route #9: 25 190 166 139 73 141 86 34 112 234 93 303 123 392 58 185 77 354 2 178
Route #10: 57 151 349 188 321 307 37 247 117 12 260 232 40 9 220 224 297 223
Route #11: 138 94 298 66 119 98 163 265 64 126 309 277 331 20 29 384 216 276 150 221 408 171 313
Route #12: 158 111 310 18 214 13 36 225 409 196 198 199 200 180 169 244 11 5 44 195 14 315 24
Route #13: 352 300 22 70 136 318 137 125 184 124 412 404 405 230 272 268 38 356 83 376
Route #14: 227 347 63 261 394 287 301 324 147 410 311 323 252 344 106 295 371
Route #15: 361 193 202 308 286 256 290 262 181 152 46 54 84 135 204 3 304 257 45 79 403
Route #16: 329 373 279 176 263 389 120 68 115 364 370 69 157 399 415 407 41 182 203
Route #17: 372 330 293 17 332 327 250 201 130 391 328 288 4 367 374 140 396 383
Route #18: 213 345 269 317 164 142 381 10 228 62 282 100 333 6 51 365 299 92 67 338 186 251 258
Route #19: 385 390 145 237 21 278 210 283 81 375
Route #20: 43 368 7 207 281 253 229 219 114 80 61 353 103 239 419 388 179 1 95 49 168
Route #21: 121 48 348 205 302 159 177 76 418 209 31 363 16 222 89 96 42 380 55 398 101
Route #22: 174 97 109 108 82 88 91 90 53 167 50 59 110 75 162 395 160 397 270 72
Cost 219759
Time 409.099
