Route #1: 215 219 170 105 54 58 36 193 199 167 194 202 198 132 64 28 71 25 34 174 183
Route #2: 221 228 43 227 13 72 74 19 192 48 208 79 218 189 9 188 22 23 175 110 186 47 35
Route #3: 187 181 56 32 101 17 66 3 41 150 239 95 237 92 14 124 176 169 147 52 112
Route #4: 145 42 201 77 78 12 8 220 21 241 63 57 106 27 31 139 168 138 244 245 133 109
Route #5: 214 195 164 216 226 116 136 149 11 20 6 184 165 161 73 235 158
Route #6: 177 10 29 173 178 179 180 140 163 210 185 171 156 97 129 130 154 162 123 238
Route #7: 225 236 190 159 243 85 115 111 152 143 113 224 75 217 248 212
Route #8: 137 122 91 88 197 200 5 87 222 107 51 207 211 142 209 45 37 53 89 223 65 127 60
Route #9: 242 141 96 135 69 39 84 100 55 82 93 128 230 246 247 232 231 234 233 240
Route #10: 4 76 146 104 99 98 1 2 62 121 125 59 144 213 38 191 30 40 44 81 126 157 16
Route #11: 24 61 18 67 155 68 166 196 172 229 50 203 148 70 49 26 103 86 131
Route #12: 206 108 120 182 153 83 151 160 134 15 118 114 117 119 204 205 102 90 94 33 80 7 46
Cost 137296
Time 286.422
