Route #1: 327 131 213 31 104 343 287 72 275 147 130
Route #2: 239 210 218 219 193 234 232 207 206 229 336 269 270 156 317 267 205 235 308 305 295 265 272 321 39
Route #3: 268 240 208 233 334 209 166 155 301 125 113 85 49 23 363 360 355 26 64 12
Route #4: 325 307 306 323 290 78 150 241 330 6 320 161 204 38 103 375 297 148 224 310 230
Route #5: 200 107 211 192 177 165 380 178 176 366 183 184 129 55 216 146 347 127 377 111 33 100 160
Route #6: 128 52 86 82 333 277 346 369 367 35 364 368 121 48 70 71 66 59 87 22 353 58 102
Route #7: 227 342 112 352 109 16 25 36 157 228 300 258 167 149 332 356 361 359 281 173 242 373 106 89 37
Route #8: 217 351 21 266 24 47 101 322 201 143 180 202 83 255 226 138 158 56 137 191 245 212
Route #9: 256 260 249 231 99 62 151 61 42 195 350 294 95 299 264 169 175 203 378 20 164 179 214 278 279 329 97 34
Route #10: 285 81 280 154 186 372 315 105 271 282 170 273 198 50 15 284
Route #11: 9 94 122 108 319 5 251 250 298 152 358 337 340 115 293 189 76 98 188 120 379 68 18 118
Route #12: 142 75 159 222 43 136 331 172 133 185 145 257 244 14 381 10 292 283 221 345 126 296 67 92 141
Route #13: 365 349 163 28 13 119 289 303 174 341 96 302 40 114 339 194 335 259 182 51 4 30
Route #14: 46 181 116 11 140 117 132 311 2 53 3 215 328 190 8 32 238 54 338
Route #15: 263 312 196 17 237 88 80 261 57
Route #16: 247 225 171 309 63 45 90 65 243 253 276 19 262 246 291 370 162 371 324 168 220 286 44
Route #17: 60 223 74 304 41 69 73 197 91 123 153 313 354 252 79
Route #18: 326 135 314 1 318 254 288 357 7 93 199 144 139 124 84
Route #19: 29 274 110 77 236 248 134 374 376 348 344 27 187 316 362
Cost 129532
Time 383.123
