Route #1: 128 189 45 19 176 55 170 38 25 53 32 151 4 65
Route #2: 21 98 46 51 157 92 133 129 197 192 89 75 179 86 83
Route #3: 61 184 144 117 52 35 47 44 72 13 7 178
Route #4: 123 18 141 2 126 42 187 149 22 1 112 118 183 73 30 131 74 8 95 190
Route #5: 113 50 146 168 124 200 24 105 12 104 93 43 29 115 101 193 81
Route #6: 23 119 136 109 70 191 199 91 80 147 15 156 31 16
Route #7: 108 134 6 49 143 116 48 154 76 100 175 17 162 153 177 138
Route #8: 148 180 139 174 171 5 26 27 159 196 90 37
Route #9: 94 140 28 77 111 33 125 164 106 160 71
Route #10: 152 186 39 11 142 68 145 194 96 103
Route #11: 60 97 36 195 59 63 64 155 166 10 188 181 182 127 99 58 163 137 110
Route #12: 185 85 14 114 198 78 69 3 9 40 172 57 62 88 121 165 122 56
Route #13: 54 158 102 173 66 161 82 20 169 132 34 107 120 41 135 67 79 167 84 87 130 150
Cost 174610
Time 116.727
