Route #1: 3 243 17 271 273 27 35 74 59 79 32 30 272 15 11
Route #2: 277 259 274 258 2 246 4 231 228 8 211 214 226 227 285 268
Route #3: 10 29 34 213 26 25 7 212 229 232 241 69 68 62 106 78 217 28 190 179
Route #4: 270 250 254 176 198 239 236 234 237 235 238 286 152 266 155 177 205 215 218
Route #5: 245 280 284 188 191 5 133 121 140 139 115 136 255 257 260 263 281 283
Route #6: 187 180 174 209 172 168 163 164 182 175 196 186 178 181 165 169 199 185 95 247 256
Route #7: 108 127 134 195 242 210 202 201 162 132 200 275 135 252 249 166 170 161 204 197 192 189 147 122
Route #8: 76 129 131 193 57 149 222 230 233 53 43 40 267 208 216 203 154 156
Route #9: 97 109 143 146 151 116 142 148 119 103 94 110 118 105 83 84 24 42 44 49
Route #10: 219 1 282 276 66 58 55 167 269 221 89 207 279 173 248 38 46 102 48 67 77
Route #11: 261 22 47 39 88 86 85 73 65 80 37 20 9 111 63 14 107 21 82
Route #12: 90 96 60 12 13 120 117 144 153 157 158 160 130 124 71 72 51 50 31 240 113
Route #13: 87 64 19 224 223 23 251 194 114 262 225 171 36 54 220
Route #14: 33 278 265 41 93 104 128 183 100 6 184 159 18 145 206 264 137 92 253 123 56
Route #15: 75 45 112 81 138 126 141 244 150 91 98 99 61 52 101 70 16 125
Cost 105490
Time 580.224
