Route #1: 216 90 144 298 295 285 301 6 277 279 70 68 64 63 60 288 302 287 283 275 260
Route #2: 212 273 221 253 255 251 242 235 233 247 304 259 294 292 267 219 240 92 249 252 232 234 225 124
Route #3: 35 274 116 16 248 305 10 257 18 258 265 27 278 29 42 282 76 299 300 19 21 22 24 23 82 81 284
Route #4: 43 12 30 45 39 88 308 109 110 117 268 112 307 5 246 243 254 17 228 154
Route #5: 245 101 111 128 133 289 276 137 270 127 218 121 123 208 217 96 172 174 175 98 241 297 280 171 250
Route #6: 130 207 203 187 150 167 286 236 200 179 189 138 210 149 155 151 142 145 153 106 105 119 159 161 201
Route #7: 46 53 72 135 136 226 223 146 129 170 224 141 229 122 115 125 134 132 78 87 269 264 100
Route #8: 55 120 169 3 186 178 58 160 199 180 157 20 50 108 9 57 99 227
Route #9: 231 196 80 86 230 197 103 113 71 107 97 75 85 79 192 139 213
Route #10: 65 77 91 222 214 194 162 140 188 158 143 118 182 73 165 148 147 93 40 61 4
Route #11: 293 303 15 44 1 14 52 74 102 131 32 94 126 104 95 69 156 206 261 168
Route #12: 33 164 13 272 34 41 38 193 211 215 209 28 37 54 36 51 89 306 11 8 183 163
Route #13: 31 256 244 220 239 25 152 195 237 84 263 190 185 176 49 56 181 202 262 83 2 238
Route #14: 204 177 191 296 47 291 7 271 62 66 67 59 290 281 48 266 114 26 184 166 198 173 205
Cost 150033
Time 646.461
