Route #1: 7 27 105 57 168 145 111 136 125 204
Route #2: 93 159 92 179 117 119 162 144 184 42 120 160
Route #3: 199 131 77 37 163 167 130 60 189 3 107 56
Route #4: 32 30 198 139 87 33 61 112 134 66 181 185 48 205
Route #5: 135 20 121 126 116 26 110 202 152 64 94 39 67 100 25 115 190 197
Route #6: 38 169 34 80 165 113 183 21 108 99 84 138 54 140 22 203 150 129 118 89 10 28 147 11
Route #7: 62 43 164 170 16 186 128 176 172 114 90 36 71 18 132 83 177 149 141 142 154 63 91 50 188 6
Route #8: 95 19 201 151 81 73 173 45 175 5 146 143 195 137 133
Route #9: 55 1 122 161 65 9 24 153 180 69 51 47 194 2
Route #10: 68 59 46 148 41 97 4
Route #11: 72 40 158 191 187 58 82 15 75 109 98 44 29 85 106 53 174 200 192 88 155
Route #12: 124 104 101 103 70 79 102 156 49 13 96 171 166
Route #13: 35 178 123 8 127 17 78 157 182 52 23 31 86 74 14 76 12 196 193
Cost 165126
Time 178.277
