Route #1: 222 168 148 145 142 227 176 204 154 206 226 129 165 175 170 112 103 104 106 110 181 179 190 189
Route #2: 255 16 269 245 132 134 299 139 153 152 136 205 141 178 172 118 215 159 173 87 84 77 1 107 62 283 67
Route #3: 99 223 57 56 164 73 82 131 111 115 157 184 98 200 105 230 225 81 220 54 219 216 221 246 248 123
Route #4: 224 211 186 195 322 197 174 171 47 49 102 20 55 61 60 183 198 208 209 236 254 314 10 298 303 53
Route #5: 272 11 274 96 285 268 259 247 257 249 244 261 256 258 252 260 320 276 270 9 279 324 7 275 271 266
Route #6: 138 71 80 318 312 185 26 287 286 21 92 253 109 293 301 122 119 95 100 327 308 135 239 133
Route #7: 235 265 277 294 273 69 313 319 52 125 127 41 46 64 24 30 288 304 12 302 267 263 238
Route #8: 242 241 130 311 149 151 32 89 5 45 297 296 295 280 284 290 250 90 264 251
Route #9: 68 321 326 317 281 307 14 188 39 13 191 93 289 291 292 97 74 76 316 38 315 167 59 19 17 70
Route #10: 203 202 228 75 199 144 143 201 217 166 182 278 108 310 262 305 23 325 282 33 58 4
Route #11: 79 306 128 140 147 48 31 50 231 29 120 78 40 51 214 232 243 25 3 15 2 65 43 240
Route #12: 137 180 63 72 101 113 117 210 146 196 44 66 207 234 121 116 309 150
Route #13: 328 323 91 161 163 229 192 160 169 126 27 114 212 94 42 36 37 8 233 22 187 194 300
Route #14: 124 218 193 213 34 18 85 88 35 155 177 158 156 162 86 83 237 28 6
Cost 147769
Time 511.678
