Route #1: 319 350 22 346 26 76 10 348 29 359 34 28 344 329 325 272
Route #2: 355 352 342 331 330 358 338 13 16 19 24 280 347 261 61 88 306 7 106 18 9 4
Route #3: 333 343 341 320 252 266 294 295 288 276 271 225 218 286 243 308
Route #4: 353 312 354 268 265 248 197 345 189 190 221 234 269 242 235 107 5 278 297
Route #5: 291 277 17 11 153 102 101 8 98 176 3 12 236 263 270 15 290 316 318
Route #6: 360 357 2 214 213 310 192 212 211 215 304 324 249 264 267 258 246 336 317 311 334
Route #7: 285 247 273 226 230 260 216 202 203 229 209 208 205 245 255 185 181 173 191 174 172 164
Route #8: 254 240 223 232 274 193 227 166 228 178 206 194 183 157 147 163 125 79
Route #9: 127 195 186 182 167 224 152 239 244 256 259 139 250 143 207 198 110 160 94 113 91
Route #10: 301 313 72 69 118 97 96 146 159 165 104 103 149 283 126 299 154 142 105 136 144 340
Route #11: 158 132 282 281 293 305 314 138 339 322 323 60 43 45 287 42 49 35 36
Route #12: 349 62 95 119 122 116 115 100 111 188 200 145 201 155 148 150 141 130 161 199 53
Route #13: 257 279 140 175 332 289 302 292 262 219 52 58 177 37 315 321 73 71 210 251 284 351
Route #14: 275 90 298 241 222 337 109 108 1 253 180 238 30 204 356 38 237 117 309
Route #15: 187 32 48 54 40 65 82 57 51 67 33 47 89 59 123 63 68 70 20 92 120 129
Route #16: 78 335 124 114 162 55 50 46 121 112 83 99 25 21 168 41 84 56 14 75 133 300
Route #17: 85 86 80 131 135 31 27 128 171 233 303 39 134 179 220 307 296 327 328
Route #18: 77 169 6 196 217 231 326 44 23 184 156 66 93 87 151 81 74 64 137 170
Cost 128315
Time 705.681
