Route #1: 185 203 29 72 65 20 109 28 250 3 89 77 36 16 133 293 266 273 306 235 233 231
Route #2: 256 56 47 302 8 318 44 40 23 24 317 6 320 13 46 321 316 312 311 297
Route #3: 216 333 118 93 42 45 51 39 30 25 22 78 73 31 285 99 280 334 331 267 329
Route #4: 5 11 287 115 14 27 315 313 309 295 296 276 263 268 272 277 264 262 243 255
Route #5: 249 291 126 308 307 286 288 289 174 220 290 301 119 123 135 134 146 304 323 215 150 68 53
Route #6: 54 74 97 62 110 113 156 108 192 218 70 55 213 217 283 271 279 240 214 88 84 241
Route #7: 158 225 246 239 238 212 195 101 120 183 328 319 184 114 167 221 177 170 182 15 227 224 229 274
Route #8: 50 176 67 75 181 64 168 187 310 178 157 131 121 80 66 32 116 305 298 278 96
Route #9: 71 92 82 275 12 128 252 303 154 211 165 300 164 326 1 171 163 149 160
Route #10: 69 117 142 141 140 18 209 222 179 327 204 169 186 205 242 248 260 198 199 193
Route #11: 136 234 281 230 257 253 226 201 245 261 127 124 175 244 189 180 270 166 138 148
Route #12: 2 107 85 282 294 330 91 210 9 43 87 94 102 130 299 200 202 173 292 223
Route #13: 17 103 322 143 145 161 197 129 125 139 153 232 95 144 81 21 100 259 258 335 194 188 237
Route #14: 251 60 191 190 111 76 112 10 132 38 162 159 207 155 152 172 86 19 284
Route #15: 151 26 79 236 106 59 98 41 83 49 52 247 105 206 48 33 7 137 58 254 228 122
Route #16: 269 325 324 314 208 196 4 90 37 219 35 63 265 57 147 34 104 61 332
Cost 169024
Time 609.631
