Route #1: 210 372 149 126 383 287 139 50 35 397 127 300 402 271 279 150 316 399
Route #2: 253 12 151 164 152 52 10 235 231 232 112 131 132 85 225 191 197 129 3 120 219
Route #3: 352 57 72 229 130 147 7 284 165 157 176 202 137 286 156 163 168 328 161 133 93 53
Route #4: 98 63 75 145 141 180 153 245 58 275 241 154 86 97 41 114 111 49 340 6 199
Route #5: 21 259 218 67 359 358 254 113 306 173 172 22 194 48 5 277 32 265 60 46 103 102
Route #6: 355 119 257 226 234 196 281 204 178 177 244 411 1 239 188 193 2 405 230 252 115 159
Route #7: 206 227 76 77 195 198 349 376 69 8 16 66 83 15 395 105 381 100 94 406 18
Route #8: 303 403 330 329 20 34 33 23 26 47 79 169 297 342 348 375 90 11 17 54 39 62 264 262
Route #9: 268 228 346 270 280 224 148 299 398 309 354 289 182 341 74 384 118 51 211 357 55
Route #10: 44 393 365 336 387 14 87 360 95 409 91 361 88 82 56 391 404 389 371 369 324
Route #11: 247 43 288 282 301 331 326 344 363 356 351 373 380 347 350 334 322 339 292 311
Route #12: 24 407 13 109 30 40 160 64 122 31 37 28 29 125 394 19 116 99 314 302 412 285
Route #13: 315 410 295 296 283 321 333 298 362 304 318 4 45 65 378 71 42 38 374 25 27 323 319 312
Route #14: 36 246 59 377 68 379 110 108 343 320 305 78 408 240 382 223 385 220 221 261 272 327 313
Route #15: 171 167 203 364 184 332 368 396 155 390 353 142 337 386 388 158 401 400 367 123 276 256
Route #16: 266 255 273 291 293 251 269 307 263 413 9 317 325 61 80 308 294 278 290 310 170 175 345 366 370 174 183
Route #17: 89 338 121 138 140 143 135 136 134 213 190 107 96 104 144 128 117 166 237
Route #18: 335 92 106 392 146 101 81 84 181 179 216 70 236 238 243 248 242 209 212 207 73
Route #19: 222 217 192 124 185 201 215 260 267 274 205 189 186 249 250 200 162 258 187 214 208 233
Cost 188354
Time 528.619
