Route #1: 479 493 83 434 454 468 181 64 95 164 307 311 265 427 68 326 296 408 94 92
Route #2: 56 58 465 487 25 115 500 124 119 503 15 491 112 122 117 118 108 41 335 239 329 498
Route #3: 398 144 261 314 482 154 291 321 504 432 345 401 404 428 433 410 421 409 389 346 302
Route #4: 276 457 484 377 6 402 19 384 395 411 413 403 458 446 489 472 494 76 78 5 50 35
Route #5: 353 502 14 13 391 39 300 440 450 463 80 47 44 492 28 480 464 449 54 456 467 471 390 396
Route #6: 255 130 53 344 393 414 431 435 438 469 452 382 495 497 376 394 18 501 29
Route #7: 40 52 26 138 153 159 169 161 176 162 156 43 42 38 158 148 31 439 416 478 386 388 387 444 358
Route #8: 325 22 290 350 333 372 348 368 152 135 150 177 351 369 361 343 341 340 324 315 451 443 319
Route #9: 357 84 455 447 448 55 69 65 96 105 104 453 1 86 89 87 93 85 81 417 429 283 420 322 34 475
Route #10: 336 385 359 371 412 381 367 374 380 437 445 354 352 355 349 370 405 379 366 365 332 459
Route #11: 278 308 249 216 219 253 268 280 305 327 281 303 316 313 356 284 301 134 37 107
Route #12: 250 215 207 187 184 201 228 257 236 206 277 271 264 209 188 309 179 178 218 204 266 282 360 272
Route #13: 167 298 224 232 237 242 221 275 244 241 168 180 100 476
Route #14: 102 223 103 165 116 77 225 63 286 312 248 51 229 486 238 339 199 203 208 142 139 136 422
Route #15: 462 415 45 97 423 140 147 466 214 470 57 189 88 197 243 226 213 231 174 141 145 259 436
Route #16: 378 245 198 185 132 288 20 399 173 172 33 247 338 375 106 30 99 246 7 8 9 426 400
Route #17: 125 210 337 383 334 194 260 473 363 46 217 252 123 74 121 157 131 485 270 202 477 425
Route #18: 392 267 10 304 306 263 200 442 481 48 149 113 163 234 32 72 196 128 222 418
Route #19: 146 373 49 60 186 90 82 109 133 98 293 79 75 70 317 323 211 191 190 127 170 151 192
Route #20: 183 331 364 342 294 175 330 297 274 279 143 195 347 488 285 101 182 166 287 67
Route #21: 120 254 91 227 111 289 318 59 61 193 499 496 11 23 27 4 3 2 137 66 71 230
Route #22: 36 424 233 155 240 269 295 273 73 160 474 310 205 262 220 299 129 490 419 320 235 258 251 62
Route #23: 407 406 171 292 328 397 212 430 460 461 483 12 16 21 24 256 441 17 362 126 114 110
Cost 206524
Time 739.976
