Route #1: 770 549 563 318 664 137 772 6 597 533 589 575 771 484 24 64 384 779 308 398 629 5 706 584 642 519
Route #2: 558 66 82 663 222 460 537 43 870 513 649 607 522 528 241 21 284 420 617 651
Route #3: 382 455 716 656 624 641 634 622 694 553 578 603 736 764 757 610 372 61 119 648 847 625 491 232
Route #4: 68 804 662 780 8 735 344 438 456 286 619 499 417 567 240 652 11 10 598 599 472 225 181 314
Route #5: 271 501 59 458 94 311 426 586 289 554 687 193 840 116 102 120 568 315 257 4 730 650 172 677 606 180 287
Route #6: 249 535 733 436 435 258 84 123 430 90 846 122 381 133 763 600 260 136 459 445 347 371 521
Route #7: 340 534 778 496 520 486 485 360 395 515 655 518 516 440 434 357 665 352 709 301 348 332 331
Route #8: 278 269 794 267 307 336 670 401 416 490 502 233 146 462 259 538 476 452 505 531 532
Route #9: 142 383 202 7 255 500 514 93 150 851 131 126 734 585 489 446 76 208 596 759
Route #10: 74 510 44 295 536 639 557 179 207 104 702 429 230 646 1 839 588 81 197 121 844 415
Route #11: 154 128 795 746 291 721 45 428 686 285 595 42 370 431 361 609 845 144
Route #12: 419 423 465 443 482 385 464 666 783 784 394 78 507 475 325 171 159 196 229 228 874 875
Route #13: 155 75 143 71 214 310 339 457 292 151 112 782 23 19 827 793 594 695 836 14 802 253
Route #14: 246 645 614 813 843 15 796 682 681 683 574 797 477 157 162 480 468 209 195 234
Route #15: 170 838 129 100 268 132 367 368 613 654 481 552 569 9 72 73 379 12 13 857 69 439 194
Route #16: 781 433 105 167 865 191 86 91 206 87 138 280 152 276 89 88 618 345 565 317 556 408 422 566
Route #17: 555 277 264 450 334 412 479 497 835 628 615 509 483 354 350 411 413 407 335 366 470 390 387 580 99
Route #18: 495 526 281 265 541 543 148 185 176 16 739 18 279 298 283 237 349 449 451 282 647 551 147
Route #19: 604 583 548 591 487 488 637 524 676 466 364 252 592 309 266 327 356 406 627 506 747 3
Route #20: 678 106 389 141 756 161 188 254 351 227 199 525 562 386 377 319 363 297 542 272 27 544
Route #21: 160 710 263 601 577 517 512 242 299 211 200 192 198 183 169 182 168 153 328 54 96 492 828
Route #22: 636 409 47 579 581 573 29 570 547 590 638 643 752 817 621 635 722 659 726 661 660
Route #23: 711 727 788 337 403 392 378 632 668 326 320 296 294 787 855 860 877 341 359 274 243 226 210 164
Route #24: 824 848 826 825 696 675 673 679 861 705 704 698 712 26 871 873 33 715 720 145 741 40 46 41 58 35 32 672
Route #25: 140 50 70 244 221 205 107 103 220 247 275 293 330 333 374 754 402 807 831 375 373 799 790 755 231
Route #26: 658 777 749 769 792 806 775 833 805 823 808 820 316 761 745 703 701 689 690 753 713 714
Route #27: 878 30 729 728 49 748 56 108 814 816 800 810 819 818 767 53 85 801 809 125 2 118 822 821
Route #28: 667 719 725 693 760 688 699 685 762 691 742 744 724 737 671 708 684 640 620 700
Route #29: 427 322 692 644 273 245 235 723 738 765 768 773 803 774 751 718 785 786 669
Route #30: 862 750 832 864 829 852 842 732 166 173 109 79 57 25 28 31 880 866 178 879 174 789 849 811 834
Route #31: 707 545 36 117 149 448 218 437 212 127 530 424 587 508 410 52 854 504 812 493 868 653 324
Route #32: 83 358 611 560 550 48 593 576 616 425 731 201 633 248 204 680 856 540 612 608 17
Route #33: 239 498 101 139 329 559 605 223 323 630 124 290 60 791 841 186 184 177 776 158 63 67
Route #34: 130 396 113 503 261 858 22 38 39 110 111 203 98 251 114 92 80 77 572 469 163 758 189 478
Route #35: 190 305 303 463 393 397 421 511 539 602 740 473 631 441 175 447 859 674 582 546
Route #36: 474 571 623 766 872 876 250 236 97 238 187 165 376 215 414 270 444 346 626 461 380 217 523
Route #37: 219 454 313 391 355 342 561 306 300 400 697 717 288 256 362 471 405 404 529 418 37 657 135
Route #38: 365 55 115 134 20 867 869 65 388 95 343 321 51 213 353 262 302 815 304 798 216 224
Route #39: 338 399 527 156 432 312 453 467 837 62 830 442 564 494 369 863 853 743 34 850
Cost 378361
Time 877.715
