Route #1: 60 70 51 130 92 22 225 93
Route #2: 106 129 226 432 11 191 160 140 98 284 16 341 307 188 181
Route #3: 420 468 206 294 319 99 332 86 433 144 3
Route #4: 30 57 69 380 280 46 440 159 7 278 356 337 336 398 110 201 90 435 128 259 165 463
Route #5: 218 442 113 257 101 196 32 222 409 308 242 171 208 143 87 41 412 293 157 348 186 180 248 42 38 455
Route #6: 316 291 304 434 320 219 28 220 67 247 55 326 155 15 339 448
Route #7: 252 147 299 464 59 170 65 71 35 81 466 426 126 454 61 45 193 121 371 292 389 460 224 73 381
Route #8: 12 302 408 414 333 311 115 392 305 258 256 123 366 138 287 372 134 465 342 76 338 62 109
Route #9: 75 8 104 400 21 421 376 100 173 213 151 111 467 166 241 234 36 48 250 377 277 84 116
Route #10: 175 142 94 285 272 266 437 273 2 329 246 236 431 265 469 78 167 288 233 27 295 80 411
Route #11: 240 40 350 355 43 394 415 56 425 172 207 221 449 459 290
Route #12: 102 418 261 383 267 296 306 262 451 362 66 328 312 334 458 317 456 373 419 24
Route #13: 176 33 327 118 228 107 402 10 223 424 401 344 323 429 13
Route #14: 23 390 154 131 177 289 260 203 37 63 453 387 283 413 153 251 210 120 264
Route #15: 54 423 135 17 77 352 204 53 49 301 351
Route #16: 114 357 137 243 50 205 457 445 368 14 18 360 428 331 388 91 436 150 239 231 340 399 148
Route #17: 271 410 430 88 254 255 146 235 125 197 192 361 190 178 127 282 346 183 330 385 47
Route #18: 141 446 403 152 286 417 325 349 39 136 103 105 9 441 89 269 447 276 200 25 391 211 438 370
Route #19: 229 315 169 321 232 263 375 406 5 133 214 359 122 444 179 227 29 345 253 382 279 439 462
Route #20: 343 364 189 44 117 198 374 1 26 82 83 378 182 72 34 405 184 298 365 452
Route #21: 174 274 318 199 215 369 161 354 275 379 163 358 322 58 313 31 443 237 164 397
Route #22: 96 244 363 367 347 74 212 281 393 300 314 230 19 217 108 268 335 97 168 68 85
Route #23: 450 79 124 187 407 303 386 64 270 52 132 209 185 216 427 324 158 6
Route #24: 245 249 422 396 194 404 353 119 145 310 195 202 309 112 162
Route #25: 470 461 4 20 297 95 238 156 395 149 139 416 384
Cost 260140
Time 454.463
