Route #1: 62 28 148 56 218 195 72 193 79 13 223 185 143 295 313 166 297 31 221 30 42 38 91 107 54
Route #2: 238 255 119 233 5 205 141 309 92 299 324 153 279 330 273 243 203 47 276 225
Route #3: 199 1 78 121 139 140 300
Route #4: 182 105 155 280 222 96 227 2 77 192 6 307 204 242 301 50 87 191 328
Route #5: 294 281 94 76 183 206 86 267 7 154 168 101 84 268 271 118 213 202 85 316
Route #6: 61 175 236 130 290 129 312 327 17 176 186 310 45 197 46 315 272 282 117 172
Route #7: 296 110 109 37 209 216 254 111 321 235 270 25 211 263 194 224 219 165 70
Route #8: 26 266 250 89 284 88 241 326 60 68 67 106 138 161 137 35 317 253 48
Route #9: 303 177 122 82 49 256 230 142 163 181 228 53 63 283 245 21 24 133
Route #10: 160 74 150 302 212 171 52 201 113 208 304 16 329 135 115
Route #11: 10 55 287 58 178 252 124 293 251 116 104 73 196
Route #12: 136 128 288 319 90 147 11 318 95 27 8 322 81 323 285 4 325
Route #13: 59 44 311 320 187 308 15 9 239 40 278 156 286 36 125 3
Route #14: 34 145 184 265 103 32 210 112 159 80 237 57 66 173 258 200 277 244 169 292 12
Route #15: 19 217 20 246 264 158 14 99 29 167 108 33 226 298 164 120 71 18 41 220 247 22 65 248
Route #16: 234 249 174 93 100 132 151 305 144 231 134 261 331 291 240 149 131 51 114 260 83 215 75
Route #17: 157 232 180 188 257 170 269 152 275 259 97 69 98 306 198
Route #18: 190 189 126 39 43 274 229 262 123 314 64 289 146 162 214 127 207 23 102 179
Cost 172849
Time 439.066
