Route #1: 15 158 154 28 87 186 50 169 46 157 111 5 195 163 198 146 44 7 74 94
Route #2: 188 121 130 70 56 66 129 120 152 139 99 71 91 219 217 177 63 59
Route #3: 122 95 134 89 181 90 112 191 153 79 43 201 207 165 115 126 68 128 10 106
Route #4: 209 199 83 109 22 189 9 145 82 179 36 183 193 136 187 113 150 216 61 1
Route #5: 13 37 184 104 73 2 160 196 35 24 96 77 72 220 107 185 174 97 76
Route #6: 142 80 3 33 20 123 78 151 215 26 167 164 69 162 147 11
Route #7: 92 170 180 27 148 131 88 211 47 67 23 8 30 124 98 84 205
Route #8: 208 81 64 197 176 143 86 39 62 210 155 57 144 105
Route #9: 29 132 14 206 116 54 31 32 218 103 75 58
Route #10: 119 52 204 45 149 161 4 125 202 182 190 133 203 18 19 40 138 12 114 108 16
Route #11: 212 140 25 85 102 213 51 6 38 117 166 101 194 100 127 214 118 41 21
Route #12: 65 178 60 200 49 135 93 168 156 159 110 34 48 55 141 172 192 17 171 42 137 175 53 173
Cost 169925
Time 185.134
