Route #1: 505 277 514 285 227 180 431 333 311 200 43 356 211 179 477 37 14 303 1 305 107
Route #2: 454 447 209 409 98 212 330 97 488 329 19 206 142 187 301 232 486 238 224 156 220
Route #3: 404 143 138 127 44 298 89 225 332 506 121 345 236 406 284 272 462 435 79 165 374 418
Route #4: 96 397 335 219 39 465 308 77 204 467 291 450 513 17 161 240 400 294 471 182 109 279 424 196
Route #5: 502 131 115 342 136 113 302 214 412 116 326 85 133 139 426 83 453 70 510 267 235 210
Route #6: 20 208 229 341 338 433 169 474 137 395 472 316 217 497 5 242 148 346 425 106 371
Route #7: 264 512 408 339 4 386 475 25 68 439 257 495 38 221 379 385 399 144 321 120 205
Route #8: 443 456 178 123 172 135 499 42 470 259 452 75 7 451 170 292 203 64 382 366 363 215 2
Route #9: 437 275 483 86 72 286 36 175 288 498 280 320 157 176 153 81 190 407 478 317
Route #10: 334 436 152 459 444 419 312 3 401 468 351 504 448 249 396 368 105 239 160 145 391 119 322 493 32
Route #11: 306 265 289 463 274 430 30 423 61 167 256 22
Route #12: 427 56 343 336 376 367 340 31 350 111 446 117 110 509 273 511 387 114
Route #13: 432 9 428 449 73 233 349 440 122 494 319 34 146 103 126 377 213 102
Route #14: 58 24 67 390 40 384 41 141 29 500 48 290 283 101 181 251 92 361 159 403 54 375 503
Route #15: 173 231 250 492 168 466 74 82 381 383 315 348 174 438 183 248 189 228
Route #16: 369 28 171 149 100 324 194 482 23 420 417 243 480 11 27 310 269 166 93 8 246
Route #17: 296 328 62 460 124 18 188 13 59 260 201 281 207 202 49 393 163 331 258 226 155
Route #18: 263 389 314 162 434 47 245 12 282 318 52 469 508 33 415 46 164 262 445 394 365 364
Route #19: 55 51 218 276 295 455 402 140 496 441 185 304 327 222 195 253 26 458
Route #20: 128 491 177 411 313 485 252 360 154 484 16 95 63 309 299 357 392 358 87
Route #21: 66 323 184 490 57 501 65 84 388 473 6 193 278 266 410 234 230 378 479 476 69
Route #22: 216 104 422 80 353 192 287 442 108 21 344 255 151 223 347 125 268 270 359 129 88
Route #23: 429 199 35 158 118 293 297 261 414 71 373 10 186 50 461 134 307 244 254 464 237
Route #24: 94 78 76 481 325 413 354 457 416 191 405 147 198 362 60 380 489 398 337 355 507 197 421
Route #25: 130 247 241 45 53 300 99 271 150 132 15 91 372 487 370 90 352 112
Cost 295001
Time 788.832
