Route #1: 209 171 123 120 271 176 214 178 189 191 175 204 119 168 166 158 159 220 173 132 103 170 182 216 92
Route #2: 48 183 201 202 197 181 81 84 85 66 77 82 86 69 49 160 157 135 303
Route #3: 83 111 116 172 200 208 131 95 118 313 106 97 177 109 186 184 295 12 18 112 19 24 46 50
Route #4: 251 62 51 286 266 146 144 136 125 280 126 284 273 257 121 145 133 195 227 240 221
Route #5: 272 304 22 31 73 29 30 17 268 254 5 247 236 232 253 3 260 13 255 245 312 311
Route #6: 225 276 259 263 258 237 229 233 243 98 264 277 241 297 285 283 279 239 291 215 213 179 199 211
Route #7: 140 288 265 4 207 108 90 78 71 9 309 52 293 42 292 26 269 43 55 289 290 57 242 244 246
Route #8: 59 2 270 96 139 41 1 150 117 165 107 310 261 161 223 228 250 267 238 249 231 224 226
Route #9: 6 287 307 60 63 28 8 218 169 256 274 296 80 70 301 302 294 281 230 219 190
Route #10: 61 206 40 16 188 153 282 25 275 11 180 210 102 167 299 113 101 212 298 74 308 99 193 7
Route #11: 54 45 163 162 33 79 39 306 88 10 14 34 47 58 36 196 122 115 91 192 64 44 248 72
Route #12: 38 23 76 37 203 68 65 124 93 67 89 234 27 53 185 56 222 205 15 87
Route #13: 235 141 143 156 174 35 110 114 105 94 21 154 305 262 252 128 187 217 75 164 100
Route #14: 151 155 152 20 32 148 130 137 149 129 127 198 194 142 138 134 147 104 278 300
Cost 139618
Time 450.811
