Route #1: 168 112 103 66 108 57 10 225 42 206 196 190 115 144 156
Route #2: 207 52 100 220 210 177 141 106 143 87 178 118 133 139 199 111 211
Route #3: 117 33 41 107 55 17 186 2 14 205 86 65 80 114 102 84 138 74 30 28 135 38 110 149
Route #4: 131 12 176 61 121 72 116 54 29 64 101 212 202 91 189 44 60 77 48 129 98 92 182 113 94 192 32 120 136 226 39 184
Route #5: 155 152 157 19 145 68 198 99 31 104 67 213 63 56 51 23 146 40 9 69 45
Route #6: 181 180 228 187 188 147 137 128 75 214 164 158 96 53 97 217 193 170 124 174 82 89 191 194 5 123 70 195 79 230 172 166 165 109 85 203 11
Route #7: 142 46 37 35 105 134 26 36 1 229 7 167 222 216 150 13 201 119 169 179 209 3
Route #8: 122 126 62 127 162 161 24 20 221 16 175 183 185 125 173 83 219 200 59 50
Route #9: 227 8 21 224 153 132 130 88 49 151 93 81 27 208 197 47 171 73 76
Route #10: 78 90 34 160 140 148
Route #11: 58 215 4 223 15 25 163 159 204 18 71 22 218 43 95 154 6
Cost 136476
Time 530.625
