Route #1: 118 195 44 181 12 23 207 70 51 66 1 173 65 4 96 91 127 77 210 116
Route #2: 213 74 124 73 24 38 11 21 30 97 47 32 57 196 169
Route #3: 128 48 45 175 60 111 185 87 138 76 99
Route #4: 37 112 149 13 42 142 113 29 161 6 180 121 206 135
Route #5: 164 174 225 205 145 94 100 16 75 58 19 86
Route #6: 114 143 154 78 84 156 197 139 82 110 9 217 132 123 157 221 67 153
Route #7: 83 167 151 54 204 162 140 27 168 200 212 50 14 160 158 105 216 93 64 193 224
Route #8: 71 52 215 192 208 41 55 136 119 106 144 190 198 214 115 49 63 159
Route #9: 26 179 88 36 178 194 81 176 120 177 155 170 18 163 133 147 17 209 28
Route #10: 201 43 68 148 189 35 202 172 146 101 31 137 109 33 129 56
Route #11: 40 46 218 90 219 211 188 171 222 92 184 141 150 79 3 85 103 152 15 125
Route #12: 191 69 34 134 122 165 220 130 107 5 126 25 7 102 203 61 223 2 39 187
Route #13: 62 72 166 108 117 199 183 8 59 10 104 131 89 95 53 182 98 20 80 186 22
Cost 161241
Time 163.204
