Route #1: 158 35 34 38 120 50 92 89 63 59 81 233 66 52 13 37 138 46 140 44 40 30 28
Route #2: 11 36 43 47 173 160 164 86 151 90 88 75 94 72 103 65 128 80 83 101 82 62 48 145
Route #3: 163 202 143 142 168 137 135 105 39 148 149 161 193 2
Route #4: 98 178 179 96 209 212 119 118 114 215 232 228 108 225 110 156 112 117 210 216 157 169
Route #5: 113 132 84 167 177 182 184 180 171 213 234 104 85 129 133 144 147 155
Route #6: 127 174 71 195 205 188 7 21 219 208 186 192 49 196 16 6 200 10 190 1 185 12 221
Route #7: 238 235 15 95 19 18 102 27 29 68 76 74 230 91 226 79 77 73 189
Route #8: 231 229 222 227 32 60 61 54 26 224 237 53 56 3 201 22 17 236
Route #9: 206 136 191 198 93 106 121 33 152 14 239 187 131 165 159
Route #10: 170 203 42 23 58 150 204 211 218 223 141 8 25 20 99 45 172 197 199 4 220 9
Route #11: 125 69 134 217 87 57 55 100 97 181 124 146 116 115 139 64 31 207 175 109
Route #12: 126 153 176 166 51 162 183 122 78 214 111 70 67 5 41 130 107 24 154 194 123
Cost 123335
Time 850.45
