Route #1: 255 50 321 211 30 150 7 303 23 20 322 160 393 151 119 153 144 57 231 241 93 161
Route #2: 316 40 97 16 186 91 51 367 217 312 122 123 199 37 358 359 224 284
Route #3: 70 148 77 175 61 201 216 94 176 33 100 101 105 81 103 78 14
Route #4: 75 343 299 390 155 257 230 283 275 282 290 249 315 346 331 311 349 361 377 60 63 237 226 137
Route #5: 347 350 116 345 353 268 243 52 32 399 298 276 373 340 238 147 38 26 213 73
Route #6: 344 354 212 235 394 335 310 234 305 239 236 214 269 188 228 210 253 157 120 260
Route #7: 117 374 376 177 388 64 380 378 366 83 95 96 300 102 371 334
Route #8: 288 339 278 295 296
Route #9: 56 221 209 389 227 3 196 202 206 297 368 314 398 248 159 379 232 369 281 12
Route #10: 68 5 39 129 139 262 136 386 271 342 115 318 34 287 44 107 53 82
Route #11: 285 308 357 294 279 29 187 162 190 170 325 31 332 203 302 306 48 304 286
Route #12: 134 181 246 327 320 329 326 319 330 328 180 323 245 251 98
Route #13: 223 87 11 24 133 131 135 79 67 182 364 280 173 174 355 15 145 43 142 74 6 169
Route #14: 118 113 265 218 158 194 152 208 252 36 1 128 247 72 215 205 372 365 149 183
Route #15: 109 256 193 387 10 27 124 21 17 143 110 80 55 42 13 132 45 220 333 179 195 384 140 59
Route #16: 264 19 90 112 191 184 8 233 200 178 165 163 22 2 385 171 250 272 189 360 375 154 66 309
Route #17: 49 219 47 267 58 222 382 381 225 106 240 166 4 41 138 9 383 397 244 362 266
Route #18: 289 336 341 270 172 198 263 88 28 89 197 273 62 69 254
Route #19: 156 204 71 84 167 114 301 18 356 391 127 146 338 125 121 207 111 337 307 229 277 108 25 92
Route #20: 185 363 396 370 85 192 164 104 54 351 35 292 86 168
Route #21: 348 242 99 261 274 130 126 352 293 259 291 76 46 65 258 395 392 313 141 317 324
Cost 216984
Time 718.781
