Route #1: 231 75 50 39 144 12 105 141 115 116 72 54 3 1 66 40 140 104 23 24
Route #2: 32 191 161 132 157 97 228 172 35 174 13 114 19 4 62 67 68 204 2 170 181 177 156 11
Route #3: 73 81 63 86 113 10 31 121 85 108 137 155 149 16 123 82 165 48 151 77 206 224 225
Route #4: 205 148 142 190 147 222 92 215 128 166 130 28 185 226 25 145 159 175 5 36 7
Route #5: 135 152 183 179 61 88 100 99 51 17 47 43 34 9 223 209 79 78 52 118 164 131 193 143 163 65
Route #6: 221 46 107 208 211 26 111 133 110 134 44 45 212 150 58 15 8 70 112 109 160 125 171
Route #7: 20 42 37 38 60 29 14 136 210 27 230 64 76 200 176 218 219 227 22 41 195 194 162
Route #8: 84 129 182 178 154 89 199 30 93 119 216 213 168 186 229 57 83 21 122 74 120 98 18 49 173 167
Route #9: 169 203 192 139 220 106 138 126 127 146 69 117 101 91 80 217 55 87 207 94 214 59 53
Route #10: 187 180 6 90 124 188 95 158 103 202 71 33 102 56 96 153 189 184 201 196 198 197
Cost 70251
Time 714.879
