Route #1: 138 62 40 80 51 153 123 116 152 140 212 82 101 84 88 113 90 127 130 154 136
Route #2: 142 99 92 89 74 85 102 196 20 148 177 174 9 4 179 187 216 208 197 192 14 129 121
Route #3: 147 21 182 183 173 172 195 194 160 158 162 180 168 157 38 146 144 69
Route #4: 17 201 203 32 50 223 53 49 47 37 44 30 23 210 189 16 8 5 176 11 171 224 215 125
Route #5: 68 93 28 98 1 166 190 122 106 81 83 2 213 200 218 209 206 202 205 204 35 12
Route #6: 167 43 198 128 150 184 219 181 175 70 222 54 159 143 139 199 18 155 29 97
Route #7: 178 52 163 137 119 133 36 24 42 15 214 48 207 41 156 141 77 64 95
Route #8: 109 27 124 61 105 217 79 193 72 164 165 66 145 191 3 100 26 151 134 78 161 131 211
Route #9: 132 86 45 188 115 7 114 118 34 103 39 65 25 117 6 46 57 135 110 108 104
Route #10: 13 73 58 94 91 67 71 75 63 56 33 76 170 111 59 60
Route #11: 225 55 19 186 220 169 185 221 10 96 112 107 126 149 120 87 31 22
Cost 109422
Time 355.494
