Route #1: 111 100 156 56 119 84 121 128
Route #2: 248 112 108 290 60 27 90 163 157 15 199 204 155 71 70 74 61 278
Route #3: 262 67 25 1 106 212 45 53 55 40 41 13 142 251 243 148 95
Route #4: 146 280 255 286 76 64 250 150 158 159 26 18 20 38 68 63 78
Route #5: 240 97 43 28 29 281 203 241 94 92 93 288 192 266 302 120 247 214 58
Route #6: 30 17 117 75 72 285 178 282 35 123 118 32 33 116 47 52 46 39 44 149
Route #7: 42 50 37 51 136 31 198 147 211 189 9 260 258 224 223 245 179 34 19 82 22
Route #8: 81 69 65 66 77 113 133 134 182 91 217 234 105 101 191 184 140 135 54 98 57
Route #9: 36 80 87 122 127 130 145 183 188 176 132 103 151 160 107 85 86 138
Route #10: 49 164 162 168 193 167 144 137 126 129 141 139 161 225 171 181 219 169 152 104 48
Route #11: 174 124 110 252 83 271 277 3 166 175 309 115 88 89 96 10 102 109 8 310
Route #12: 210 205 201 170 172 187 186 185 202 194 197 209 215 200 173 165 153 154
Route #13: 308 196 267 190 177 274 276 180 125 292 270 99 114 131 143 195 273 253 249
Route #14: 268 263 207 264 221 226 236 299 300 301 293 220 216 307 218 227 298 229 222 233 303
Route #15: 73 2 79 242 21 230 59 7 5 6 213 208 232 237 231 24 244 62 283
Route #16: 265 235 228 206 254 257 246 239 295 272 279 305 294 291 284 275
Route #17: 306 4 11 287 12 297 16 23 238 261 14 259 256 289 304 296 269
Cost 140216
Time 459.826
