Route #1: 184 58 233 164 173 174 20 143 140 133 25 154 110 236 101 84 93 88 160 37 50
Route #2: 141 127 104 113 77 78 186 208 228 10 234 142 224 81 82 87 19 68 117 100 105 102
Route #3: 196 89 70 66 134 138 136 96 163 166 170 69 85 175 168 144 30 189 190 193 177 67 205 229
Route #4: 153 152 129 40 41 195 97 2 180 232 207 55 119 206 212 213 103 106 204 209
Route #5: 46 65 137 83 61 74 122 90 13 176 16 191 135 24 221 21 22 73 6 98 227
Route #6: 194 201 91 162 108 226 116 109 4 150 60 165 59 31 94 121 120 181 215 44 220 38 118
Route #7: 182 157 155 145 128 124 125 107 151 63 219 203 216 211 210 217 159 158 149 147 148 225
Route #8: 223 198 131 200 199 222 197 188 112 15 1 18 178 146 167 5 29 64 218 161 52 187 171
Route #9: 79 185 172 202 192 230 56 26 86 75 126 132 139 28 8 45 12 39 36 57 42 231 49 214 183
Route #10: 11 95 33 32 235 111 114 115 123 156 92 43 72 54 35 169 3 34 239 130 238
Route #11: 7 9 14 51 76 48 47 62 179 71 99 80 53 23 27 17 237
Cost 84179
Time 736.411
